1948 2001
 1948  -13  -19  -12   78   40  209   20   22 -109  -89   -9  -29
 1949  -13  -35  -10   17  -68  -81   -5    2 -141  -54   -1   59
 1950   -8  -31  -13  -15  -32  -59   59  189  138   97  -14  -18
 1951  -10  -33   -4  -52   93  -70  -12   15  203  360   12  -28
 1952  -13  -38  -13   71   31  -50   30   64  288   66  -19  -26
 1953  -13  -34   -8  -56   56  115  126  -18   50  -38  -16  -14
 1954  -12  362   -7   48  -26   28  117  107  -20   15   35  -29
 1955   -8   39   -8   13    1   71  158   18  144  173  -16    2
 1956  -11   81  -11  -26  -51  -49   78   28   50   26  -15   67
 1957  -12  -39   -9   -7  116   83   56   17  110  164   -7   -1
 1958  -10  -38  -12  -29  -41   45   21  150   43  -21   14  -27
 1959   -6   76  -11  -20   25  -68  -32   61   61  -82  -14  -29
 1960  -13  -39  -10  -50  -13   -6   86  -43   59  -50  -11    8
 1961   -8  -42  -12  -55  -39   31   87   12   55 -116  -20  -29
 1962  -14  -24  -12   71  -34   34   72   78   35   81   19  -28
 1963  -13   45  -13   42  -21  -38  -16   29  -19  232  -19  -29
 1964   -9  -39   -9   44   14   36   88   88   24  -45  -13  213
 1965    2   30  -13  -33  -16  113  -78    6   84  -45  -20  -29
 1966  -13  -40  -11  -28  -40  -18 -146  -57  165  176  -18  -14
 1967  -13  -10   -7  -19  -55  -57    0   44  240  -13  -17   -4
 1968  -13  337  -10  157   -9   -9  -24 -126  -17  -48  -16  -29
 1969  -13  -37  -12  -20  -51  -54  132  -16   13  160  -10  -29
 1970  -13  -40  -11  -17  -29 -123    1  -17   40 -101  -18  -29
 1971  -13  -20   -6  -35  -41  -96  -20  -65  -92 -104  -18   -8
 1972   -9  -38  -13  -15    7   63 -150 -166 -129   10   15    9
 1973  -13  -40  -13  -37  -54  -60  -92  -81 -127  -90  -19  -29
 1974  -13  -41  -12  -33  -26  -76   41    8    8  -51  -19  -28
 1975  -13  -33  -10  -39   14  -54   63    5  -44  -76  -11  -27
 1976  -13  -34  -12  -39   62  -38  -81 -123   10  240  -13  -20
 1977   -6  -41  -11  -40  -39  -80  -16  -77   -4  -91  -16   -6
 1978  -13  -40   -1  179    2 -103  124 -110  -23    6   -7  -17
 1979   -5  -42  -11  -29   11  195  -60 -156  -51  -23  -10  -27
 1980  -13  -39  -13  -38  -77  -12  -91  -12 -101  -50  -17  -30
 1981  -13  -46   -9   10   81  -37  -57  -78  -58  -56  -19  -29
 1982  -13  191   -8   12  -46  -99 -130 -107 -186   -5  -19  -29
 1983  -13  -43  -11  -43  -48  -35 -110 -159 -160 -106  -17  -28
 1984  -13  -41   -9  -22   79  -91 -141 -177    3  -69  -17   23
 1985  -13   -5   -7  -47  -77   23  -53  -89 -108 -111  -18   15
 1986  -13  -37   -9   59   63  -96 -140 -124   92  -17  -12  -29
 1987  -13  -34  -10  -57  -51  -67 -158 -110  -59  -59  -18  -29
 1988  -13  -13  -13    8  -50 -104  -54  -10   52  -90  -19  -28
 1989  -13  -41   -6  -37  -51  -17  -54   44  -80  -17  -17   40
 1990  -12  -41  -10  -17  -30  -63  -61 -118  -90  -60  -17  -28
 1991  -13   51  -10  -41  108   -4   82   15 -150  110  -22  -34
 1992   -5  192  -13  -24   52  -77  -23  -64  -97  -67    0  -27
 1993  -13  -22   -9  -50  -88   -4  -79 -100  -87  -66  -18   -1
 1994  -13   96   -7  -32  -18  -83  -16   58   95  173  -18  -20
 1995  -13  -45   -1   58  -20  -88  -53   38  -68  -43  -19   88
 1996  -13  -40  -13   -7   29   13  -94  -96   56   36  -19  -29
 1997  -11  -41  132   -8  -11   50  -91  -79 -107  -46   -5  -29
 1998   34 2468  -13  -30   42   47 -119   -8  174   23  -19  -28
 1999  -13  -40  172  -43   17 -107   21   71  135   74 1175  -29
 2000  -12  -36  -13  -29  -21  -10    4  -82 -151    6  -21  -29
 2001  -13  -45  -10  -48  758  -27 -999 -999 -999 -999 -999 -999
 -999
Sahel Standardized Rainfall (20-8N, 20W-10E)
Info at http://www.esrl.noaa.gov/psd/data/climateindices/list/