  1948 2008
 1948 -0.352 -0.200 -0.272 -0.309 -0.361 -0.319 -0.287 -0.214 -0.425 -0.285 -0.589 -0.290
 1949 -0.393 -0.320 -0.409 -0.326 -0.365 -0.456 -0.230 -0.260 -0.247 -0.199 -0.311 -0.280
 1950 -0.382 -0.207 -0.110 -0.126 -0.145 -0.177 -0.184 -0.235 -0.188 -0.285 -0.248 -0.388
 1951 -0.331 -0.291 -0.358 -0.406 -0.439 -0.296 -0.419 -0.323 -0.257 -0.157 -0.126 -0.076
 1952 -0.018 -0.059 -0.051 -0.104 -0.160 -0.107 -0.248 -0.200 -0.178 -0.216 -0.271 -0.233
 1953 -0.257 -0.168 -0.055 -0.275 -0.317 -0.285 -0.295 -0.241 -0.367 -0.254 -0.236  0.007
 1954 -0.090  0.049 -0.102 -0.114 -0.176 -0.231 -0.229 -0.148 -0.264 -0.293 -0.341 -0.377
 1955 -0.127 -0.229 -0.186 -0.290 -0.406 -0.434 -0.317 -0.159 -0.102 -0.176 -0.357 -0.275
 1956 -0.328 -0.390 -0.203 -0.244 -0.313 -0.265 -0.295 -0.255 -0.318 -0.217 -0.217 -0.151
 1957 -0.057 -0.132 -0.177 -0.146  0.007 -0.197 -0.158 -0.104 -0.302 -0.233 -0.104 -0.060
 1958  0.027  0.027  0.017  0.017  0.007 -0.063 -0.016  0.028  0.021 -0.171 -0.257 -0.103
 1959 -0.107  0.012 -0.137 -0.126  0.135 -0.085 -0.132 -0.139 -0.125 -0.102 -0.154 -0.029
 1960 -0.090 -0.175 -0.003 -0.096 -0.121 -0.229 -0.140 -0.221 -0.089 -0.187 -0.155 -0.131
 1961 -0.082  0.019 -0.054  0.023 -0.107 -0.068 -0.058 -0.038 -0.108 -0.122 -0.155 -0.016
 1962 -0.065 -0.174 -0.075  0.017 -0.020  0.165  0.113  0.057  0.185  0.215  0.202  0.152
 1963 -0.009 -0.045 -0.136 -0.016  0.106  0.072  0.018  0.067 -0.029 -0.124  0.036 -0.003
 1964  0.126  0.038  0.009  0.064 -0.004 -0.035 -0.018 -0.071 -0.011  0.007 -0.234 -0.250
 1965 -0.313 -0.236 -0.398 -0.318 -0.318 -0.369 -0.426 -0.402 -0.253 -0.300 -0.224 -0.212
 1966 -0.176 -0.031 -0.055 -0.099 -0.238 -0.248 -0.130 -0.107 -0.081 -0.172 -0.154 -0.194
 1967 -0.168 -0.222 -0.139 -0.107 -0.022 -0.032 -0.126 -0.060 -0.115 -0.157 -0.206 -0.104
 1968 -0.236 -0.302 -0.233 -0.184 -0.151 -0.052 -0.085 -0.060 -0.073 -0.008 -0.098 -0.016
 1969  0.007  0.006  0.041  0.113  0.074 -0.013  0.025  0.063  0.091  0.087  0.029  0.139
 1970  0.292  0.190  0.188  0.163  0.075  0.035  0.144  0.098  0.063  0.090  0.102 -0.094
 1971 -0.004 -0.143 -0.169 -0.119 -0.195 -0.109 -0.155 -0.053  0.035 -0.020 -0.100 -0.212
 1972 -0.058 -0.055 -0.196 -0.164 -0.229 -0.171 -0.204 -0.097 -0.124  0.028  0.145  0.167
 1973  0.142  0.224  0.075  0.120 -0.005 -0.013  0.053  0.042  0.137  0.089  0.001 -0.087
 1974 -0.356 -0.385 -0.368 -0.408 -0.240 -0.227 -0.087 -0.105 -0.163 -0.125 -0.182 -0.236
 1975 -0.246 -0.263 -0.311 -0.300 -0.226 -0.273 -0.110 -0.100 -0.110 -0.215 -0.310 -0.475
 1976 -0.434 -0.390 -0.374 -0.289 -0.361 -0.200 -0.251 -0.258 -0.230 -0.167 -0.119 -0.133
 1977 -0.132 -0.088 -0.191 -0.103 -0.018 -0.028 -0.145 -0.149 -0.090 -0.160 -0.094 -0.042
 1978  0.056 -0.027  0.056 -0.044 -0.036  0.028  0.026 -0.112 -0.108 -0.205 -0.186 -0.064
 1979  0.048  0.117  0.091  0.008 -0.030  0.048 -0.034 -0.103 -0.155 -0.005  0.004  0.056
 1980  0.058 -0.013  0.149  0.010  0.129  0.116  0.057  0.011 -0.017  0.075  0.155  0.062
 1981 -0.012  0.024  0.101  0.047  0.075  0.140  0.227  0.117  0.193  0.258  0.146  0.139
 1982  0.070  0.091  0.054  0.077  0.182  0.044 -0.147 -0.094 -0.136 -0.043  0.025  0.302
 1983  0.286  0.263  0.224  0.221  0.117  0.319  0.141  0.142  0.278  0.259  0.185  0.086
 1984  0.147 -0.005  0.087  0.061 -0.034 -0.131 -0.046 -0.041  0.135  0.001  0.082 -0.023
 1985  0.029  0.163  0.087  0.148  0.088  0.009  0.001 -0.019  0.048 -0.011  0.128  0.167
 1986  0.083  0.106  0.003  0.040  0.157  0.215  0.239  0.065 -0.057  0.056  0.083  0.093
 1987  0.121 -0.053  0.122  0.094  0.340  0.348  0.217  0.251  0.276  0.318  0.425  0.327
 1988  0.441  0.539  0.569  0.446  0.370  0.283  0.351  0.522  0.476  0.454  0.290  0.080
 1989  0.190  0.074  0.128  0.082  0.079 -0.011  0.155  0.172  0.300  0.262  0.313  0.197
 1990  0.200  0.353  0.262  0.265  0.308  0.203  0.236  0.253  0.132  0.240  0.252  0.185
 1991  0.213  0.170  0.156  0.238  0.282  0.255  0.285  0.222  0.039  0.027  0.018 -0.046
 1992 -0.023  0.085  0.024  0.158  0.228  0.258  0.158  0.076  0.108  0.031 -0.104 -0.132
 1993 -0.160 -0.248 -0.091 -0.053 -0.047 -0.002 -0.037 -0.121 -0.056 -0.141  0.155  0.083
 1994  0.104  0.221  0.093  0.088  0.040  0.018 -0.025 -0.060 -0.246 -0.102  0.108  0.175
 1995  0.241  0.203  0.161  0.199  0.273  0.342  0.387  0.407  0.310  0.304  0.311  0.228
 1996  0.221  0.207  0.266  0.281  0.234  0.325  0.464  0.438  0.441  0.399  0.363  0.310
 1997  0.192  0.132  0.169  0.258  0.194  0.302  0.143  0.007  0.001  0.092  0.136  0.418
 1998  0.407  0.544  0.581  0.618  0.710  0.686  0.802  0.768  0.723  0.678  0.547  0.416
 1999  0.493  0.406  0.390  0.205  0.075  0.064  0.202  0.201  0.298  0.331  0.324  0.316
 2000  0.385  0.259  0.151  0.248  0.203  0.130  0.206  0.373  0.437  0.493  0.566  0.417
 2001  0.459  0.399  0.505  0.455  0.455  0.507  0.472  0.434  0.548  0.609  0.493  0.487
 2002  0.462  0.336  0.444  0.637  0.544  0.591  0.477  0.342  0.287  0.386  0.518  0.557
 2003  0.506  0.512  0.487  0.565  0.439  0.415  0.436  0.459  0.416  0.496  0.468  0.385
 2004  0.519  0.476  0.419  0.567  0.367  0.201  0.186  0.069  0.207  0.239  0.417  0.462
 2005  0.422  0.487  0.517  0.382  0.418  0.409  0.443  0.451  0.432  0.519  0.430  0.396
 2006  0.354  0.368  0.302  0.248  0.360  0.384  0.235  0.209  0.184  0.027  0.340  0.492
 2007  0.417  0.383  0.302  0.294  0.348  0.530  0.357  0.370  0.312  0.351  0.253  0.303
 2008  0.309  0.238  0.088  0.021 -0.139  0.006  0.122  0.254  0.453  0.513  0.400 -9.000
  -9.0
