# cutting out region defined by mask ersstv4_nino3.4_mask.nc
# sst [degree_C] from NOAA Extended Reconstructed Sea Surface Temperature (ERSSTA), Version 4 (in situ only)
# SSTA normalized to 1981-2010
# plotdat anomal 1981 2010 ersst_nino3.4.dat
# cutting out region defined by mask ersstv4_nino3.4_mask.nc
# sst [degree_C] from NOAA Extended Reconstructed Sea Surface Temperature (ERSST), Version 4 (in situ only)
 1854.0000 -0.379322    
 1854.0834 -0.319159    
 1854.1666 -0.751438    
 1854.2500 -0.940556    
 1854.3334  -1.03401    
 1854.4166 -0.829832    
 1854.5000 -0.841208    
 1854.5834  -1.45011    
 1854.6666 -0.695827    
 1854.7500 -0.830103    
 1854.8334  -1.17224    
 1854.9166  -1.06147    
 1855.0000 -0.390951    
 1855.0834  0.315613    
 1855.1666  0.836010E-01
 1855.2500 -0.140125    
 1855.3334 -0.122808    
 1855.4166 -0.545752    
 1855.5000 -0.449638    
 1855.5834 -0.207581    
 1855.6666  0.740164    
 1855.7500  0.561737    
 1855.8334  0.429024    
 1855.9166  0.354723    
 1856.0000  0.354609    
 1856.0834  0.267982    
 1856.1666  0.629171    
 1856.2500 -0.352264    
 1856.3334 -0.611000    
 1856.4166 -0.700033    
 1856.5000 -0.942919    
 1856.5834  -1.49515    
 1856.6666  -1.87628    
 1856.7500  -2.17102    
 1856.8334  -1.95237    
 1856.9166  -1.87923    
 1857.0000  -1.99840    
 1857.0834  -1.72205    
 1857.1666  -1.37022    
 1857.2500  -1.19163    
 1857.3334 -0.400900    
 1857.4166 -0.330219E-01
 1857.5000 -0.478477E-01
 1857.5834 -0.497818E-01
 1857.6666 -0.731964E-01
 1857.7500 -0.150633    
 1857.8334 -0.202856    
 1857.9166 -0.295216    
 1858.0000 -0.294401    
 1858.0834 -0.424608    
 1858.1666 -0.673409    
 1858.2500 -0.673185    
 1858.3334 -0.397200    
 1858.4166 -0.762903    
 1858.5000 -0.722078    
 1858.5834 -0.791842    
 1858.6666 -0.669247    
 1858.7500 -0.563883    
 1858.8334 -0.309855    
 1858.9166 -0.376196    
 1859.0000 -0.500902    
 1859.0834 -0.699478    
 1859.1666 -0.813589    
 1859.2500 -0.870924    
 1859.3334 -0.890589    
 1859.4166 -0.367702    
 1859.5000 -0.307419    
 1859.5834 -0.676762    
 1859.6666 -0.754276    
 1859.7500 -0.839252    
 1859.8334  -1.03329    
 1859.9166 -0.603645    
 1860.0000 -0.664511    
 1860.0834 -0.731937    
 1860.1666  -1.06293    
 1860.2500  -1.11711    
 1860.3334  -1.02808    
 1860.4166  -1.35045    
 1860.5000  -1.13514    
 1860.5834  -1.10812    
 1860.6666  -1.01036    
 1860.7500  -1.01741    
 1860.8334 -0.962715    
 1860.9166 -0.878326    
 1861.0000 -0.870932    
 1861.0834 -0.892757    
 1861.1666 -0.864388    
 1861.2500 -0.903805    
 1861.3334 -0.837978    
 1861.4166 -0.831491    
 1861.5000 -0.807838    
 1861.5834 -0.829021    
 1861.6666 -0.779818    
 1861.7500 -0.829983    
 1861.8334 -0.676765    
 1861.9166 -0.657116    
 1862.0000 -0.707861    
 1862.0834 -0.697397    
 1862.1666 -0.701229    
 1862.2500 -0.740404    
 1862.3334 -0.722580    
 1862.4166 -0.726732    
 1862.5000 -0.723679    
 1862.5834 -0.701542    
 1862.6666 -0.717857    
 1862.7500 -0.780153    
 1862.8334 -0.764156    
 1862.9166 -0.812176    
 1863.0000 -0.756721    
 1863.0834 -0.813128    
 1863.1666 -0.771448    
 1863.2500 -0.793465    
 1863.3334 -0.716129    
 1863.4166 -0.646692    
 1863.5000 -0.658318    
 1863.5834 -0.694901    
 1863.6666 -0.670816    
 1863.7500 -0.694883    
 1863.8334 -0.686836    
 1863.9166 -0.741577    
 1864.0000 -0.619492    
 1864.0834 -0.609348    
 1864.1666 -0.611578    
 1864.2500 -0.634356    
 1864.3334 -0.630890    
 1864.4166 -0.632183    
 1864.5000 -0.559427    
 1864.5834 -0.472952    
 1864.6666 -0.274057    
 1864.7500  0.220316    
 1864.8334  0.145435    
 1864.9166  0.152773    
 1865.0000 -0.978222E-01
 1865.0834 -0.110209    
 1865.1666 -0.230759    
 1865.2500 -0.315815    
 1865.3334 -0.365068    
 1865.4166 -0.387712    
 1865.5000 -0.446617    
 1865.5834 -0.343410    
 1865.6666 -0.388657    
 1865.7500 -0.443832    
 1865.8334 -0.460386    
 1865.9166 -0.497576    
 1866.0000 -0.491932    
 1866.0834 -0.497108    
 1866.1666 -0.535938    
 1866.2500 -0.592875    
 1866.3334 -0.609718    
 1866.4166 -0.659882    
 1866.5000 -0.641388    
 1866.5834 -0.632942    
 1866.6666 -0.606977    
 1866.7500 -0.630474    
 1866.8334 -0.626915    
 1866.9166 -0.627827    
 1867.0000 -0.677940    
 1867.0834 -0.664598    
 1867.1666 -0.699068    
 1867.2500 -0.754965    
 1867.3334 -0.743460    
 1867.4166 -0.774012    
 1867.5000 -0.761127    
 1867.5834 -0.732712    
 1867.6666 -0.695076    
 1867.7500 -0.712133    
 1867.8334 -0.693005    
 1867.9166 -0.702717    
 1868.0000 -0.699272    
 1868.0834 -0.689287    
 1868.1666 -0.723719    
 1868.2500 -0.766214    
 1868.3334 -0.724739    
 1868.4166 -0.662052    
 1868.5000 -0.497318    
 1868.5834 -0.132002    
 1868.6666  0.759243    
 1868.7500  0.512266    
 1868.8334  0.656284    
 1868.9166  0.737133    
 1869.0000  0.260799    
 1869.0834  0.239033    
 1869.1666  0.868816E-01
 1869.2500 -0.149334    
 1869.3334 -0.242519    
 1869.4166 -0.480223    
 1869.5000 -0.772158    
 1869.5834  -1.92214    
 1869.6666  -1.98273    
 1869.7500  -2.02135    
 1869.8334  -1.47042    
 1869.9166  -1.84342    
 1870.0000  -1.28845    
 1870.0834  -1.45933    
 1870.1666  -1.73651    
 1870.2500  -1.50770    
 1870.3334  -1.56452    
 1870.4166  -1.68907    
 1870.5000  -1.66896    
 1870.5834  -1.55857    
 1870.6666  -1.34089    
 1870.7500  -1.37708    
 1870.8334  -1.35962    
 1870.9166  -1.37338    
 1871.0000 -0.945381    
 1871.0834 -0.492008    
 1871.1666 -0.247538    
 1871.2500  0.871048E-01
 1871.3334 -0.422779    
 1871.4166 -0.713743    
 1871.5000 -0.666939    
 1871.5834 -0.580521    
 1871.6666 -0.583097    
 1871.7500 -0.761663    
 1871.8334 -0.882116    
 1871.9166  -1.07898    
 1872.0000  -1.17630    
 1872.0834  -1.27757    
 1872.1666  -1.29195    
 1872.2500  -1.31742    
 1872.3334  -1.18777    
 1872.4166 -0.870111    
 1872.5000 -0.406048    
 1872.5834 -0.873682    
 1872.6666 -0.939146    
 1872.7500  -1.42525    
 1872.8334  -1.31828    
 1872.9166  -1.36605    
 1873.0000  -1.41740    
 1873.0834  -1.51515    
 1873.1666  -1.81494    
 1873.2500  -1.57026    
 1873.3334  -1.23444    
 1873.4166 -0.798882    
 1873.5000 -0.595718    
 1873.5834 -0.697811    
 1873.6666 -0.663536    
 1873.7500  -1.03319    
 1873.8334 -0.921816    
 1873.9166  -1.01390    
 1874.0000  -1.36453    
 1874.0834  -1.44495    
 1874.1666  -1.76894    
 1874.2500  -1.70638    
 1874.3334  -1.64726    
 1874.4166  -1.50182    
 1874.5000  -1.49935    
 1874.5834  -1.51506    
 1874.6666  -1.48577    
 1874.7500  -1.41406    
 1874.8334  -1.49790    
 1874.9166  -1.29984    
 1875.0000  -1.00220    
 1875.0834 -0.967878    
 1875.1666 -0.820618    
 1875.2500 -0.841866    
 1875.3334 -0.900209    
 1875.4166 -0.843431    
 1875.5000 -0.759478    
 1875.5834  -1.15244    
 1875.6666  -1.35569    
 1875.7500  -1.68778    
 1875.8334  -1.65687    
 1875.9166  -1.69023    
 1876.0000  -1.32786    
 1876.0834  -1.45657    
 1876.1666  -1.48818    
 1876.2500  -1.74123    
 1876.3334  -1.41628    
 1876.4166 -0.399893    
 1876.5000 -0.433659    
 1876.5834 -0.718781    
 1876.6666 -0.707457    
 1876.7500 -0.459682    
 1876.8334 -0.470825    
 1876.9166 -0.451996    
 1877.0000 -0.853405E-01
 1877.0834  0.906315E-01
 1877.1666  0.478731    
 1877.2500  0.911350E-01
 1877.3334  0.326410    
 1877.4166  0.751286E-01
 1877.5000  0.546701    
 1877.5834   1.69751    
 1877.6666   1.75642    
 1877.7500   1.83278    
 1877.8334   1.92603    
 1877.9166   2.00408    
 1878.0000   2.07955    
 1878.0834   1.85613    
 1878.1666  0.917002    
 1878.2500   1.16483    
 1878.3334   1.16460    
 1878.4166 -0.421829E-01
 1878.5000 -0.757368    
 1878.5834 -0.742832    
 1878.6666  -1.12544    
 1878.7500  -1.11329    
 1878.8334  -1.37526    
 1878.9166  -1.59888    
 1879.0000  -1.45886    
 1879.0834 -0.925629    
 1879.1666  -1.07326    
 1879.2500  -1.07606    
 1879.3334 -0.809170    
 1879.4166 -0.602201    
 1879.5000  -1.13453    
 1879.5834  -1.58012    
 1879.6666  -1.95134    
 1879.7500  -1.62516    
 1879.8334  -1.76311    
 1879.9166  -1.57032    
 1880.0000  -1.76871    
 1880.0834  -1.37223    
 1880.1666 -0.925079    
 1880.2500 -0.807055    
 1880.3334 -0.693199    
 1880.4166 -0.588322    
 1880.5000 -0.436098    
 1880.5834 -0.243071    
 1880.6666  0.170874    
 1880.7500  0.569986    
 1880.8334   1.00150    
 1880.9166  0.402575    
 1881.0000  0.641890    
 1881.0834  0.893917E-01
 1881.1666 -0.530258    
 1881.2500 -0.761095    
 1881.3334 -0.683609    
 1881.4166 -0.454653    
 1881.5000 -0.213697    
 1881.5834 -0.249641    
 1881.6666 -0.320196    
 1881.7500 -0.525793    
 1881.8334 -0.523415    
 1881.9166 -0.300116    
 1882.0000 -0.300762    
 1882.0834 -0.744518    
 1882.1666 -0.684538    
 1882.2500 -0.343834    
 1882.3334 -0.824184E-01
 1882.4166 -0.639502    
 1882.5000 -0.880247    
 1882.5834 -0.724262    
 1882.6666 -0.937086    
 1882.7500  -1.05282    
 1882.8334  -1.08813    
 1882.9166 -0.331827    
 1883.0000 -0.624331    
 1883.0834 -0.887648    
 1883.1666  -1.12552    
 1883.2500  -1.08827    
 1883.3334 -0.872879    
 1883.4166 -0.347822    
 1883.5000 -0.234318    
 1883.5834 -0.516171    
 1883.6666 -0.643257    
 1883.7500 -0.672483    
 1883.8334 -0.435905    
 1883.9166 -0.613815    
 1884.0000 -0.354961    
 1884.0834 -0.317448    
 1884.1666 -0.502598    
 1884.2500  0.903244E-01
 1884.3334 -0.393600E-01
 1884.4166 -0.125603    
 1884.5000 -0.442028    
 1884.5834 -0.548172    
 1884.6666  0.163231E-01
 1884.7500 -0.329628E-01
 1884.8334  0.306814    
 1884.9166  0.259403    
 1885.0000  0.175188    
 1885.0834 -0.157928    
 1885.1666 -0.278568    
 1885.2500 -0.525324    
 1885.3334 -0.373579    
 1885.4166 -0.260763    
 1885.5000 -0.340458    
 1885.5834 -0.379131    
 1885.6666  0.138733    
 1885.7500  0.610247    
 1885.8334  0.668205    
 1885.9166  0.520374    
 1886.0000  0.238419    
 1886.0834 -0.378809    
 1886.1666 -0.925278    
 1886.2500 -0.811165    
 1886.3334  -1.14694    
 1886.4166  -1.71917    
 1886.5000  -1.57191    
 1886.5834  -1.42095    
 1886.6666  -1.29473    
 1886.7500  -1.54103    
 1886.8334  -1.75455    
 1886.9166  -2.19855    
 1887.0000  -2.15253    
 1887.0834  -1.83936    
 1887.1666  -1.39735    
 1887.2500  -1.28691    
 1887.3334  -1.14328    
 1887.4166 -0.773262    
 1887.5000 -0.603369    
 1887.5834 -0.537991    
 1887.6666 -0.523857    
 1887.7500 -0.512693    
 1887.8334 -0.240866    
 1887.9166 -0.988655E-01
 1888.0000  0.471497E-01
 1888.0834  0.694613    
 1888.1666  0.359432    
 1888.2500  0.327549E-01
 1888.3334  0.114620    
 1888.4166  0.440157    
 1888.5000  0.463371    
 1888.5834  0.574289    
 1888.6666   1.01498    
 1888.7500   1.36997    
 1888.8334   1.51468    
 1888.9166   1.75257    
 1889.0000   1.89732    
 1889.0834   1.64650    
 1889.1666  0.797821    
 1889.2500  0.584085    
 1889.3334  0.437931    
 1889.4166 -0.200722    
 1889.5000  -1.54107    
 1889.5834  -1.60647    
 1889.6666  -1.81492    
 1889.7500  -2.23189    
 1889.8334  -1.90372    
 1889.9166  -1.59782    
 1890.0000  -1.87097    
 1890.0834  -2.18394    
 1890.1666  -1.52381    
 1890.2500  -1.39314    
 1890.3334  -1.09616    
 1890.4166 -0.823723    
 1890.5000 -0.954418    
 1890.5834  -1.18530    
 1890.6666  -1.31397    
 1890.7500  -1.30986    
 1890.8334  -1.23461    
 1890.9166 -0.581905    
 1891.0000 -0.373062    
 1891.0834 -0.354738    
 1891.1666 -0.142338    
 1891.2500  0.270535    
 1891.3334  0.266399E-01
 1891.4166 -0.692730E-01
 1891.5000 -0.302797    
 1891.5834 -0.410862    
 1891.6666 -0.402777    
 1891.7500 -0.365522    
 1891.8334 -0.283066    
 1891.9166 -0.811296    
 1892.0000 -0.872131    
 1892.0834 -0.557959    
 1892.1666 -0.268158    
 1892.2500 -0.612576    
 1892.3334 -0.525179    
 1892.4166  -1.14641    
 1892.5000  -1.35559    
 1892.5834  -1.55894    
 1892.6666  -1.92872    
 1892.7500  -2.20362    
 1892.8334  -2.03065    
 1892.9166  -1.92463    
 1893.0000  -1.47487    
 1893.0834  -1.84089    
 1893.1666  -1.89000    
 1893.2500  -1.95289    
 1893.3334  -1.75548    
 1893.4166  -1.59977    
 1893.5000  -1.37731    
 1893.5834  -1.58512    
 1893.6666  -1.48553    
 1893.7500  -1.71674    
 1893.8334  -1.52974    
 1893.9166  -1.53131    
 1894.0000  -1.46575    
 1894.0834  -1.50006    
 1894.1666  -1.07944    
 1894.2500  -1.05886    
 1894.3334 -0.805729    
 1894.4166 -0.988583    
 1894.5000  -1.49147    
 1894.5834  -1.14930    
 1894.6666 -0.799538    
 1894.7500 -0.936653    
 1894.8334 -0.965425    
 1894.9166 -0.957956    
 1895.0000 -0.740532    
 1895.0834 -0.712889    
 1895.1666 -0.686668    
 1895.2500 -0.533785    
 1895.3334 -0.256519    
 1895.4166 -0.712742    
 1895.5000 -0.749989    
 1895.5834 -0.640642    
 1895.6666  0.114033    
 1895.7500 -0.192513    
 1895.8334 -0.366276    
 1895.9166 -0.174356    
 1896.0000 -0.152102    
 1896.0834 -0.168098    
 1896.1666 -0.409393E-01
 1896.2500 -0.711155E-01
 1896.3334 -0.313869    
 1896.4166 -0.151953    
 1896.5000  0.250961    
 1896.5834  0.193638    
 1896.6666  0.534513    
 1896.7500  0.706007    
 1896.8334   1.10748    
 1896.9166   1.28779    
 1897.0000   1.31299    
 1897.0834  0.778702    
 1897.1666  0.500961    
 1897.2500 -0.248194    
 1897.3334 -0.269289    
 1897.4166 -0.248392    
 1897.5000 -0.291718    
 1897.5834 -0.585340    
 1897.6666 -0.535177    
 1897.7500 -0.837044    
 1897.8334  -1.11995    
 1897.9166 -0.762096    
 1898.0000 -0.498001    
 1898.0834 -0.732347    
 1898.1666  -1.09901    
 1898.2500 -0.796324    
 1898.3334 -0.555220    
 1898.4166 -0.603773    
 1898.5000  -1.04789    
 1898.5834  -1.12971    
 1898.6666  -1.11397    
 1898.7500  -1.19049    
 1898.8334  -1.35966    
 1898.9166  -1.33083    
 1899.0000 -0.995050    
 1899.0834 -0.809587    
 1899.1666 -0.798388    
 1899.2500 -0.148184    
 1899.3334 -0.344570    
 1899.4166 -0.335833    
 1899.5000 -0.670681E-01
 1899.5834  0.960579E-01
 1899.6666  0.259212    
 1899.7500  0.304728    
 1899.8334   1.07646    
 1899.9166  0.900854    
 1900.0000  0.639669    
 1900.0834 -0.642490E-01
 1900.1666  0.638222    
 1900.2500  0.649006    
 1900.3334  0.776522    
 1900.4166  0.576477E-01
 1900.5000  0.354122    
 1900.5834 -0.698719E-01
 1900.6666 -0.160067    
 1900.7500 -0.301304    
 1900.8334 -0.468056    
 1900.9166  0.337444    
 1901.0000  0.226799    
 1901.0834 -0.106958    
 1901.1666 -0.127539    
 1901.2500 -0.221184    
 1901.3334 -0.509060    
 1901.4166 -0.595783    
 1901.5000 -0.715338    
 1901.5834 -0.497190    
 1901.6666 -0.652287    
 1901.7500 -0.654903    
 1901.8334 -0.341986    
 1901.9166 -0.481176    
 1902.0000 -0.588892    
 1902.0834 -0.322348    
 1902.1666 -0.750980E-01
 1902.2500  0.406025    
 1902.3334  0.437901    
 1902.4166  0.691217    
 1902.5000   1.00493    
 1902.5834   1.29266    
 1902.6666   1.17603    
 1902.7500   1.44957    
 1902.8334   1.49587    
 1902.9166   1.38326    
 1903.0000   1.25854    
 1903.0834  0.948322    
 1903.1666  0.434402    
 1903.2500 -0.601845E-01
 1903.3334 -0.379969    
 1903.4166 -0.504463    
 1903.5000  -1.02824    
 1903.5834  -1.94425    
 1903.6666  -1.80537    
 1903.7500  -1.50543    
 1903.8334  -1.43693    
 1903.9166  -1.39333    
 1904.0000  -1.42443    
 1904.0834  -1.26960    
 1904.1666  -1.24197    
 1904.2500 -0.818764    
 1904.3334 -0.568338    
 1904.4166 -0.397572    
 1904.5000 -0.234518    
 1904.5834 -0.164711    
 1904.6666 -0.200848    
 1904.7500 -0.292835E-01
 1904.8334  0.418554    
 1904.9166  0.631853    
 1905.0000  0.727139    
 1905.0834  0.732512    
 1905.1666  0.718231    
 1905.2500  0.854425    
 1905.3334  0.870640    
 1905.4166  0.923767    
 1905.5000   1.05740    
 1905.5834   1.16111    
 1905.6666   1.31710    
 1905.7500  0.660366    
 1905.8334  0.589615    
 1905.9166  0.788013    
 1906.0000  0.543289    
 1906.0834  0.784626E-01
 1906.1666  0.122814E-01
 1906.2500 -0.299074    
 1906.3334 -0.443480    
 1906.4166 -0.727333    
 1906.5000 -0.965029    
 1906.5834  -1.27634    
 1906.6666  -1.22875    
 1906.7500 -0.811462    
 1906.8334 -0.828495    
 1906.9166 -0.880756    
 1907.0000 -0.959291    
 1907.0834  -1.20896    
 1907.1666 -0.934258    
 1907.2500 -0.702105    
 1907.3334 -0.381779    
 1907.4166 -0.580462    
 1907.5000 -0.489468    
 1907.5834 -0.268431    
 1907.6666 -0.329147    
 1907.7500 -0.290983    
 1907.8334 -0.430775    
 1907.9166 -0.554947    
 1908.0000 -0.394392    
 1908.0834 -0.356077    
 1908.1666 -0.595329    
 1908.2500 -0.994345    
 1908.3334  -1.00905    
 1908.4166 -0.873663    
 1908.5000 -0.784958    
 1908.5834 -0.827921    
 1908.6666  -1.17267    
 1908.7500  -1.31842    
 1908.8334  -1.30968    
 1908.9166  -1.68324    
 1909.0000  -1.77063    
 1909.0834  -1.42715    
 1909.1666  -1.04096    
 1909.2500  -1.03261    
 1909.3334 -0.969000    
 1909.4166 -0.966473    
 1909.5000  -1.04912    
 1909.5834  -1.03826    
 1909.6666  -1.85843    
 1909.7500  -1.84673    
 1909.8334  -1.69199    
 1909.9166  -1.65260    
 1910.0000  -1.81331    
 1910.0834  -1.88246    
 1910.1666  -2.36699    
 1910.2500  -1.45277    
 1910.3334  -1.16318    
 1910.4166  -1.13437    
 1910.5000  -1.32811    
 1910.5834  -1.52803    
 1910.6666  -2.27799    
 1910.7500  -1.46550    
 1910.8334  -1.47654    
 1910.9166  -1.34231    
 1911.0000  -1.10729    
 1911.0834  -1.19513    
 1911.1666  -1.11651    
 1911.2500 -0.853806    
 1911.3334 -0.879889    
 1911.4166 -0.236612    
 1911.5000 -0.149319    
 1911.5834 -0.474201    
 1911.6666 -0.552378    
 1911.7500  0.203247    
 1911.8334  0.503035    
 1911.9166   1.24020    
 1912.0000   1.33836    
 1912.0834   1.17324    
 1912.1666  0.861492    
 1912.2500  0.575254    
 1912.3334  0.212172    
 1912.4166 -0.361792    
 1912.5000 -0.423067    
 1912.5834 -0.380920    
 1912.6666  -1.13173    
 1912.7500  -1.02277    
 1912.8334 -0.802696    
 1912.9166 -0.831985    
 1913.0000 -0.659582    
 1913.0834 -0.555338    
 1913.1666 -0.638058    
 1913.2500 -0.234905    
 1913.3334 -0.259199    
 1913.4166 -0.267262    
 1913.5000 -0.240248    
 1913.5834 -0.289982    
 1913.6666 -0.227516    
 1913.7500 -0.240574    
 1913.8334  0.318554    
 1913.9166   1.02438    
 1914.0000  0.988739    
 1914.0834  0.334501    
 1914.1666  0.178051    
 1914.2500  0.100250E-01
 1914.3334  0.377501    
 1914.4166  0.254757    
 1914.5000  0.304672    
 1914.5834  0.560978    
 1914.6666   1.19094    
 1914.7500  0.903427    
 1914.8334  0.668015    
 1914.9166  0.838203    
 1915.0000   1.24578    
 1915.0834   1.24725    
 1915.1666  0.727425E-01
 1915.2500  0.393354    
 1915.3334  0.922211    
 1915.4166  0.404737    
 1915.5000 -0.114239    
 1915.5834 -0.538212    
 1915.6666 -0.674168    
 1915.7500  -1.38768    
 1915.8334  -1.68830    
 1915.9166  -1.77809    
 1916.0000  -1.41746    
 1916.0834  -1.71129    
 1916.1666  -1.51133    
 1916.2500  -1.40898    
 1916.3334 -0.701670    
 1916.4166  -1.25558    
 1916.5000  -1.14329    
 1916.5834  -1.21238    
 1916.6666  -1.20028    
 1916.7500  -1.88081    
 1916.8334  -2.50797    
 1916.9166  -2.36512    
 1917.0000  -2.89603    
 1917.0834  -2.60091    
 1917.1666  -2.08776    
 1917.2500  -1.22081    
 1917.3334 -0.959108    
 1917.4166  -1.57043    
 1917.5000  -1.64499    
 1917.5834  -2.04941    
 1917.6666  -1.61175    
 1917.7500  -2.00026    
 1917.8334  -1.80190    
 1917.9166  -1.37886    
 1918.0000 -0.817421    
 1918.0834 -0.704079    
 1918.1666  -1.22478    
 1918.2500  -1.02802    
 1918.3334 -0.391708    
 1918.4166  0.766754E-02
 1918.5000  0.596619E-01
 1918.5834 -0.207310E-01
 1918.6666  0.241903    
 1918.7500  0.886406    
 1918.8334  0.903315    
 1918.9166  0.723104    
 1919.0000  0.819008    
 1919.0834  0.599411    
 1919.1666 -0.626259    
 1919.2500  -2.43746    
 1919.3334 -0.797470    
 1919.4166 -0.646572    
 1919.5000 -0.769287    
 1919.5834 -0.720491    
 1919.6666 -0.147707    
 1919.7500 -0.106384    
 1919.8334 -0.813351E-01
 1919.9166  0.359903    
 1920.0000 -0.963821E-01
 1920.0834  0.447311E-01
 1920.1666  0.568924E-01
 1920.2500 -0.188814    
 1920.3334 -0.191620    
 1920.4166  0.197897    
 1920.5000  0.104683    
 1920.5834  0.201920    
 1920.6666  0.256433    
 1920.7500 -0.666483    
 1920.8334 -0.602945    
 1920.9166 -0.683016    
 1921.0000 -0.724051    
 1921.0834  -1.71306    
 1921.1666  -2.88524    
 1921.2500  -2.26933    
 1921.3334  -1.06068    
 1921.4166 -0.997812    
 1921.5000 -0.602608    
 1921.5834 -0.457611E-01
 1921.6666 -0.117887    
 1921.7500  0.215797    
 1921.8334  0.361244    
 1921.9166  0.703640E-01
 1922.0000 -0.465622E-01
 1922.0834 -0.742477    
 1922.1666 -0.384319    
 1922.2500 -0.877155    
 1922.3334  -1.05796    
 1922.4166  -1.17106    
 1922.5000  -1.55269    
 1922.5834  -1.68289    
 1922.6666  -1.58046    
 1922.7500 -0.984064    
 1922.8334 -0.791626    
 1922.9166 -0.967855    
 1923.0000  -1.08438    
 1923.0834  -1.28522    
 1923.1666 -0.707748    
 1923.2500 -0.547525    
 1923.3334 -0.348570    
 1923.4166 -0.220032    
 1923.5000 -0.263378    
 1923.5834 -0.957718E-01
 1923.6666 -0.338764E-01
 1923.7500  0.883160E-01
 1923.8334  0.574551E-01
 1923.9166  0.156704    
 1924.0000  0.429558    
 1924.0834  0.132742    
 1924.1666 -0.132118    
 1924.2500 -0.594494    
 1924.3334 -0.766369    
 1924.4166  -1.06054    
 1924.5000  -1.36303    
 1924.5834  -1.58429    
 1924.6666  -1.77327    
 1924.7500  -1.80394    
 1924.8334  -1.80136    
 1924.9166  -1.82068    
 1925.0000  -1.55830    
 1925.0834  -1.61118    
 1925.1666 -0.861008    
 1925.2500 -0.660666    
 1925.3334 -0.641190    
 1925.4166 -0.497393    
 1925.5000 -0.168447    
 1925.5834 -0.409908E-01
 1925.6666  0.394039E-01
 1925.7500  0.455107    
 1925.8334  0.750795    
 1925.9166  0.828924    
 1926.0000  0.881088    
 1926.0834  0.669292    
 1926.1666  0.530392    
 1926.2500  0.467665    
 1926.3334  0.204340    
 1926.4166 -0.939217E-01
 1926.5000  0.244522E-01
 1926.5834 -0.341801    
 1926.6666 -0.679096    
 1926.7500  -1.13401    
 1926.8334  -1.13550    
 1926.9166 -0.947237    
 1927.0000 -0.924601    
 1927.0834 -0.690159    
 1927.1666 -0.667889    
 1927.2500 -0.857635    
 1927.3334 -0.859930    
 1927.4166 -0.549452    
 1927.5000 -0.588898    
 1927.5834 -0.477371    
 1927.6666 -0.186626    
 1927.7500 -0.548630E-01
 1927.8334 -0.378576    
 1927.9166 -0.476936    
 1928.0000 -0.299501    
 1928.0834 -0.402637    
 1928.1666 -0.541149    
 1928.2500 -0.607994    
 1928.3334 -0.420279    
 1928.4166 -0.527552    
 1928.5000 -0.468748    
 1928.5834 -0.509380    
 1928.6666 -0.567106    
 1928.7500 -0.715164    
 1928.8334 -0.612305    
 1928.9166 -0.582857    
 1929.0000 -0.834341    
 1929.0834 -0.944298    
 1929.1666 -0.812489    
 1929.2500 -0.735895    
 1929.3334 -0.684620    
 1929.4166 -0.609472    
 1929.5000 -0.436619    
 1929.5834 -0.330391    
 1929.6666 -0.244467    
 1929.7500 -0.238453    
 1929.8334 -0.218216    
 1929.9166 -0.199337    
 1930.0000  0.115986E-01
 1930.0834 -0.241852E-02
 1930.1666 -0.864277E-01
 1930.2500 -0.201914    
 1930.3334 -0.921001E-01
 1930.4166  0.154297    
 1930.5000  0.186771    
 1930.5834  0.246149    
 1930.6666  0.485193    
 1930.7500  0.896477    
 1930.8334  0.983564    
 1930.9166  0.940495    
 1931.0000  0.800749    
 1931.0834  0.747091    
 1931.1666  0.319462    
 1931.2500  0.224356    
 1931.3334  0.156281    
 1931.4166 -0.501328E-01
 1931.5000 -0.338688E-01
 1931.5834 -0.420761    
 1931.6666  -1.04727    
 1931.7500  -1.20654    
 1931.8334 -0.959616    
 1931.9166 -0.974346    
 1932.0000 -0.990261    
 1932.0834 -0.631128    
 1932.1666 -0.291948    
 1932.2500 -0.684052E-01
 1932.3334 -0.801697E-01
 1932.4166 -0.207502    
 1932.5000 -0.322279    
 1932.5834 -0.568830    
 1932.6666 -0.896936    
 1932.7500 -0.723524    
 1932.8334 -0.692076    
 1932.9166 -0.827797    
 1933.0000 -0.796501    
 1933.0834 -0.835238    
 1933.1666 -0.857899    
 1933.2500 -0.955154    
 1933.3334 -0.994659    
 1933.4166  -1.27289    
 1933.5000  -1.53515    
 1933.5834  -1.73658    
 1933.6666  -1.80305    
 1933.7500  -1.71212    
 1933.8334  -1.85217    
 1933.9166  -1.90327    
 1934.0000  -1.87138    
 1934.0834  -1.38027    
 1934.1666  -1.26614    
 1934.2500  -1.16131    
 1934.3334 -0.859829    
 1934.4166 -0.514673    
 1934.5000 -0.487228    
 1934.5834 -0.548241    
 1934.6666 -0.846027    
 1934.7500 -0.606674    
 1934.8334 -0.553795    
 1934.9166 -0.558407    
 1935.0000 -0.681772    
 1935.0834 -0.685228    
 1935.1666 -0.636168    
 1935.2500 -0.890024    
 1935.3334 -0.885639    
 1935.4166 -0.753113    
 1935.5000 -0.609419    
 1935.5834 -0.382292    
 1935.6666 -0.246256    
 1935.7500 -0.276194    
 1935.8334 -0.570995    
 1935.9166 -0.534456    
 1936.0000 -0.352201    
 1936.0834 -0.341398    
 1936.1666 -0.495089    
 1936.2500 -0.470995    
 1936.3334 -0.410919    
 1936.4166 -0.417923    
 1936.5000 -0.594408    
 1936.5834 -0.647932    
 1936.6666 -0.610727    
 1936.7500 -0.703163    
 1936.8334 -0.845146    
 1936.9166 -0.972227    
 1937.0000 -0.964592    
 1937.0834 -0.500628    
 1937.1666 -0.437349    
 1937.2500 -0.736734    
 1937.3334 -0.694099    
 1937.4166 -0.499552    
 1937.5000 -0.583939    
 1937.5834 -0.399441    
 1937.6666 -0.406126    
 1937.7500 -0.367743    
 1937.8334 -0.418146    
 1937.9166 -0.626387    
 1938.0000 -0.926672    
 1938.0834  -1.13226    
 1938.1666  -1.14609    
 1938.2500  -1.31523    
 1938.3334  -1.22528    
 1938.4166  -1.63142    
 1938.5000  -1.90532    
 1938.5834  -1.79477    
 1938.6666  -1.39905    
 1938.7500  -1.22584    
 1938.8334  -1.29220    
 1938.9166  -1.47228    
 1939.0000  -1.65297    
 1939.0834  -1.60491    
 1939.1666 -0.736649    
 1939.2500 -0.652744    
 1939.3334 -0.258009    
 1939.4166 -0.273952    
 1939.5000  0.101814E-01
 1939.5834  0.547791E-02
 1939.6666 -0.266457    
 1939.7500 -0.154573    
 1939.8334 -0.707546    
 1939.9166 -0.252895    
 1940.0000  0.848660    
 1940.0834  0.729862    
 1940.1666   1.11863    
 1940.2500  0.215345    
 1940.3334  0.384892    
 1940.4166  0.242958    
 1940.5000  0.259312    
 1940.5834  0.639778    
 1940.6666  0.776213    
 1940.7500  0.431767    
 1940.8334   1.13410    
 1940.9166   1.35379    
 1941.0000   1.69064    
 1941.0834   1.42019    
 1941.1666   1.19883    
 1941.2500  0.721865    
 1941.3334  0.808821    
 1941.4166  0.717138    
 1941.5000  0.436872    
 1941.5834  0.375879    
 1941.6666  0.264973    
 1941.7500  0.445477    
 1941.8334  0.813046    
 1941.9166   1.00976    
 1942.0000  0.524099    
 1942.0834  0.320831    
 1942.1666  0.335922    
 1942.2500  0.314714    
 1942.3334  0.839100E-01
 1942.4166 -0.347572    
 1942.5000  -1.03982    
 1942.5834  -1.51150    
 1942.6666  -2.00113    
 1942.7500  -1.83506    
 1942.8334  -1.73322    
 1942.9166  -1.77773    
 1943.0000  -1.94960    
 1943.0834  -1.96759    
 1943.1666  -1.51103    
 1943.2500  -1.26735    
 1943.3334 -0.761589    
 1943.4166 -0.361492    
 1943.5000 -0.185978    
 1943.5834 -0.113922    
 1943.6666 -0.534838    
 1943.7500 -0.883583    
 1943.8334 -0.693985    
 1943.9166 -0.636166    
 1944.0000 -0.663622    
 1944.0834 -0.415648    
 1944.1666  0.549812E-01
 1944.2500  0.218904    
 1944.3334 -0.763988E-01
 1944.4166  0.792885E-01
 1944.5000 -0.159918    
 1944.5834 -0.516371    
 1944.6666 -0.884857    
 1944.7500  -1.25702    
 1944.8334  -1.00598    
 1944.9166  -1.01551    
 1945.0000 -0.904461    
 1945.0834  -1.00611    
 1945.1666  -1.00894    
 1945.2500  -1.00829    
 1945.3334 -0.198460    
 1945.4166 -0.622093    
 1945.5000 -0.849638    
 1945.5834 -0.990612    
 1945.6666 -0.349186    
 1945.7500 -0.359434    
 1945.8334  0.736954    
 1945.9166  0.941565    
 1946.0000  0.146749    
 1946.0834 -0.605774E-01
 1946.1666  0.371672    
 1946.2500  0.359795    
 1946.3334  0.258171    
 1946.4166 -0.498222    
 1946.5000  -1.07690    
 1946.5834  -1.14742    
 1946.6666  -1.06706    
 1946.7500 -0.790373    
 1946.8334 -0.394655    
 1946.9166 -0.267796    
 1947.0000 -0.395502    
 1947.0834 -0.426258    
 1947.1666 -0.546568    
 1947.2500 -0.298244    
 1947.3334 -0.620569    
 1947.4166  0.298607    
 1947.5000 -0.194073E-01
 1947.5834 -0.444201    
 1947.6666 -0.888237    
 1947.7500  -1.31636    
 1947.8334  -1.39083    
 1947.9166 -0.515707    
 1948.0000 -0.797962    
 1948.0834 -0.622149    
 1948.1666  -1.61079    
 1948.2500 -0.290754    
 1948.3334  0.171421    
 1948.4166 -0.177402    
 1948.5000 -0.528898    
 1948.5834  -1.28921    
 1948.6666  -1.14248    
 1948.7500  -1.36374    
 1948.8334 -0.182535    
 1948.9166 -0.872126    
 1949.0000 -0.855671    
 1949.0834 -0.878557    
 1949.1666 -0.278259    
 1949.2500 -0.298815    
 1949.3334 -0.936720    
 1949.4166  -1.17759    
 1949.5000 -0.996578    
 1949.5834 -0.770821    
 1949.6666 -0.701557    
 1949.7500 -0.995564    
 1949.8334  -1.51644    
 1949.9166  -1.88071    
 1950.0000  -1.80300    
 1950.0834  -1.62026    
 1950.1666  -1.28114    
 1950.2500  -1.46244    
 1950.3334  -1.71359    
 1950.4166  -1.13850    
 1950.5000 -0.905968    
 1950.5834  -1.06039    
 1950.6666  -1.13952    
 1950.7500 -0.966133    
 1950.8334  -1.06144    
 1950.9166  -1.29493    
 1951.0000  -1.31136    
 1951.0834  -1.09673    
 1951.1666 -0.342089    
 1951.2500 -0.215815    
 1951.3334  0.312805E-01
 1951.4166 -0.218172    
 1951.5000  0.270912    
 1951.5834  0.112869    
 1951.6666  0.405523    
 1951.7500  0.294888    
 1951.8334  0.352755    
 1951.9166  0.172335    
 1952.0000  0.504894E-01
 1952.0834 -0.137177E-01
 1952.1666 -0.247765E-02
 1952.2500  0.174065    
 1952.3334  0.204380    
 1952.4166 -0.251183    
 1952.5000 -0.377447    
 1952.5834 -0.479961    
 1952.6666 -0.343327    
 1952.7500 -0.271593    
 1952.8334 -0.379435    
 1952.9166 -0.155725    
 1953.0000  0.242338    
 1953.0834  0.370182    
 1953.1666  0.284101    
 1953.2500  0.373596    
 1953.3334  0.376551    
 1953.4166  0.453358    
 1953.5000  0.302761    
 1953.5834  0.172998    
 1953.6666  0.249933    
 1953.7500  0.316338    
 1953.8334  0.226215    
 1953.9166  0.357964    
 1954.0000  0.276478    
 1954.0834  0.236252    
 1954.1666 -0.317327    
 1954.2500 -0.952496    
 1954.3334 -0.842419    
 1954.4166 -0.687033    
 1954.5000 -0.871187    
 1954.5834  -1.21645    
 1954.6666  -1.34979    
 1954.7500  -1.14042    
 1954.8334 -0.833136    
 1954.9166  -1.02261    
 1955.0000 -0.833582    
 1955.0834 -0.956339    
 1955.1666 -0.954138    
 1955.2500  -1.14323    
 1955.3334 -0.988218    
 1955.4166 -0.904531    
 1955.5000 -0.871338    
 1955.5834  -1.08467    
 1955.6666  -1.23505    
 1955.7500  -2.13603    
 1955.8334  -2.25680    
 1955.9166  -1.91541    
 1956.0000  -1.01783    
 1956.0834 -0.756477    
 1956.1666 -0.737888    
 1956.2500  -1.02288    
 1956.3334 -0.611818    
 1956.4166 -0.653002    
 1956.5000 -0.796787    
 1956.5834  -1.02757    
 1956.6666 -0.881876    
 1956.7500 -0.948574    
 1956.8334 -0.972795    
 1956.9166 -0.808907    
 1957.0000 -0.619732    
 1957.0834 -0.350708    
 1957.1666  0.722008E-01
 1957.2500  0.296566    
 1957.3334  0.458771    
 1957.4166  0.554798    
 1957.5000  0.832132    
 1957.5834  0.747290    
 1957.6666  0.561323    
 1957.7500  0.562956    
 1957.8334  0.963484    
 1957.9166   1.15088    
 1958.0000   1.52430    
 1958.0834   1.37257    
 1958.1666  0.848682    
 1958.2500  0.424076    
 1958.3334  0.370932    
 1958.4166  0.433308    
 1958.5000  0.639515E-01
 1958.5834 -0.111931    
 1958.6666 -0.228577    
 1958.7500 -0.376129E-01
 1958.8334  0.275015    
 1958.9166  0.127123    
 1959.0000  0.341040    
 1959.0834  0.339481    
 1959.1666  0.757523E-01
 1959.2500  0.736618E-02
 1959.3334 -0.224709    
 1959.4166 -0.383383    
 1959.5000 -0.750559    
 1959.5834 -0.689722    
 1959.6666 -0.769407    
 1959.7500 -0.521624    
 1959.8334 -0.556684    
 1959.9166 -0.419697    
 1960.0000 -0.386662    
 1960.0834 -0.476469    
 1960.1666 -0.410879    
 1960.2500 -0.228485    
 1960.3334 -0.300749    
 1960.4166 -0.519512    
 1960.5000 -0.454067    
 1960.5834 -0.175631    
 1960.6666 -0.387897    
 1960.7500 -0.515034    
 1960.8334 -0.336185    
 1960.9166 -0.449535    
 1961.0000 -0.358742    
 1961.0834 -0.368519    
 1961.1666 -0.455849    
 1961.2500 -0.486954    
 1961.3334 -0.235590    
 1961.4166 -0.689316E-02
 1961.5000 -0.226639    
 1961.5834 -0.668781    
 1961.6666 -0.906237    
 1961.7500 -0.963663    
 1961.8334 -0.630276    
 1961.9166 -0.577606    
 1962.0000 -0.558802    
 1962.0834 -0.595798    
 1962.1666 -0.552269    
 1962.2500 -0.626905    
 1962.3334 -0.755178    
 1962.4166 -0.538443    
 1962.5000 -0.443197    
 1962.5834 -0.559761    
 1962.6666 -0.857058    
 1962.7500 -0.715174    
 1962.8334 -0.905756    
 1962.9166 -0.900776    
 1963.0000 -0.770041    
 1963.0834 -0.565989    
 1963.1666 -0.206038    
 1963.2500 -0.883141E-01
 1963.3334 -0.371159    
 1963.4166 -0.112122    
 1963.5000  0.475342    
 1963.5834  0.522799    
 1963.6666  0.572952    
 1963.7500  0.630777    
 1963.8334  0.653255    
 1963.9166  0.837494    
 1964.0000  0.621939    
 1964.0834  0.331223    
 1964.1666 -0.311687    
 1964.2500 -0.794485    
 1964.3334 -0.945709    
 1964.4166  -1.05574    
 1964.5000  -1.02438    
 1964.5834  -1.22740    
 1964.6666  -1.36380    
 1964.7500  -1.29409    
 1964.8334  -1.34261    
 1964.9166  -1.30482    
 1965.0000 -0.932272    
 1965.0834 -0.547897    
 1965.1666 -0.376209    
 1965.2500 -0.355755    
 1965.3334  0.112515E-01
 1965.4166  0.365849    
 1965.5000  0.629282    
 1965.5834  0.921589    
 1965.6666   1.04768    
 1965.7500   1.30971    
 1965.8334   1.28553    
 1965.9166   1.17278    
 1966.0000  0.947418    
 1966.0834  0.653051    
 1966.1666  0.736971    
 1966.2500  0.294044    
 1966.3334 -0.303780    
 1966.4166  0.235481E-01
 1966.5000 -0.351677E-01
 1966.5834 -0.385632    
 1966.6666 -0.424908    
 1966.7500 -0.416464    
 1966.8334 -0.390076    
 1966.9166 -0.564445    
 1967.0000 -0.656052    
 1967.0834 -0.659088    
 1967.1666 -0.853359    
 1967.2500  -1.01111    
 1967.3334 -0.532410    
 1967.4166 -0.156832    
 1967.5000 -0.300959    
 1967.5834 -0.472311    
 1967.6666 -0.895567    
 1967.7500 -0.748873    
 1967.8334 -0.621296    
 1967.9166 -0.742867    
 1968.0000 -0.982422    
 1968.0834  -1.17879    
 1968.1666  -1.08601    
 1968.2500 -0.766544    
 1968.3334 -0.652618    
 1968.4166  0.179077    
 1968.5000  0.250832    
 1968.5834  0.214882E-01
 1968.6666 -0.123568    
 1968.7500 -0.990734E-01
 1968.8334  0.422655    
 1968.9166  0.475834    
 1969.0000  0.695169    
 1969.0834  0.876331    
 1969.1666  0.511581    
 1969.2500  0.349716    
 1969.3334  0.350391    
 1969.4166  0.172867    
 1969.5000 -0.520287E-01
 1969.5834  0.198528    
 1969.6666  0.360853    
 1969.7500  0.574657    
 1969.8334  0.432735    
 1969.9166  0.425953    
 1970.0000  0.277409    
 1970.0834  0.240631    
 1970.1666  0.213909E-01
 1970.2500  0.410862E-01
 1970.3334 -0.193869    
 1970.4166 -0.574253    
 1970.5000 -0.906109    
 1970.5834  -1.26511    
 1970.6666  -1.15938    
 1970.7500  -1.21717    
 1970.8334  -1.15615    
 1970.9166  -1.34791    
 1971.0000  -1.74868    
 1971.0834  -1.53468    
 1971.1666  -1.32253    
 1971.2500  -1.15949    
 1971.3334 -0.913330    
 1971.4166  -1.06881    
 1971.5000  -1.00082    
 1971.5834 -0.994310    
 1971.6666  -1.03141    
 1971.7500  -1.15493    
 1971.8334 -0.972956    
 1971.9166  -1.20621    
 1972.0000 -0.935591    
 1972.0834 -0.543728    
 1972.1666 -0.231489    
 1972.2500  0.429554E-01
 1972.3334  0.316092    
 1972.4166  0.486898    
 1972.5000  0.844812    
 1972.5834   1.02328    
 1972.6666   1.11148    
 1972.7500   1.51677    
 1972.8334   1.80478    
 1972.9166   1.83475    
 1973.0000   1.49398    
 1973.0834   1.04501    
 1973.1666  0.340441    
 1973.2500 -0.306284    
 1973.3334 -0.804310    
 1973.4166 -0.951832    
 1973.5000  -1.32025    
 1973.5834  -1.44059    
 1973.6666  -1.67228    
 1973.7500  -1.93859    
 1973.8334  -2.25692    
 1973.9166  -2.15595    
 1974.0000  -2.00224    
 1974.0834  -1.65524    
 1974.1666  -1.41541    
 1974.2500  -1.20703    
 1974.3334  -1.17879    
 1974.4166  -1.08777    
 1974.5000 -0.834297    
 1974.5834 -0.554482    
 1974.6666 -0.618446    
 1974.7500 -0.908394    
 1974.8334 -0.999655    
 1974.9166 -0.908316    
 1975.0000 -0.503811    
 1975.0834 -0.705698    
 1975.1666 -0.974339    
 1975.2500 -0.829975    
 1975.3334 -0.904589    
 1975.4166  -1.24696    
 1975.5000  -1.15822    
 1975.5834  -1.42244    
 1975.6666  -1.63061    
 1975.7500  -1.76767    
 1975.8334  -1.58265    
 1975.9166  -1.85388    
 1976.0000  -1.92470    
 1976.0834  -1.31173    
 1976.1666 -0.778088    
 1976.2500 -0.784775    
 1976.3334 -0.619539    
 1976.4166 -0.358902    
 1976.5000 -0.153318    
 1976.5834 -0.462151E-02
 1976.6666  0.159773    
 1976.7500  0.668596    
 1976.8334  0.614784    
 1976.9166  0.537125    
 1977.0000  0.661688    
 1977.0834  0.340601    
 1977.1666  0.198421    
 1977.2500 -0.205675    
 1977.3334 -0.120983E-01
 1977.4166  0.199358    
 1977.5000  0.204863    
 1977.5834 -0.524120E-01
 1977.6666  0.210012    
 1977.7500  0.485746    
 1977.8334  0.506685    
 1977.9166  0.637474    
 1978.0000  0.527138    
 1978.0834  0.256271    
 1978.1666 -0.164728    
 1978.2500 -0.636015    
 1978.3334 -0.549299    
 1978.4166 -0.573883    
 1978.5000 -0.539818    
 1978.5834 -0.790981    
 1978.6666 -0.753246    
 1978.7500 -0.527193    
 1978.8334 -0.350426    
 1978.9166 -0.153637    
 1979.0000 -0.225981    
 1979.0834 -0.284338    
 1979.1666  0.546017E-01
 1979.2500  0.819244E-01
 1979.3334 -0.776901E-01
 1979.4166 -0.133902    
 1979.5000 -0.254438    
 1979.5834 -0.108412    
 1979.6666  0.274424    
 1979.7500  0.920162E-01
 1979.8334  0.326994    
 1979.9166  0.457994    
 1980.0000  0.443308    
 1980.0834  0.220072    
 1980.1666  0.178623E-01
 1980.2500  0.101547E-01
 1980.3334  0.185141    
 1980.4166  0.315659    
 1980.5000  0.159552    
 1980.5834 -0.215851    
 1980.6666 -0.239397    
 1980.7500 -0.257763    
 1980.8334 -0.864658E-01
 1980.9166  0.888329E-01
 1981.0000 -0.323591    
 1981.0834 -0.600859    
 1981.1666 -0.559549    
 1981.2500 -0.428986    
 1981.3334 -0.442879    
 1981.4166 -0.307663    
 1981.5000 -0.519548    
 1981.5834 -0.507742    
 1981.6666 -0.301067    
 1981.7500 -0.295963    
 1981.8334 -0.325125    
 1981.9166 -0.164156    
 1982.0000  0.131760    
 1982.0834 -0.187479    
 1982.1666  0.161522    
 1982.2500  0.281525    
 1982.3334  0.501560    
 1982.4166  0.599298    
 1982.5000  0.446993    
 1982.5834  0.708378    
 1982.6666   1.36109    
 1982.7500   1.84242    
 1982.8334   1.90776    
 1982.9166   2.14485    
 1983.0000   2.11315    
 1983.0834   1.80343    
 1983.1666   1.35682    
 1983.2500  0.983965    
 1983.3334  0.931702    
 1983.4166  0.599598    
 1983.5000 -0.618687E-01
 1983.5834 -0.197212    
 1983.6666 -0.450916    
 1983.7500 -0.940504    
 1983.8334  -1.03123    
 1983.9166 -0.849096    
 1984.0000 -0.630661    
 1984.0834 -0.161077    
 1984.1666 -0.378319    
 1984.2500 -0.541565    
 1984.3334 -0.544100    
 1984.4166 -0.654762    
 1984.5000 -0.346598    
 1984.5834 -0.281841    
 1984.6666 -0.405518    
 1984.7500 -0.649143    
 1984.8334  -1.13556    
 1984.9166  -1.27104    
 1985.0000  -1.03488    
 1985.0834 -0.648909    
 1985.1666 -0.710819    
 1985.2500 -0.998144    
 1985.3334 -0.846159    
 1985.4166 -0.760603    
 1985.5000 -0.511398    
 1985.5834 -0.507980    
 1985.6666 -0.693167    
 1985.7500 -0.444563    
 1985.8334 -0.287895    
 1985.9166 -0.348307    
 1986.0000 -0.589741    
 1986.0834 -0.628359    
 1986.1666 -0.341049    
 1986.2500 -0.217644    
 1986.3334 -0.321468    
 1986.4166 -0.158182    
 1986.5000 -0.368671E-01
 1986.5834  0.255129    
 1986.6666  0.497892    
 1986.7500  0.734037    
 1986.8334  0.880655    
 1986.9166  0.963804    
 1987.0000   1.02722    
 1987.0834   1.09340    
 1987.1666   1.11293    
 1987.2500  0.815916    
 1987.3334  0.641251    
 1987.4166  0.880438    
 1987.5000   1.22728    
 1987.5834   1.46200    
 1987.6666   1.50938    
 1987.7500   1.24402    
 1987.8334   1.08872    
 1987.9166  0.902615    
 1988.0000  0.786728    
 1988.0834  0.233702    
 1988.1666  0.418224E-01
 1988.2500 -0.312654    
 1988.3334  -1.00185    
 1988.4166  -1.45374    
 1988.5000  -1.56253    
 1988.5834  -1.23206    
 1988.6666  -1.07149    
 1988.7500  -1.81499    
 1988.8334  -1.93188    
 1988.9166  -1.83869    
 1989.0000  -1.89538    
 1989.0834  -1.45257    
 1989.1666  -1.16119    
 1989.2500  -1.05185    
 1989.3334 -0.767159    
 1989.4166 -0.514812    
 1989.5000 -0.447079    
 1989.5834 -0.486341    
 1989.6666 -0.366386    
 1989.7500 -0.417774    
 1989.8334 -0.458315    
 1989.9166 -0.116735    
 1990.0000 -0.340805E-01
 1990.0834  0.125732    
 1990.1666  0.821114E-02
 1990.2500  0.438347E-01
 1990.3334  0.908203E-01
 1990.4166 -0.805283E-02
 1990.5000  0.200941    
 1990.5834  0.160789    
 1990.6666  0.157383    
 1990.7500  0.249676    
 1990.8334  0.111555    
 1990.9166  0.314663    
 1991.0000  0.410669    
 1991.0834  0.301132    
 1991.1666  0.853214E-01
 1991.2500  0.288445    
 1991.3334  0.325510    
 1991.4166  0.540037    
 1991.5000  0.776152    
 1991.5834  0.755968    
 1991.6666  0.479023    
 1991.7500  0.878246    
 1991.8334   1.20218    
 1991.9166   1.56529    
 1992.0000   1.69513    
 1992.0834   1.64282    
 1992.1666   1.29083    
 1992.2500   1.19237    
 1992.3334   1.04120    
 1992.4166  0.776867    
 1992.5000  0.455301    
 1992.5834  0.142689    
 1992.6666 -0.864601E-02
 1992.7500 -0.154844    
 1992.8334 -0.955963E-01
 1992.9166  0.296745E-01
 1993.0000  0.163788    
 1993.0834  0.357542    
 1993.1666  0.417772    
 1993.2500  0.773136    
 1993.3334  0.907530    
 1993.4166  0.552948    
 1993.5000  0.283482    
 1993.5834  0.703087E-01
 1993.6666  0.317062    
 1993.7500  0.196747    
 1993.8334  0.118105    
 1993.9166  0.210524    
 1994.0000  0.148109    
 1994.0834  0.121012    
 1994.1666  0.131372    
 1994.2500  0.319456    
 1994.3334  0.399971    
 1994.4166  0.351997    
 1994.5000  0.326902    
 1994.5834  0.475698    
 1994.6666  0.261694    
 1994.7500  0.615147    
 1994.8334   1.08974    
 1994.9166   1.22169    
 1995.0000  0.968239    
 1995.0834  0.703701    
 1995.1666  0.439922    
 1995.2500  0.324184    
 1995.3334  0.382214E-01
 1995.4166  0.395470E-01
 1995.5000 -0.104729    
 1995.5834 -0.456341    
 1995.6666 -0.764076    
 1995.7500 -0.873293    
 1995.8334 -0.983376    
 1995.9166 -0.901596    
 1996.0000 -0.843391    
 1996.0834 -0.808378    
 1996.1666 -0.599499    
 1996.2500 -0.325634    
 1996.3334 -0.208349    
 1996.4166 -0.183872    
 1996.5000 -0.212109    
 1996.5834 -0.168661    
 1996.6666 -0.375206    
 1996.7500 -0.345144    
 1996.8334 -0.359266    
 1996.9166 -0.571377    
 1997.0000 -0.552280    
 1997.0834 -0.388388    
 1997.1666 -0.328878    
 1997.2500  0.165834    
 1997.3334  0.561340    
 1997.4166   1.09198    
 1997.5000   1.44209    
 1997.5834   1.74249    
 1997.6666   1.97841    
 1997.7500   2.24714    
 1997.8334   2.33212    
 1997.9166   2.23980    
 1998.0000   2.21996    
 1998.0834   1.89695    
 1998.1666   1.32287    
 1998.2500  0.869646    
 1998.3334  0.672522    
 1998.4166 -0.162102    
 1998.5000 -0.755758    
 1998.5834  -1.14084    
 1998.6666  -1.14728    
 1998.7500  -1.28056    
 1998.8334  -1.20628    
 1998.9166  -1.52001    
 1999.0000  -1.58047    
 1999.0834  -1.23965    
 1999.1666 -0.845638    
 1999.2500 -0.876295    
 1999.3334 -0.910439    
 1999.4166  -1.02676    
 1999.5000 -0.949438    
 1999.5834  -1.11023    
 1999.6666 -0.994867    
 1999.7500  -1.12889    
 1999.8334  -1.43130    
 1999.9166  -1.60103    
 2000.0000  -1.70502    
 2000.0834  -1.45390    
 2000.1666  -1.01277    
 2000.2500 -0.832645    
 2000.3334 -0.736729    
 2000.4166 -0.657202    
 2000.5000 -0.564169    
 2000.5834 -0.535030    
 2000.6666 -0.532406    
 2000.7500 -0.745754    
 2000.8334 -0.760025    
 2000.9166 -0.840536    
 2001.0000 -0.746601    
 2001.0834 -0.566837    
 2001.1666 -0.398008    
 2001.2500 -0.382334    
 2001.3334 -0.208630    
 2001.4166 -0.697918E-01
 2001.5000  0.678711E-01
 2001.5834 -0.767117E-01
 2001.6666 -0.161797    
 2001.7500 -0.131653    
 2001.8334 -0.273216    
 2001.9166 -0.440527    
 2002.0000 -0.159201    
 2002.0834 -0.311279E-01
 2002.1666  0.392609E-01
 2002.2500  0.125616    
 2002.3334  0.393702    
 2002.4166  0.770498    
 2002.5000  0.785122    
 2002.5834  0.859959    
 2002.6666  0.992764    
 2002.7500   1.18408    
 2002.8334   1.36917    
 2002.9166   1.28820    
 2003.0000  0.728270    
 2003.0834  0.667683    
 2003.1666  0.435181    
 2003.2500 -0.129337E-01
 2003.3334 -0.389359    
 2003.4166 -0.818920E-01
 2003.5000  0.261272    
 2003.5834  0.221189    
 2003.6666  0.229633    
 2003.7500  0.432346    
 2003.8334  0.421844    
 2003.9166  0.379333    
 2004.0000  0.239239    
 2004.0834  0.186382    
 2004.1666  0.865116E-01
 2004.2500  0.151936    
 2004.3334  0.174120    
 2004.4166  0.200558    
 2004.5000  0.588612    
 2004.5834  0.737839    
 2004.6666  0.781033    
 2004.7500  0.739807    
 2004.8334  0.711254    
 2004.9166  0.738054    
 2005.0000  0.678450    
 2005.0834  0.453522    
 2005.1666  0.529722    
 2005.2500  0.392826    
 2005.3334  0.448191    
 2005.4166  0.236137    
 2005.5000 -0.875683E-01
 2005.5834  0.570889E-01
 2005.6666  0.324936E-01
 2005.7500 -0.152035E-01
 2005.8334 -0.431955    
 2005.9166 -0.705086    
 2006.0000 -0.807981    
 2006.0834 -0.566849    
 2006.1666 -0.531729    
 2006.2500 -0.178785    
 2006.3334 -0.628853E-02
 2006.4166  0.114727    
 2006.5000  0.105532    
 2006.5834  0.333309    
 2006.6666  0.572332    
 2006.7500  0.698837    
 2006.8334   1.01068    
 2006.9166   1.08157    
 2007.0000  0.737289    
 2007.0834  0.215181    
 2007.1666  0.159721E-01
 2007.2500 -0.143015    
 2007.3334 -0.246830    
 2007.4166 -0.148182    
 2007.5000 -0.310148    
 2007.5834 -0.513620    
 2007.6666 -0.862806    
 2007.7500  -1.09279    
 2007.8334  -1.19201    
 2007.9166  -1.23804    
 2008.0000  -1.48813    
 2008.0834  -1.47511    
 2008.1666  -1.08651    
 2008.2500 -0.859144    
 2008.3334 -0.706968    
 2008.4166 -0.535242    
 2008.5000 -0.261408    
 2008.5834 -0.161642    
 2008.6666 -0.243338    
 2008.7500 -0.289423    
 2008.8334 -0.359695    
 2008.9166 -0.744486    
 2009.0000 -0.922222    
 2009.0834 -0.706697    
 2009.1666 -0.403959    
 2009.2500 -0.718250E-01
 2009.3334  0.196091    
 2009.4166  0.418697    
 2009.5000  0.549803    
 2009.5834  0.554638    
 2009.6666  0.626564    
 2009.7500  0.924128    
 2009.8334   1.33547    
 2009.9166   1.41967    
 2010.0000   1.26561    
 2010.0834   1.11404    
 2010.1666  0.881882    
 2010.2500  0.504725    
 2010.3334  0.135117E-01
 2010.4166 -0.450403    
 2010.5000 -0.786089    
 2010.5834  -1.16132    
 2010.6666  -1.41769    
 2010.7500  -1.36608    
 2010.8334  -1.31651    
 2010.9166  -1.34898    
 2011.0000  -1.46792    
 2011.0834  -1.06430    
 2011.1666 -0.769188    
 2011.2500 -0.559065    
 2011.3334 -0.342159    
 2011.4166 -0.128103    
 2011.5000 -0.204948    
 2011.5834 -0.520361    
 2011.6666 -0.795267    
 2011.7500 -0.860113    
 2011.8334 -0.914145    
 2011.9166 -0.857327    
 2012.0000 -0.762241    
 2012.0834 -0.599628    
 2012.1666 -0.431778    
 2012.2500 -0.439875    
 2012.3334 -0.316599    
 2012.4166 -0.108633    
 2012.5000  0.143883    
 2012.5834  0.286089    
 2012.6666  0.492424    
 2012.7500  0.449436    
 2012.8334  0.330784    
 2012.9166 -0.273046    
 2013.0000 -0.571451    
 2013.0834 -0.504417    
 2013.1666 -0.414278    
 2013.2500 -0.158085    
 2013.3334 -0.132790    
 2013.4166 -0.249641    
 2013.5000 -0.229137    
 2013.5834 -0.186991    
 2013.6666 -0.175476    
 2013.7500 -0.168814    
 2013.8334 -0.152916    
 2013.9166 -0.202017    
 2014.0000 -0.581291    
 2014.0834 -0.713108    
 2014.1666 -0.466478    
 2014.2500 -0.127905    
 2014.3334  0.618210E-01
 2014.4166 -0.450325E-01
 2014.5000 -0.347080E-01
 2014.5834 -0.633717E-01
 2014.6666  0.157293    
 2014.7500  0.418737    
 2014.8334  0.744474    
 2014.9166  0.671194    
 2015.0000  0.505018    
 2015.0834  0.355732    
 2015.1666  0.413401    
 2015.2500  0.729305    
 2015.3334  0.864660    
 2015.4166  0.968748    
 2015.5000   1.19417    
 2015.5834   1.50853    
 2015.6666   1.74817    
 2015.7500   2.04022    
 2015.8334   2.36814    
 2015.9166   2.32192    
 2016.0000   2.24037    
 2016.0834   2.20386    

