# AMO index SST EQ-60N, 0-80W minus SST 60S-60N
# as in <a href="http://www.agu.org/pubs/crossref/2006/2006GL026894.shtml">Trenberth and Shea 2006</a>
# based on ERSST v3b from NCDC
# AMO [C] SST
 1854  0.1988697      0.2785816      0.2009945      0.1761818      0.5532646E-01 -0.6748390E-01  0.6555176E-01  0.7390022E-01 -0.6724548E-01 -0.8953667E-01  0.1818027      0.3952312    
 1855  0.3336906      0.2870598      0.3824444      0.2189732     -0.7402229E-01  0.1126060      0.6256104E-01  0.2632141E-01 -0.8360481E-01  0.7177353E-01 -0.4395676E-01 -0.9338951E-01
 1856 -0.7909966E-01 -0.5792046E-01 -0.1183167     -0.1099453     -0.8335304E-01 -0.1014843     -0.4948807E-01  0.9439087E-01 -0.2667427E-01  0.1876259E-01 -0.1813698E-01 -0.3629875E-01
 1857  0.7168007E-01  0.1177006      0.1376514      0.5195236E-01 -0.1310349E-01 -0.1126728     -0.1984062     -0.3138504     -0.3162060     -0.3692760     -0.3270378     -0.2932987    
 1858 -0.2104206     -0.1144409     -0.8139801E-01  0.8364296E-01  0.1277466      0.2714157E-02 -0.7269859E-01 -0.8464813E-01 -0.9886551E-01 -0.5088806E-01  0.4146385E-01  0.1362209    
 1859  0.7067108E-01 -0.9043121E-01  0.6067276E-01  0.1475830      0.3892174      0.4739571E-01  0.4757118E-01  0.1955204      0.5339622E-01  0.2090034     -0.4338837E-01 -0.1012001    
 1860 -0.9939194E-02  0.1111984E-01  0.1238327      0.1545830      0.3581181      0.4178143      0.4094429      0.3555889      0.1816864      0.2815132      0.3987732     -0.9654045E-01
 1861 -0.4110203     -0.2119389      0.1614723      0.4904137      0.2636776      0.4229355      0.4549732      0.3858795      0.2620640      0.3675442      0.3004532      0.2029915    
 1862  0.8364105E-01  0.3764801      0.1539421E-01 -0.3588066     -0.1741047     -0.1681252     -0.3154469     -0.3100986     -0.2515755     -0.2455482      0.6945229E-01  0.2516403    
 1863 -0.8996010E-01 -0.4780960E-01  0.4404259E-01  0.8725357E-01 -0.5093384E-01 -0.2483158      0.7080269E-01 -0.1305294     -0.1878548     -0.6649075     -0.4676781     -0.5501499    
 1864 -0.4900608     -0.4966011     -0.4013062     -0.1450462     -0.2550945     -0.5406036     -0.3076382     -0.1108608      0.1413364     -0.4043179     -0.2041473     -0.3869820E-01
 1865  0.3705292      0.2032204      0.3331738      0.7896233E-01  0.6744766E-01 -0.1812325      0.3459034      0.1375008E-01 -0.7859612E-01  0.1712418E-01  0.2299423      0.2889309    
 1866  0.6562042E-01 -0.3522873E-01 -0.4154778E-01 -0.9275436E-02  0.2563477      0.3092251      0.2003517      0.1201496      0.3724060      0.2187328      0.2096424      0.9544716    
 1867  0.6780109      0.7538300      0.5107613      0.2968540      0.2377701E-01 -0.3508377E-01  0.4981232E-01  0.2882195      0.5630493E-01 -0.1940460      0.2694321E-01  0.1400509    
 1868  0.1981602     -0.1932602      0.2047348E-01 -0.2208519E-01  0.2566662      0.5668964      0.4756317      0.3754311     -0.4282341     -0.6100578     -0.4114723E-01 -0.2112389    
 1869  0.2393150E-01 -0.1782036E-01  0.9928322E-01 -0.2242661E-01  0.7093620E-01  0.7134438E-01  0.1382332      0.1595707      0.2066746      0.2429028      0.1236629      0.2532215    
 1870  0.5300522E-02  0.1477699      0.6713295E-01  0.1277237      0.1428070      0.5221558E-01  0.2462425      0.6659126E-01  0.1330547      0.2378235      0.1651421     -0.3283882E-01
 1871 -0.4683876E-01 -0.1659298     -0.8377075E-02 -0.1707554      0.1570511E-01  0.2894840      0.3093739      0.1043205     -0.1307449      0.1388035      0.1030331      0.5773163E-01
 1872 -0.2623196     -0.1804314     -0.7494736E-01 -0.1244068     -0.5245399E-01 -0.6835365E-01  0.2012444E-01  0.5183029E-01  0.1913567     -0.3412819E-01  0.4510117E-01 -0.1153107    
 1873  0.1121902      0.2265301      0.7820129E-01  0.2661324E-01  0.8087158E-02 -0.8214378E-01 -0.2553272     -0.7254982E-01  0.5991364E-01  0.1516533      0.1526012      0.1666107    
 1874  0.1604004     -0.1688957E-01  0.1165428      0.2203331      0.3440971      0.3401260      0.2900219      0.2584705      0.7822418E-01  0.8373260E-01  0.1170826     -0.1482792    
 1875 -0.2592793      0.5388069E-01 -0.1292610E-01 -0.8986473E-01  0.2152634E-01  0.6338692E-01  0.4855156E-01  0.7897949E-01  0.1204357     -0.1947403E-02 -0.3994751E-01 -0.2727509E-02
 1876 -0.1184311     -0.1575718     -0.8534813E-01 -0.2594967      0.1562672      0.1731262      0.8144379E-01  0.3656311      0.6820049      0.1543732      0.7372284E-01  0.6707954E-01
 1877  0.8152199E-01  0.1691208      0.2468338      0.4052429      0.2021656      0.4457664      0.3273830      0.9080124E-01  0.8421516E-01 -0.6804657E-01  0.2372742E-02 -0.1363792    
 1878  0.1640396      0.6925011E-01  0.2928028      0.4433231      0.5219555      0.5481968      0.5200214      0.5034008      0.3516140     -0.2494621E-01  0.2497616      0.3212299    
 1879  0.1641407      0.9725952E-01 -0.1971626E-01  0.2847290E-01  0.1508865      0.1280861     -0.1640701E-01 -0.3710938E-01  0.1975060      0.3952827      0.1359444      0.8923149E-01
 1880  0.4961205E-01  0.1137924E-01  0.6848335E-01  0.1136398E-01 -0.9915352E-01 -0.1132584E-01  0.1505222      0.1818085E-01  0.5709457E-01  0.3154755E-02 -0.3545761E-01 -0.2055988    
 1881  0.8509064E-01  0.2882404      0.2642021      0.1214237      0.1702766      0.1734371     -0.3101730E-01 -0.1537399     -0.2013588E-01  0.1987267E-01 -0.1120872     -0.2039680    
 1882 -0.2264690     -0.2307510     -0.1485767     -0.1484852     -0.9832382E-01 -0.2510452E-01 -0.2410259     -0.2269287     -0.3070755     -0.1007767      0.5172729E-02 -0.1186390    
 1883 -0.1789799     -0.1410904     -0.1545467     -0.1080265     -0.8800507E-01 -0.1802139     -0.1097260     -0.1466198     -0.2239742     -0.2064075     -0.1488876      0.1041985E-01
 1884 -0.1377296     -0.1669197     -0.1628475     -0.2358475     -0.1694336     -0.1257057     -0.1876469     -0.1407299     -0.2736549     -0.2257366     -0.2862282     -0.6389999E-01
 1885  0.3978157E-01 -0.3636932E-01 -0.3521729E-01 -0.3829765E-01 -0.3092384E-01 -0.1245441     -0.1103573     -0.2141953E-01  0.3994560E-01  0.8504295E-01  0.1133213      0.4989243E-01
 1886  0.3308010      0.3525887      0.3197918      0.3654919      0.3737373      0.3242760      0.2599316      0.1007404     -0.5466461E-01  0.1842499E-02 -0.7769775E-01  0.8347130E-01
 1887  0.2954102E-01  0.4323959E-01  0.6667137E-01  0.1525135      0.2390270      0.3052864      0.2512913      0.1024895     -0.7064819E-02  0.1890831      0.2577724      0.1999702    
 1888  0.1315098      0.1403599      0.3062935      0.6476402E-01 -0.6042480E-02  0.4866600E-01 -0.1298676     -0.1904697     -0.1789341     -0.1594162     -0.9356689E-01 -0.6647873E-01
 1889 -0.7374954E-01 -0.3812981E-01  0.4482269E-01  0.1327229      0.3524590E-01 -0.2267265E-01 -0.2521667     -0.1130486     -0.4587364E-01 -0.3844643E-01  0.8088303E-01  0.6231117E-01
 1890  0.5986023E-01  0.7957840E-01 -0.2577782E-01 -0.1818562     -0.1644936     -0.1480141     -0.2648182     -0.3609295     -0.1410141      0.1332531     -0.1076775     -0.2057991    
 1891 -0.2228985     -0.1490097     -0.5489731E-01  0.2940369E-01 -0.1963425E-01 -0.1215229      0.3523254E-01  0.6498146E-01 -0.1311302E-01 -0.1501656     -0.2520866     -0.2180500    
 1892 -0.5681801E-01  0.1386833E-01  0.7590294E-01 -0.3626633E-01 -0.2779522     -0.3004246     -0.2112274     -0.1621189     -0.1457539     -0.2503376     -0.1924782     -0.2374191    
 1893 -0.1236591     -0.5468178E-01 -0.3976631E-01 -0.1297359     -0.2166367E-01  0.7624435E-01  0.8167267E-01  0.8736038E-01  0.5804443E-01  0.8362389E-01  0.1249619      0.5588150E-01
 1894 -0.3430939E-01 -0.1203804     -0.8860779E-01 -0.2279854     -0.1856422     -0.2081051     -0.9088707E-01 -0.1633587     -0.2110634     -0.3158360     -0.3682480     -0.2540989    
 1895 -0.2037010     -0.1620293     -0.1758080     -0.3412971     -0.2980633     -0.2100239     -0.1231880     -0.1939983     -0.1398163     -0.4249763E-01 -0.9475708E-01 -0.1573391    
 1896 -0.9050941E-01 -0.6584167E-01 -0.1301670     -0.1464252      0.2349262      0.1911564      0.2110100E-01  0.6101990E-01  0.9028625E-01  0.1781273E-01 -0.1961708E-01 -0.1531792    
 1897 -0.1535702     -0.6761169E-01 -0.6652832E-01 -0.2875710E-01 -0.4423141E-02  0.2281570E-01 -0.5622673E-01 -0.2388306     -0.1695633     -0.1266766     -0.1102829E-01 -0.9005928E-01
 1898 -0.6961060E-01  0.2888870E-01  0.1873436      0.1100540      0.1076584      0.2050858      0.2168713      0.2860603      0.2067547      0.1252365E-01 -0.1080170     -0.1395874    
 1899 -0.3932953E-01 -0.1360397     -0.6653786E-01  0.1744938      0.1284370      0.1627541E-01  0.8811951E-03  0.5834961E-01  0.1567650E-01 -0.1237679E-01 -0.1746750E-01  0.5964088E-01
 1900  0.1462898      0.1157093     -0.4990578E-01  0.1381302E-01 -0.3668327     -0.2820034     -0.2647781     -0.2242107     -0.2251148     -0.1743774     -0.1541576     -0.6315804E-01
 1901 -0.2315903E-01  0.1398411     -0.1117706E-01 -0.6220627E-01 -0.5538177E-01 -0.5542755E-02 -0.8791733E-01 -0.2359390E-02  0.1364346      0.3500366E-01 -0.9824753E-01 -0.7263756E-01
 1902 -0.6589890E-02  0.7062912E-01 -0.2556610E-01 -0.1657066     -0.1499348     -0.1708851     -0.2410374     -0.2025299     -0.1389141     -0.4219627E-01 -0.5504799E-01 -0.1136875    
 1903 -0.6305885E-01  0.1021690      0.1240158E-01  0.5186272E-01 -0.1740265E-01 -0.2005329     -0.2768459     -0.3796387     -0.2529240     -0.3030968     -0.1466675     -0.2575207    
 1904 -0.1492691     -0.2280102     -0.2544155     -0.2714558     -0.1785126     -0.3553829     -0.3535366     -0.2853508     -0.3708458     -0.4219074     -0.2094364     -0.1541195    
 1905 -0.1730099     -0.2523003     -0.3262367     -0.2063866     -0.1596336     -0.2693634     -0.2680588     -0.4110889     -0.5407543     -0.4030266     -0.3534775     -0.3711090    
 1906 -0.9736824E-01 -0.4987907E-01 -0.1020775     -0.5075645E-01 -0.7480240E-01  0.3445435E-01 -0.9347725E-01 -0.1063995     -0.1550064     -0.1146164      0.1228333E-01 -0.8769798E-01
 1907 -0.1488800     -0.1840496     -0.2627659     -0.1945381     -0.2611923     -0.3263359     -0.3468075     -0.3307705     -0.7887459E-01 -0.9868622E-01 -0.8454704E-01 -0.5906868E-01
 1908  0.1881027E-01 -0.1576042E-01 -0.5256844E-01 -0.2268066     -0.6074333E-01  0.9690475E-01  0.1818924      0.6836128E-01  0.2079582E-01  0.8016205E-01  0.1087322      0.1727219    
 1909  0.1649399      0.3643990E-01  0.7162285E-01  0.6612778E-02  0.9556580E-01 -0.4579353E-01 -0.1424770     -0.3480911E-01  0.4665375E-01  0.1199436      0.3732681E-02  0.6415176E-01
 1910 -0.3264046E-01  0.5059052E-01  0.3798294E-01 -0.1621819E-01 -0.1700249     -0.2389851     -0.2216473     -0.1252995      0.6201553E-01 -0.1707077E-02  0.2424431      0.1643105    
 1911  0.7325172E-01  0.9683990E-01 -0.3301811E-01 -0.5852699E-01  0.3969765E-01  0.6410599E-01  0.1527119      0.1469707      0.3074455E-01 -0.3026581E-01 -0.1688061     -0.1752396    
 1912 -0.1442394     -0.1904202     -0.2199173     -0.2236156     -0.1665630     -0.2037239     -0.3649464     -0.5241203     -0.2718563     -0.2183666     -0.1381779     -0.8963776E-01
 1913 -0.1413593     -0.1087685     -0.6999588E-01 -0.2703972     -0.2640324     -0.3889732     -0.2548485     -0.2830296     -0.2886848     -0.2381668     -0.2153282     -0.1147480    
 1914 -0.3577995E-01 -0.1544800     -0.2805958     -0.2259769     -0.2340031     -0.2920246     -0.5032578     -0.4424400     -0.1656246      0.1189423E-01 -0.5528641E-01 -0.1613579    
 1915 -0.7440948E-01 -0.3153992E-01  0.1470375E-01 -0.1137772     -0.1872253E-01  0.1267872      0.1279030      0.1790295      0.1881962      0.2125225      0.2597332      0.2804699    
 1916  0.1211205      0.1291504     -0.5575562E-01  0.5623245E-01  0.1154671      0.2076759      0.9896278E-01  0.1181984E-01  0.8207512E-01  0.2804832      0.9964371E-01  0.3763962E-01
 1917 -0.7765961E-01 -0.5434036E-01 -0.1548576     -0.3448677E-01 -0.5174255E-01  0.5825615E-01  0.3892136E-01  0.4259109E-01 -0.2043648     -0.3187752E-01  0.1296940      0.1954708    
 1918  0.1032219     -0.2466965E-01 -0.1367588     -0.5982780E-01 -0.4861450E-01 -0.9996414E-01 -0.2100773     -0.2029800     -0.1343250     -0.9543610E-01 -0.3313828E-01 -0.9140015E-02
 1919 -0.7165909E-01 -0.1120796     -0.1288795E-01  0.1257324E-01 -0.1452045     -0.1719131     -0.3339672     -0.5338097E-01  0.4612541E-01  0.4360390E-01 -0.8290672E-01 -0.6892776E-01
 1920 -0.1678696     -0.2304306     -0.2026176     -0.1226463     -0.1247025     -0.1977940     -0.2569389     -0.2699280     -0.2038555     -0.1220665     -0.1243458     -0.9899902E-01
 1921 -0.9316063E-01  0.3538895E-01  0.1187229      0.1783524      0.1092758      0.6827545E-01  0.2818298E-01 -0.2585182     -0.1310539     -0.1888657E-01 -0.5044746E-01  0.5315971E-01
 1922 -0.4702950E-01 -0.1302910     -0.2804756     -0.3071175     -0.1836224     -0.1249943     -0.3003483     -0.2577782     -0.2004833     -0.8269691E-01 -0.2199287     -0.1678181    
 1923 -0.1090984     -0.1062202     -0.1361275     -0.2856464     -0.1988049     -0.2472343     -0.2445583     -0.3115501     -0.2173462     -0.6956673E-01 -0.1252861      0.3536224E-01
 1924 -0.5241013E-01 -0.5916023E-01  0.2744293E-01  0.1291466E-01  0.8200645E-01 -0.7593155E-02 -0.6553650E-01 -0.3365898E-01 -0.4723549E-01  0.1052647      0.7075310E-01  0.8892059E-01
 1925 -0.7040024E-01 -0.2776909E-01 -0.5705643E-01  0.4048347E-01  0.5776596E-01 -0.3267288E-01 -0.6371880E-01 -0.1219387     -0.1204052     -0.9849739E-01 -0.2076664     -0.4199982E-02
 1926  0.8583069E-01  0.1323109      0.1909256E-01  0.1107330      0.9168625E-01  0.1083565      0.6579208E-01 -0.9580612E-02  0.5190468E-01  0.2794132      0.1604729      0.1875019    
 1927  0.2721901      0.2489395      0.2462826      0.1729431      0.3337669      0.2503567      0.8806419E-01  0.7230949E-01  0.9212494E-01  0.2500534      0.2658939      0.2152309    
 1928  0.1463394      0.8924103E-01  0.7917213E-01  0.1961327E-01  0.5537796E-01  0.2114468      0.1486416      0.1138496      0.1727047      0.1946239      0.1439819      0.2025700    
 1929  0.3038406      0.2637501      0.2532234      0.2085838      0.3777695E-01 -0.1443291E-01 -0.8106613E-01 -0.6701088E-01  0.3048515E-01  0.1395836      0.7873154E-01  0.5914116E-01
 1930  0.6608009E-01 -0.5051994E-01 -0.3337860E-02 -0.1400776     -0.1388359E-01 -0.4409409E-01  0.3183174E-01 -0.4199028E-01  0.1322060      0.1620636      0.2395821      0.2417011    
 1931  0.2670708      0.1569996      0.2225342      0.3380833      0.3759365      0.2367363      0.1040325      0.9230042E-01  0.2406960      0.4026642      0.2953243      0.3093910    
 1932  0.3050995      0.2653389      0.3587036      0.4419136      0.3363857      0.3734360      0.3712120      0.5811310      0.5703239      0.3980637      0.3171310      0.3069305    
 1933  0.2464008      0.3527699      0.3085728      0.4345036      0.5000877      0.5018959      0.3696632      0.3609600      0.4637051      0.6794643      0.4873924      0.2366714    
 1934  0.1964302      0.1048203      0.1490440      0.5971336E-01  0.6348610E-01  0.1250553      0.2331524      0.1243420      0.1608849      0.3330040      0.2515621      0.2552013    
 1935  0.2558823      0.1526508      0.1303825      0.2194443      0.2147865      0.2111073      0.1532116      0.1031399      0.1935387E-01  0.3466415E-01  0.1584225      0.2310219    
 1936  0.3006306      0.2327099      0.3704014      0.3633633      0.2839355      0.3941860      0.2526627      0.1810093      0.7282639E-01  0.1112041      0.1206741      0.1371708    
 1937  0.1793098      0.1709900      0.1952629      0.1489429      0.2390785      0.5706272      0.5872040      0.4822807      0.4494438      0.2989635      0.3474026      0.4440708    
 1938  0.2978306      0.2029400      0.2031212      0.2914124      0.2747765      0.2139053      0.1434040      0.1394806      0.2096634      0.2425823      0.4152832      0.2843800    
 1939  0.2487793      0.1521587     -0.8704758E-01 -0.9091759E-01  0.4960632E-01  0.1580067      0.8128166E-01  0.2522602      0.2958946      0.1663723      0.3549385E-01  0.1110897    
 1940  0.2191601      0.1959209      0.1027241      0.1390934      0.1423283      0.2388763      0.2237816      0.2450504      0.2348042      0.2656937      0.2371120      0.1834106    
 1941  0.1414604      0.1359501     -0.5799675E-01  0.9286308E-01  0.7056618E-01 -0.1496315E-01  0.6728172E-01  0.7024193E-01  0.1761742      0.1885147      0.1150627      0.1289711    
 1942  0.6129074E-01  0.4887009E-01  0.1708813      0.1303139      0.1212463      0.1177273      0.2128429      0.3537102      0.4014645      0.2609539      0.2169323      0.9481049E-01
 1943 -0.5522919E-01 -0.4936028E-01 -0.1216183     -0.2095604E-01 -0.2192307E-01 -0.2136421E-01 -0.6189728E-01 -0.4724884E-01  0.3727531E-01  0.9869194E-01  0.2807236E-01  0.4102135E-01
 1944  0.1665306      0.2264996      0.1014938     -0.1785660E-01 -0.1361046      0.1394653E-01 -0.3714561E-01 -0.2575874E-01  0.1674156      0.1866341      0.1590233      0.2490120    
 1945  0.1742401      0.1713104      0.2360325      0.2928143      0.9387589E-01  0.9037590E-01  0.3219414E-01  0.1489105     -0.3147316E-01  0.5938339E-01 -0.2193775     -0.1491985    
 1946 -0.5167007E-01  0.9762955E-01  0.1416740     -0.3680801E-01 -0.1036530     -0.1692448     -0.1445274     -0.1574688     -0.5178452E-01 -0.1025372     -0.1034565     -0.1258087    
 1947 -0.1206512     -0.7184029E-01 -0.4143715E-01 -0.1262856     -0.1543331     -0.2501736     -0.2009277     -0.2798080E-01  0.3071594E-01  0.8219337E-01  0.2293129      0.4059029E-01
 1948  0.1739407      0.8979988E-01  0.1051731     -0.1044655E-01 -0.9888458E-01  0.4190636E-01  0.1117229      0.1310921E-01  0.8278465E-01  0.1390133      0.2021923      0.6590271E-01
 1949  0.1642609      0.1673508      0.7152557E-02  0.1111851      0.7671738E-01  0.1353168      0.2234325      0.2503891      0.1947155      0.1919136      0.3106937      0.2282410    
 1950  0.1138706      0.3734016E-01  0.1385307E-01  0.5605507E-01 -0.6612778E-02 -0.5221367E-01 -0.1054783     -0.6467819E-01 -0.8802605E-01 -0.1894760E-01  0.2098618      0.3071613    
 1951  0.3099499      0.2084885      0.1754417      0.3637333      0.3717461      0.2894363      0.4305134      0.2510509      0.1770535      0.1035633      0.1183834      0.6685257E-01
 1952 -0.3709030E-01  0.3789139E-01  0.9910202E-01  0.8965302E-01  0.2037868      0.3913651      0.3835526      0.3961697      0.2379551      0.2580719      0.1523933      0.2479115    
 1953  0.2549000      0.1521091      0.6967354E-01  0.1679726      0.2771473      0.1724567      0.1858120      0.5167961E-01  0.1874752      0.8310318E-01  0.2980328      0.3082314    
 1954  0.2709904      0.9906006E-01  0.1103535      0.1279240      0.1913872      0.1708260      0.7358360E-01 -0.9939194E-02 -0.3453445E-01  0.9635353E-01  0.9923363E-01  0.1811810    
 1955  0.2954597      0.2195702      0.1477013      0.2682037      0.3414669      0.2149048      0.3826122      0.3539200      0.3416061      0.4294930      0.5654736      0.3972912    
 1956  0.2965889      0.1990204      0.1232224      0.1677532      0.3330612E-01 -0.1594429      0.9262085E-02 -0.3055954E-01  0.1795578E-01  0.2635193E-01 -0.6760788E-01  0.7008171E-01
 1957 -0.8139038E-01 -0.8926010E-01 -0.5773735E-01 -0.1264572     -0.3372440     -0.1580143     -0.1545982      0.3318024E-01  0.1129665      0.9188461E-01  0.1412201E-01  0.3650665E-02
 1958  0.2935028E-01  0.1596088      0.3231220      0.3450832      0.1902466      0.4635620E-01  0.2126122E-01  0.5088043E-01  0.4455566E-02 -0.2873611E-01  0.7281303E-01  0.8913231E-01
 1959  0.9457970E-01  0.3487015E-01 -0.7880592E-01 -0.1031170     -0.1413746     -0.8200455E-01 -0.1376266     -0.7642937E-01  0.6202507E-01  0.2281380E-01  0.1527214E-01  0.6127930E-01
 1960  0.9871101E-01  0.1823597      0.4032326E-01  0.1172943      0.2281761      0.2394867      0.1497726      0.2894421      0.1468735      0.1882324      0.1492233      0.3486061E-01
 1961  0.1269798      0.5047989E-01  0.1266327      0.2082844      0.1690674      0.3246498E-01  0.1256828      0.1497307      0.8048630E-01  0.3964233E-01  0.1553326      0.2018509    
 1962  0.1742611      0.2064304      0.1759319      0.1658344      0.4605675E-01 -0.1199150     -0.2074814E-01 -0.1262703     -0.6941605E-01  0.1021824      0.1893940      0.3038921    
 1963  0.2860603      0.1979599      0.1067142      0.7744217E-01 -0.7296371E-01 -0.7106400E-01 -0.6248665E-01 -0.1378193     -0.2367249     -0.5025673E-01 -0.2128792E-01 -0.4687881E-01
 1964 -0.5295944E-01  0.1128883      0.9415245E-01 -0.8116531E-01  0.1888256      0.1298141      0.5136299E-01 -0.9598923E-01 -0.1221256     -0.7040596E-01  0.5193329E-01  0.8219147E-01
 1965 -0.3390121E-01 -0.4492950E-01  0.9083176E-01  0.7745361E-01  0.7128525E-01 -0.1148243     -0.1449261     -0.1691895     -0.2321358     -0.1954765     -0.2291069     -0.4796028E-01
 1966 -0.9444046E-01  0.8826828E-01  0.1169224      0.2089844      0.6998825E-01  0.2796173E-02 -0.2337646E-01  0.2353859E-01  0.2107430E-01  0.4518318E-01  0.5732155E-01  0.1538315    
 1967  0.1911221      0.1492882      0.5194283E-01  0.7974434E-01 -0.2170334     -0.3066540     -0.1385765     -0.1131897     -0.5799484E-01 -0.4696655E-01 -0.4257774E-01 -0.2513885E-01
 1968 -0.3579903E-01  0.3966141E-01  0.3183365E-01  0.2468300E-01 -0.1463032     -0.3106842     -0.2327766     -0.1734600     -0.1516151     -0.1393852     -0.1364269     -0.1665192    
 1969 -0.1709709     -0.1778030E-01  0.7194328E-01  0.1298332E-01 -0.1636639     -0.1373444      0.3742218E-02 -0.1365891     -0.1632748     -0.1929474     -0.1348076     -0.7905960E-01
 1970 -0.1209602     -0.7401085E-01  0.1681328E-01 -0.1325607E-01  0.1480675E-01 -0.6127357E-01 -0.9130669E-01 -0.6051064E-01 -0.8705521E-01 -0.1484070     -0.1393375     -0.8860016E-01
 1971 -0.9037018E-01 -0.3591919E-01 -0.8871651E-01 -0.1731472     -0.1411743     -0.1841640     -0.1423759     -0.2557602     -0.1526260     -0.2707672E-01 -0.4052734E-01 -0.1630192    
 1972 -0.2874889     -0.3187599     -0.3494282     -0.2741375     -0.4491920     -0.3915424     -0.3456764     -0.4394188     -0.4118652     -0.4182949     -0.4481869     -0.5494576    
 1973 -0.4975586     -0.3591995     -0.2982769     -0.1879368     -0.1679726     -0.4492378E-01 -0.2230644E-01 -0.6744957E-01 -0.9515762E-02 -0.1225471     -0.1605072     -0.3899956E-01
 1974 -0.7289886E-01 -0.7633972E-01 -0.1826973     -0.3763180     -0.4562531     -0.3687534     -0.4135170     -0.4570503     -0.4163036     -0.4379578     -0.2969475     -0.2265778    
 1975 -0.9707832E-01 -0.1255093     -0.1369972     -0.1846561     -0.2367516     -0.1067543      0.1086235E-01  0.1216602     -0.5566597E-01 -0.9562683E-01 -0.9197235E-02  0.9130478E-02
 1976 -0.5100250E-02 -0.1577301     -0.2374763     -0.1342773     -0.2153530     -0.2553329     -0.5672646E-01  0.1056709     -0.3896523E-01 -0.1943760     -0.3546581     -0.4922485    
 1977 -0.4528103     -0.3671398     -0.1516972     -0.1520481     -0.1583748     -0.9506416E-01 -0.9502792E-01 -0.1856785     -0.2368946     -0.2246380     -0.1531277     -0.1651878    
 1978 -0.8666992E-01  0.2349091E-01 -0.2995682E-01 -0.1373672E-01 -0.1384544     -0.2034836     -0.2734585     -0.1272583     -0.8310509E-01 -0.1024055     -0.2103615E-01 -0.1400890    
 1979 -0.1603603     -0.1500301     -0.2319775     -0.2066860     -0.6022263E-01 -0.1366425E-01 -0.1079369     -0.1885910     -0.1427650     -0.1340752     -0.1384487     -0.1252174    
 1980 -0.1117706     -0.1128101     -0.2171078      0.5098343E-01  0.1490974      0.4676628E-01 -0.3850746E-01 -0.4244804E-01 -0.6364441E-01 -0.5953789E-01 -0.2110958     -0.2724094    
 1981 -0.6412888E-01 -0.6162071E-01  0.9347153E-01 -0.3699684E-01  0.1115799E-02 -0.3214455E-01 -0.1104584     -0.1026287     -0.1711464E-01 -0.2108364     -0.1885796E-01  0.6219101E-01
 1982 -0.1119804     -0.1057014     -0.2942657E-01 -0.1921959     -0.1794624     -0.2079124     -0.2076664     -0.3141689     -0.3455048     -0.4676266     -0.4995289     -0.5112000    
 1983 -0.3776398     -0.1990108      0.2654266E-01  0.1222229E-01 -0.1131935     -0.1354027     -0.3210640E-01 -0.1244411     -0.1683254     -0.1618652     -0.8863831E-01 -0.3174973E-01
 1984 -0.1138897     -0.1079788     -0.1227169     -0.6057549E-01 -0.6565475E-01 -0.3112640     -0.2533360     -0.1286297     -0.1888237     -0.2748871     -0.3575268     -0.2856693    
 1985 -0.3067207     -0.3449001     -0.3310280     -0.3379269     -0.3367329     -0.5086327E-01 -0.1467705E-01 -0.1797485     -0.2181950     -0.2343254     -0.2782860     -0.3069382    
 1986 -0.3376999     -0.3417397     -0.3356571     -0.3486557     -0.2532234     -0.3051548     -0.2406788     -0.2894192     -0.3192863     -0.4432259     -0.4577961     -0.4486904    
 1987 -0.2842407     -0.2741814     -0.1231270      0.5123138E-02 -0.1124191E-01  0.1630669      0.1744823      0.2164803      0.2330399E-01 -0.9817696E-01 -0.2102261     -0.1052799    
 1988 -0.2926788     -0.3432007     -0.1860790     -0.4840660E-01  0.8306694E-01  0.1454468      0.1172733     -0.3039932E-01 -0.1207542     -0.1408367     -0.4400635E-01 -0.1050682    
 1989 -0.1844692     -0.6065941E-01 -0.2090168     -0.3051662     -0.1591320      0.1302872      0.2300224      0.1695709     -0.1243839     -0.1285477     -0.1967773     -0.1799984    
 1990 -0.2659702     -0.2749500     -0.2283878     -0.1827259     -0.2055740     -0.1909847     -0.1607685      0.2498627E-03  0.9373474E-01 -0.1607704E-01 -0.1828175     -0.2417793    
 1991 -0.3117695     -0.2373505     -0.2633362     -0.3791180     -0.4537220     -0.3884335     -0.3761673     -0.2489605     -0.1317844     -0.3295364     -0.3337669     -0.2826099    
 1992 -0.2291489     -0.1837101     -0.2261772     -0.3196964     -0.3763733     -0.3519936     -0.3174686     -0.4084396     -0.4008446     -0.3607960     -0.3605480     -0.2650490    
 1993 -0.2172585     -0.2132797     -0.3015156     -0.1290073     -0.2288342     -0.3195248     -0.3835869     -0.2244396     -0.1846352     -0.2784576     -0.3016071     -0.3074589    
 1994 -0.3409081     -0.3646698     -0.3144684     -0.2070656     -0.3262825     -0.2850456     -0.3051662     -0.3220291     -0.2928848     -0.2165966     -0.1469479     -0.1834488    
 1995 -0.9613991E-01 -0.9927940E-01 -0.9110641E-01  0.3369522E-01  0.1847458      0.2294159      0.2222614      0.1182194     -0.1398659E-01  0.8189392E-01  0.5914307E-01  0.9841919E-02
 1996  0.1764107E-01 -0.7390022E-01 -0.1827869     -0.1766205E-02 -0.1377831     -0.1910133     -0.1574974     -0.4549026E-01 -0.5100441E-01 -0.1748180     -0.1869087     -0.1862583    
 1997 -0.1939011E-01 -0.7705688E-03 -0.9033585E-01 -0.9919739E-01 -0.1232738     -0.2775135     -0.1691761     -0.2099495     -0.1691265     -0.9148598E-01 -0.1858482     -0.2059994    
 1998 -0.1466789     -0.2427101E-01  0.1728439E-01 -0.7745743E-02 -0.1583099E-02  0.2094059      0.1297817      0.2773800      0.1819458      0.1703148      0.1751728      0.1861496    
 1999  0.1706123E-01 -0.2436066E-01 -0.2586746E-01  0.6904221E-01  0.2748966      0.2230167      0.2632427      0.4257813      0.2722149      0.9170341E-01 -0.2029800E-01  0.6640053E-01
 2000 -0.9407043E-01 -0.1450920E-01  0.1072426      0.1683426E-01  0.9824562E-01  0.1246643E-01  0.7159233E-01  0.6014061E-01  0.3686523E-01 -0.6885719E-01 -0.3744698E-01 -0.1816101    
 2001 -0.1785393     -0.5173111E-01 -0.7668686E-01 -0.1499767     -0.1414642      0.4711533E-01  0.5922318E-02  0.1531105      0.2063255      0.9197235E-01  0.2613068E-02  0.8606148E-01
 2002  0.1949215      0.3236961E-01 -0.7778168E-02 -0.1425362     -0.3087444     -0.3758144     -0.3188477     -0.6750870E-01 -0.5674362E-01 -0.5136681E-01 -0.6290817E-01 -0.1259193    
 2003 -0.3968048E-01 -0.1385899     -0.7188606E-01 -0.7061768E-01 -0.4598236E-01 -0.6218338E-01  0.1351833      0.2827110      0.2846661      0.3315639      0.6873322E-01  0.1417904    
 2004  0.1403809      0.7870102E-01  0.3339386E-01  0.1355171E-01 -0.1068325      0.4638672E-01  0.9229279E-01  0.1731606      0.9350395E-01  0.8350372E-01  0.3674316E-01  0.7287025E-01
 2005  0.7273102E-01  0.3040314E-02  0.1335239      0.2590141      0.1667671      0.1953468      0.3491726      0.3394203      0.3286953      0.1681843      0.1274529      0.1860294    
 2006  0.1671696      0.5529022E-01 -0.1592636E-01  0.1248436      0.2243481      0.2326756      0.2548332      0.3245697      0.2422256      0.2699833      0.2233028      0.6717110E-01
 2007  0.1630917      0.1749210      0.1509132      0.1319923      0.9219551E-01 -0.3673553E-02  0.9693146E-02 -0.3395844E-01  0.1556854      0.2676125      0.3420525      0.2768211    
 2008  0.2179699      0.2889004      0.2819729      0.1168137      0.2183781      0.3942070      0.2449627      0.2231503      0.1762142      0.1141338      0.9826279E-01  0.2855110E-01
 2009 -0.5221939E-01 -0.2050800     -0.2376480     -0.2098770     -0.1957035     -0.9386444E-01  0.2624321E-01 -0.3592873E-01 -0.7916451E-01  0.5028343E-01 -0.6876755E-01 -0.6545067E-01
 2010 -0.7838821E-01 -0.1373100E-01  0.1282120      0.2801533      0.3209267      0.4278049      0.4131908      0.5495510      0.3553543      0.3352032      0.3711720      0.2092209    
 2011  0.2440701      0.1401596      0.3543282E-01  0.1163940      0.1203156      0.1574860      0.7133102E-01  0.1343307      0.1637039      0.1642151     -0.5077362E-02  0.3443146E-01
 2012  0.6839943E-01  0.2133942E-01  0.4574203E-01  0.7503510E-01  0.8508682E-01  0.2295151      0.2563133      0.3961105      0.3714561      0.2473030      0.1257420      0.1242409    
 2013  0.1828613      0.1060905      0.1776524      0.8438301E-01 -0.5634308E-02 -0.5985451E-01  0.1097908      0.1158905      0.1990051      0.3076229      0.5006409E-01 -0.5908966E-01
 2014 -0.5397797E-03 -0.7372093E-01 -0.1435566     -0.2298050     -0.2286034     -0.2149734     -0.2069855E-01  0.7378006E-01  0.6447411E-01  0.1062832     -0.3453827E-01 -0.7652855E-01
 2015 -0.7726860E-01 -0.1384392     -0.2775173     -0.3382664     -0.2587337     -0.2304745     -0.1968060     -0.1463108     -0.1158524E-01 -0.4719734E-01 -0.1389866     -0.1635189    
 2016 -0.1327991     -0.9752083E-01 -0.1449261      -999.9000      -999.9000      -999.9000      -999.9000      -999.9000      -999.9000      -999.9000      -999.9000      -999.9000    
