# AMO index SST 25-60N, 7-75W minus regression on global mean temperature
# as in <a haref="http://www.ocean-sci.net/5/293/2009/os-5-293-2009.html">van Oldenborgh et al 2009</a>
# based on ERSST v3b from NCDC
# AMO [C] SST
 1880  0.2475183      0.1405424      0.1595154      0.2995669      0.2326176E-01  0.1702669      0.5999051      0.3613794      0.3981051      0.2882323      0.2273420     -0.1874154    
 1881  0.2561826E-01  0.1582424      0.2040154     -0.8823311E-01  0.9586177E-01  0.2083669     -0.1608949     -0.3237206     -0.8359484E-01  0.2443233E-01 -0.5765802E-01 -0.2001154    
 1882 -0.9028174E-01 -0.5595763E-01 -0.7738456E-01 -0.1313311E-01 -0.8243823E-01  0.1946669      0.1141052     -0.1446206     -0.1871948      0.1151323      0.1152420      0.1301846    
 1883  0.7031827E-01  0.1144424     -0.1354846     -0.3033311E-01 -0.8643824E-01 -0.1691331     -0.1367949     -0.3082059E-01 -0.8879484E-01  0.6673233E-01  0.2085420      0.1869846    
 1884 -0.1098174E-01  0.5364236E-01  0.4161544E-01 -0.5873311E-01  0.4166177E-01  0.3056692E-01 -0.1375949     -0.9542058E-01 -0.2682948     -0.1736677     -0.3176580     -0.4671542E-01
 1885  0.3491826E-01 -0.5175763E-01 -0.1108456E-01  0.1470669      0.1157618      0.2296692E-01 -0.2409486E-01  0.6387942E-01  0.3290517E-01 -0.2006768E-01  0.1854198E-01 -0.5491542E-01
 1886  0.5174183      0.4798424      0.2752154      0.2676669      0.3214618      0.3516669      0.3015051      0.2054794     -0.5099484E-01  0.1146323      0.7704197E-01  0.9178460E-01
 1887  0.1852183      0.9594236E-01  0.1608154      0.2728669      0.2471618      0.4516669      0.2468051      0.2808794      0.2290516E-01  0.3167323      0.2833420      0.1657846    
 1888  0.1429183      0.2241424      0.2430154      0.3266689E-01  0.2091618      0.3315669     -0.6389486E-01 -0.1903206     -0.1766948     -0.1085677      0.7264197E-01  0.1741846    
 1889 -0.2218173E-01  0.6742373E-02 -0.4084557E-02  0.8736688E-01  0.1349618      0.2276693E-01 -0.3079948     -0.4720587E-02  0.1157052      0.1651323      0.5268420      0.4127846    
 1890  0.2507182      0.1999424      0.1322154     -0.3893311E-01  0.7626177E-01  0.1903669     -0.7159486E-01 -0.6932059E-01  0.1461052      0.3020324      0.3149420      0.6698458E-01
 1891 -0.4681736E-02  0.3724237E-01  0.1821544E-01  0.2437669      0.7226177E-01 -0.1199331      0.1700051      0.1570794      0.3330516E-01 -0.1878677     -0.2205580     -0.1214154    
 1892  0.1590183      0.8094236E-01  0.1607154      0.2478669     -0.8913823E-01 -0.2095331      0.3620514E-01  0.9017941E-01 -0.1361948     -0.3116677     -0.1060580     -0.1756154    
 1893  0.2352183      0.1566424     -0.8308456E-01 -0.2010331      0.9396177E-01  0.1822669     -0.4629486E-01  0.1195794      0.6390516E-01  0.9733233E-01  0.1349420      0.3808458E-01
 1894  0.3841826E-01 -0.8885764E-01  0.9481545E-01  0.4456689E-01  0.6961767E-02 -0.5373308E-01  0.4680514E-01 -0.7612059E-01 -0.9399484E-01 -0.3332677     -0.2885580     -0.2931154    
 1895 -0.7718174E-01 -0.6555763E-01 -0.2315846     -0.3146331     -0.1384382     -0.9513308E-01  0.4700514E-01 -0.1359206     -0.1080948     -0.2646767E-01 -0.2391580     -0.1104154    
 1896 -0.5388174E-01  0.1164237E-01  0.1115441E-02 -0.2173311E-01  0.4287618      0.2390669      0.9310514E-01  0.9697941E-01  0.1185052     -0.1540677      0.1964198E-01 -0.2794154    
 1897 -0.1400817      0.6164236E-01  0.1034154     -0.4243311E-01  0.4761767E-02 -0.1383308E-01 -0.1458949     -0.3376206     -0.2977948     -0.2561677     -0.1018580     -0.2900154    
 1898 -0.1847817      0.4014237E-01  0.2446154      0.2213669      0.1792618      0.3145669      0.5081052      0.6145794      0.4534051      0.1075323     -0.1892580     -0.1805154    
 1899 -0.8608174E-01 -0.8225764E-01  0.5841544E-01  0.3106669      0.1939618      0.2138669      0.6290515E-01  0.2111794     -0.1894835E-02 -0.1466677     -0.3016580      0.1678458E-01
 1900  0.1495183      0.5174237E-01 -0.4738456E-01  0.5736689E-01 -0.4585382     -0.2847331     -0.1924949     -0.2522206     -0.2029948     -0.1527677     -0.1487580     -0.2471154    
 1901 -0.1330817     -0.6985763E-01 -0.4093845     -0.4426331     -0.2941382     -0.2334331     -0.2978949     -0.9122059E-01  0.4830517E-01 -0.1026767E-01 -0.2043580     -0.2100154    
 1902 -0.1033817     -0.1589576     -0.1244846     -0.3251331     -0.3231382     -0.4478331     -0.4118949     -0.2089206     -0.8079484E-01  0.1346323      0.1234420     -0.1460154    
 1903 -0.2891817     -0.2684576     -0.2865846     -0.2494331     -0.4331382     -0.6385331     -0.7025949     -0.7557206     -0.5674948     -0.6658677     -0.4163580     -0.5256155    
 1904 -0.3429818     -0.4117576     -0.4773846     -0.3194331     -0.1560382     -0.4352331     -0.3252949     -0.2668206     -0.3800949     -0.4974677     -0.4523580     -0.3763154    
 1905 -0.4831817     -0.3131576     -0.3625846     -0.2405331     -0.2656382     -0.3181331     -0.2179949     -0.5210206     -0.6913948     -0.4821677     -0.4052580     -0.4081154    
 1906 -0.9428174E-01  0.5104236E-01 -0.1590846     -0.2103331     -0.2985382     -0.8183308E-01 -0.1209949     -0.2307206     -0.2516948     -0.2571677     -0.3085802E-01 -0.2709154    
 1907 -0.2078817     -0.1533576     -0.1072846      0.5306689E-01 -0.2725382     -0.3042331     -0.2613949     -0.3207206     -0.9939484E-01 -0.1984677     -0.1072580     -0.4681542E-01
 1908 -0.5498174E-01 -0.8695763E-01 -0.4845560E-03 -0.2592331     -0.1390382      0.2003669      0.4336051      0.2262794      0.3550516E-01  0.1932323E-02 -0.5425803E-01 -0.4111542E-01
 1909  0.8071826E-01 -0.8405763E-01 -0.9308456E-01 -0.1197331     -0.5483823E-01 -0.2008331     -0.2772949     -0.1588206      0.1305163E-02  0.4743232E-01 -0.3233580     -0.1783154    
 1910 -0.2869817     -0.1080576     -0.7588456E-01 -0.2363311E-01 -0.1687382     -0.3473331     -0.2521949     -0.5242059E-01  0.4890516E-01 -0.1218677      0.2340420      0.1179846    
 1911  0.4401827E-01  0.3342360E-02 -0.1228455E-01 -0.2109331     -0.8523823E-01  0.1338669      0.2577052      0.3232794      0.1401052     -0.1224677     -0.2765580     -0.1559154    
 1912 -0.2135817     -0.3555576     -0.2576846     -0.2402331     -0.2418382     -0.2182331     -0.3530948     -0.5269206     -0.3442948     -0.1512677     -0.2787580     -0.2402154    
 1913 -0.2375817     -0.1545576     -0.1112846     -0.3555331     -0.2674382     -0.4563331     -0.2947949     -0.3026206     -0.2534948     -0.2147677     -0.3043580     -0.2392154    
 1914 -0.2058817     -0.3142576     -0.3390846     -0.3225331     -0.3715382     -0.3244331     -0.5450948     -0.5113206     -0.1488948     -0.1156767E-01 -0.2815802E-01 -0.2231154    
 1915 -0.1066817     -0.1151576     -0.3748456E-01 -0.2376331     -0.9523824E-01  0.9206692E-01  0.4270514E-01  0.1927794      0.1854052      0.3071323      0.2056420      0.1535846    
 1916 -0.7138174E-01  0.2664237E-01 -0.9308456E-01  0.2101669      0.2052618      0.3577669      0.2808051      0.4677941E-01  0.1929052      0.3385323      0.9594198E-01  0.1894846    
 1917 -0.6248174E-01 -0.1305763E-01 -0.1832846     -0.7933311E-01 -0.4053823E-01  0.7266924E-02  0.4700514E-01  0.3025794     -0.2449484E-01  0.3708323      0.2555420      0.3951846    
 1918  0.1444183      0.1254237E-01 -0.5578456E-01  0.1422669      0.1218618      0.4906692E-01 -0.4009486E-01 -0.1393206     -0.1172948     -0.2112677      0.3274198E-01  0.1344846    
 1919  0.1190183     -0.2395763E-01 -0.5348456E-01 -0.2723311E-01 -0.1072382     -0.1592331     -0.3534949      0.7941201E-04  0.1075052      0.8713232E-01  0.1224420      0.9308457E-01
 1920 -0.2379817     -0.1137576     -0.1488846     -0.6403311E-01 -0.5503823E-01 -0.1840331     -0.1474949     -0.1310206     -0.9169483E-01 -0.3196768E-01 -0.9095803E-01 -0.9021541E-01
 1921 -0.3861817     -0.1182576      0.6141545E-01  0.5006689E-01  0.6386176E-01  0.8806693E-01  0.8270514E-01 -0.2337206     -0.4479484E-01  0.8413233E-01  0.2974197E-01  0.9168458E-01
 1922 -0.1043817     -0.8285763E-01 -0.2141846     -0.3141331     -0.2232382     -0.5263308E-01 -0.2578949     -0.1349206      0.1870516E-01  0.2883233E-01 -0.2930580     -0.2357154    
 1923 -0.6468174E-01 -0.1050576     -0.1127846      0.6689131E-04 -0.1893823E-01 -0.1325331     -0.9799486E-01 -0.2479206     -0.1140948      0.1532331E-02 -0.6825802E-01  0.1474846    
 1924 -0.3868175E-01 -0.8175763E-01 -0.4118456E-01 -0.4303311E-01  0.7006177E-01 -0.1063331     -0.2219949     -0.1652059E-01 -0.5189484E-01  0.2126323     -0.1379580      0.8484587E-02
 1925 -0.6628174E-01  0.8824237E-01  0.1255154      0.1139669      0.1524618      0.8446693E-01  0.7730514E-01 -0.8812059E-01  0.7640517E-01  0.6383233E-01 -0.2453580     -0.1381154    
 1926 -0.7708174E-01 -0.9595764E-01 -0.1898846     -0.1853311E-01  0.3156177E-01 -0.4513308E-01 -0.1269949     -0.2951206     -0.1681948      0.1822323      0.6834197E-01  0.2240846    
 1927  0.2671183      0.1891424      0.2940154      0.1935669      0.3650618      0.1891669     -0.5769486E-01  0.5647941E-01 -0.8669484E-01  0.4523233E-01  0.1137420      0.1652846    
 1928  0.2441826E-01  0.2204236E-01  0.1449154      0.1073669      0.1573618      0.2553669      0.2819051      0.1978794      0.2542051      0.1546323      0.9834197E-01  0.2064846    
 1929  0.3846182      0.3478424      0.2417154      0.2016669      0.8516177E-01  0.4386692E-01 -0.3739486E-01  0.9747942E-01  0.2196052      0.2767323      0.2689420      0.2697846    
 1930  0.7601826E-01 -0.1685764E-01  0.4701544E-01 -0.3573311E-01  0.1495618      0.2138669      0.3860051      0.1727941E-01  0.3132052      0.3935323      0.2792420      0.3367846    
 1931  0.3670182      0.3307424      0.2843154      0.3497669      0.3647618      0.1255669     -0.5749486E-01 -0.1142059E-01  0.3209051      0.3853323      0.3061420      0.2449846    
 1932  0.1700183      0.2159424      0.2974154      0.2390669      0.2108618      0.4016669      0.3725052      0.8052794      0.6381052      0.3692323      0.3528420      0.3361846    
 1933  0.2998183      0.3967424      0.2730154      0.4030669      0.3402618      0.4882669      0.3711051      0.4871794      0.6229052      0.8576323      0.6144420      0.3257846    
 1934  0.1548183     -0.2615763E-01  0.3501154      0.2801669      0.1226618      0.3681669      0.4607051      0.2759794      0.3913051      0.4826323      0.4104420      0.3240846    
 1935  0.1797183     -0.5057633E-02  0.1280154      0.4619669      0.3078618      0.2544669      0.1507051      0.2438794      0.1048052      0.1482323      0.4999419      0.5533845    
 1936  0.4404182      0.2704424      0.3057154      0.2601669      0.1559618      0.3830669      0.1554051      0.2655794      0.1704052      0.1195323      0.1861420      0.2019846    
 1937  0.1624183      0.1087424      0.1261154      0.5606689E-01  0.1536618      0.6880670      0.8791052      0.6982794      0.5462052      0.2319323      0.1889420      0.3625846    
 1938  0.1492183      0.3794236E-01  0.3731544E-01  0.2261669      0.3707618      0.4605669      0.2689051      0.3246794      0.3458051      0.3742323      0.4916420      0.4166846    
 1939  0.1959182      0.2181424      0.1053154      0.5686689E-01  0.1175618      0.2840669      0.2156051      0.4795794      0.5613052      0.3865323      0.1877420      0.8178458E-01
 1940  0.1498183      0.1135424      0.1469154     -0.1493311E-01  0.3816177E-01  0.2053669      0.2085051      0.1753794      0.1842052      0.3276323      0.3132420      0.2861846    
 1941  0.2174183      0.8284236E-01  0.4941544E-01  0.1679669      0.9666177E-01 -0.5933308E-01 -0.4609486E-01  0.2179412E-02  0.3450052      0.2057323      0.1648420      0.3527846    
 1942  0.2273183      0.2707424      0.2390154      0.2527669      0.3101618      0.1849669      0.3936051      0.6037794      0.5341052      0.2971323      0.2824420      0.8084580E-02
 1943  0.8011825E-01  0.4034236E-01  0.5031544E-01  0.9936689E-01  0.5846176E-01  0.1444669      0.1503051      0.9587941E-01  0.8990517E-01  0.1481323      0.2758420      0.2070846    
 1944  0.3589182      0.2912424      0.2927154      0.3599669      0.2971618      0.1648669     -0.4339486E-01  0.1461794      0.3704051      0.4296323      0.5381420      0.5291846    
 1945  0.3724182      0.4429424      0.3946154      0.4178669      0.2667618      0.1052669      0.7660514E-01  0.1177941E-01  0.1389052     -0.4036768E-01 -0.3265803E-01  0.8018458E-01
 1946 -0.7078174E-01 -0.7985763E-01  0.1720154      0.5226689E-01 -0.3223823E-01 -0.1263308E-01 -0.2979486E-01 -0.6062059E-01  0.7340516E-01  0.8513233E-01 -0.2084580     -0.1783154    
 1947 -0.2218817     -0.1721576     -0.2677845     -0.3008331     -0.1660382     -0.2559331     -0.2037949     -0.1302059E-01 -0.3019484E-01 -0.1644677      0.1614198E-01 -0.1585154    
 1948 -0.1567817     -0.1253576     -0.9918456E-01 -0.1811331     -0.1742382     -0.3083308E-01  0.8930515E-01  0.1011794      0.8000517E-01  0.2463232E-01  0.2616420      0.6138459E-01
 1949  0.1640183      0.2867424      0.1016154      0.2802669      0.2252618      0.2824669      0.4268051      0.3819794      0.1830052      0.8123232E-01  0.2947420      0.2290846    
 1950  0.1596183      0.5704236E-01 -0.7868456E-01 -0.7533111E-02  0.2806177E-01  0.1586692E-01  0.3910514E-01  0.1672794      0.3605165E-02  0.1983233E-01  0.3807420      0.3630846    
 1951  0.4459183      0.3906424      0.3625154      0.4657669      0.4353618      0.4300669      0.6887051      0.3196794      0.1732052      0.1348323      0.1888420      0.1327846    
 1952  0.1589183      0.2658424      0.2914155      0.1856669      0.2273618      0.5070670      0.5955051      0.7339794      0.3210052      0.5026323      0.3233420      0.2631846    
 1953  0.2356182      0.1472424      0.1372154      0.2321669      0.4863618      0.3326669      0.3547052     -0.3302059E-01  0.1679052     -0.1816767E-01  0.3972420      0.2699846    
 1954  0.3325182      0.2047424      0.2628154      0.1656669      0.1645618      0.2531669      0.3377051      0.1163794      0.2210516E-01  0.1073323     -0.7258028E-02  0.2446846    
 1955  0.1757183      0.1543424      0.2500154      0.2490669      0.4856618      0.3255669      0.6057051      0.2889794      0.3810051      0.2569323      0.4945420      0.2591846    
 1956  0.1882183      0.1201424      0.1499154      0.1501669      0.1129618     -0.1193331      0.1536051      0.2111794      0.4850516E-01  0.1365323     -0.3745802E-01  0.1778458E-01
 1957  0.2671826E-01 -0.3505763E-01 -0.3384560E-02 -0.5823311E-01 -0.2169382     -0.2111331      0.9005141E-02 -0.6720589E-02  0.9740517E-01  0.5203232E-01 -0.9475803E-01 -0.1251154    
 1958 -0.1317817      0.1614237E-01  0.1463154      0.1514669      0.5216177E-01  0.4626692E-01 -0.4079486E-01  0.1034794      0.3880516E-01 -0.7326768E-01  0.7194197E-01  0.6428458E-01
 1959 -0.4678173E-01 -0.1456576     -0.2442846     -0.3131331     -0.1242382     -0.1379331     -0.1546949      0.5947941E-01  0.2846051      0.1384323      0.1264198E-01  0.8684576E-02
 1960  0.4101826E-01 -0.2925763E-01  0.8831544E-01  0.7246688E-01  0.2653618      0.2908669      0.2857051      0.4479794      0.2435052      0.2617323      0.1781420     -0.7021542E-01
 1961  0.7171826E-01  0.2024236E-01  0.1641154      0.1796669      0.8696177E-01  0.1041669      0.3042051      0.3146794      0.9390517E-01  0.1146323      0.2618420      0.2679846    
 1962  0.5881827E-01  0.1211424      0.2301544E-01  0.5096689E-01 -0.1007382     -0.2179331     -0.9669486E-01 -0.2601206     -0.2279484E-01  0.9613232E-01  0.6504197E-01  0.1853846    
 1963  0.9841825E-01 -0.6195763E-01 -0.1268456E-01 -0.9943311E-01 -0.1649382     -0.2844331     -0.2953949     -0.5090206     -0.5791948     -0.2429677     -0.1675580     -0.1247154    
 1964 -0.2450817     -0.1090576     -0.1454846     -0.1985331      0.1138618     -0.4693308E-01 -0.6889486E-01 -0.5842059E-01  0.6060516E-01  0.5373232E-01 -0.4675803E-01  0.2628458E-01
 1965 -0.3318174E-01 -0.1775764E-01  0.3741544E-01  0.1006669      0.8356177E-01 -0.3933308E-01 -0.6639486E-01 -0.2382059E-01 -0.9169483E-01 -0.2936677     -0.3964580     -0.1856154    
 1966 -0.1634817     -0.1844576     -0.1562846      0.5766887E-02 -0.1757382     -0.2969331     -0.3287949      0.5247941E-01 -0.5759484E-01  0.7913232E-01 -0.9535803E-01  0.9998459E-01
 1967  0.9371828E-01  0.1532424      0.3021544E-01  0.3946689E-01 -0.2870382     -0.2227331      0.4480514E-01  0.1807794      0.1118052     -0.5676767E-01  0.5544198E-01 -0.4341541E-01
 1968 -0.3968173E-01 -0.1857638E-02 -0.2217846     -0.5203311E-01 -0.1482382     -0.3642331     -0.2924949     -0.2579206     -0.1422948     -0.2961677     -0.2689580     -0.3058154    
 1969 -0.2351817     -0.1203576     -0.1773846     -0.3095331     -0.5720382     -0.4496331     -0.1245949     -0.3063206     -0.3081948     -0.4022677     -0.3466580     -0.2895154    
 1970 -0.3760817     -0.4294576     -0.3278846     -0.3019331     -0.2500382     -0.3999331     -0.2540949     -0.3742059E-01 -0.2686948     -0.2910677     -0.2873580     -0.2656154    
 1971 -0.3781818     -0.3337576     -0.2361846     -0.2569331     -0.2189382     -0.7793307E-01 -0.3349486E-01 -0.3515206     -0.3097948     -0.1611677     -0.1656580     -0.3283154    
 1972 -0.3398817     -0.3689576     -0.4412846     -0.3109331     -0.5035383     -0.4109331     -0.2181949     -0.5339206     -0.3849948     -0.6049677     -0.5637580     -0.6615154    
 1973 -0.7166818     -0.5547577     -0.4310845     -0.3606331     -0.3784382     -0.1988331     -0.1431949     -0.1460206     -0.1050948     -0.2922677     -0.2731580     -0.1810154    
 1974 -0.1726817     -0.7195763E-01 -0.2379846     -0.2756331     -0.4250382     -0.4792331     -0.6288949     -0.7158206     -0.4352948     -0.3795677     -0.2677580     -0.1605154    
 1975 -0.1804817     -0.2427576     -0.1859846     -0.2613331     -0.2981382     -0.2072331      0.2790514E-01  0.3495794     -0.8394837E-02 -0.2259677     -0.6205802E-01 -0.1133154    
 1976 -0.1330817     -0.1692576     -0.5778456E-01 -0.2193311E-01 -0.3293823E-01 -0.3333308E-01  0.1943051      0.2849794     -0.5589484E-01 -0.5226768E-01 -0.3853580     -0.4601154    
 1977 -0.3560817     -0.2775576     -0.1112846     -0.1926331     -0.1374382     -0.1148331     -0.1509486E-01 -0.1178206     -0.6689484E-01 -0.8656767E-01 -0.1571580     -0.1856154    
 1978 -0.1401817     -0.2645763E-01 -0.1296846     -0.2377331     -0.3176382     -0.2376331     -0.1647949      0.1684794     -0.1299484E-01 -0.1091677     -0.2025802E-01 -0.1166154    
 1979 -0.1993817     -0.2306576     -0.3343846     -0.2976331     -0.1082382     -0.1343308E-01 -0.6449486E-01 -0.2242206     -0.1515948     -0.1257677     -0.7255802E-01 -0.1739154    
 1980 -0.7658174E-01 -0.1480576     -0.1239846     -0.9333111E-02  0.1261767E-02 -0.2093308E-01 -0.1445949     -0.3111206     -0.2735948     -0.1064677     -0.3206580     -0.2444154    
 1981 -0.2279817     -0.1442576     -0.9768456E-01 -0.1540331     -0.5423823E-01 -0.6403308E-01 -0.3605949     -0.3630206     -0.7779483E-01 -0.2890677     -0.1081580      0.5728458E-01
 1982 -0.1331817     -0.1859576      0.2551544E-01 -0.1916331     -0.1815382     -0.2309331     -0.3731948     -0.3409206     -0.2893948     -0.4251677     -0.3557580     -0.4189154    
 1983 -0.2770817     -0.1430576     -0.9288456E-01 -0.1192331     -0.1555382     -0.2185331     -0.3799486E-01 -0.3013206     -0.4110948     -0.1027677     -0.2013580     -0.1091154    
 1984 -0.1378817     -0.3355763E-01 -0.9138456E-01  0.7726689E-01 -0.1305382     -0.3510331     -0.3204949     -0.1198206     -0.1129948     -0.3060677     -0.3238580     -0.2104154    
 1985 -0.3123817     -0.2800576     -0.1996846     -0.2468331     -0.2499382     -0.8193308E-01 -0.3294859E-02 -0.4849206     -0.3089949     -0.3623677     -0.4217580     -0.3979154    
 1986 -0.3067817     -0.3277576     -0.2673846     -0.3088331     -0.1742382     -0.1976331     -0.1959949     -0.2619206     -0.2435948     -0.4311677     -0.4638580     -0.3424154    
 1987 -0.1970817     -0.2716576     -0.6198456E-01 -0.1143311E-01 -0.7523824E-01 -0.1181331     -0.3129486E-01  0.1656794     -0.1121948     -0.2531677     -0.2800580     -0.3636154    
 1988 -0.3543817     -0.2673576     -0.2105846     -0.1588331     -0.1523823E-01 -0.8583307E-01 -0.1373949     -0.3090206     -0.3175949     -0.2035677      0.2314198E-01 -0.1859154    
 1989 -0.1190817      0.4142374E-02 -0.1488456E-01 -0.1064331      0.1553618      0.4688669      0.2724051      0.2479412E-02 -0.2417948     -0.2496677     -0.1363580     -0.3782154    
 1990 -0.3414817     -0.2647576     -0.3860846     -0.3128331     -0.2759382     -0.2009331     -0.2327949     -0.1812059E-01  0.9850517E-01 -0.6696767E-01 -0.2336580     -0.1821154    
 1991 -0.2977817     -0.1871576     -0.9428456E-01 -0.2672331     -0.3615382     -0.4792331     -0.4902948     -0.2815206     -0.3481948     -0.3689677     -0.2331580     -0.1373154    
 1992 -0.1748817     -0.1171576     -0.1268845     -0.1378331     -0.2105382     -0.2668331     -0.3913949     -0.4926206     -0.3446949     -0.3686677     -0.3029580     -0.2693154    
 1993 -0.1664817     -0.8845763E-01 -0.2420846     -0.8193311E-01 -0.2352382     -0.5025331     -0.6424949     -0.2296206     -0.1177948     -0.3825677     -0.2570580     -0.3140154    
 1994 -0.2636817     -0.1913576     -0.1816846     -0.1631331     -0.2179382     -0.3203331     -0.3050949     -0.2668206     -0.2606948     -0.9966768E-01 -0.9885803E-01 -0.2101542E-01
 1995 -0.3881738E-02 -0.4485764E-01  0.4821545E-01  0.8026689E-01  0.2306618      0.2619669      0.8800514E-01 -0.1540206     -0.2437948     -0.8136767E-01 -0.5965803E-01 -0.5901542E-01
 1996 -0.1004817     -0.1650576     -0.1209846      0.4366893E-02 -0.2035382     -0.2830331     -0.2766949     -0.1929206      0.4540516E-01 -0.2226768E-01 -0.7275803E-01 -0.5651542E-01
 1997  0.6551826E-01  0.9434237E-01  0.1715444E-02  0.2066689E-01 -0.2993823E-01 -0.3815331     -0.4369486E-01 -0.1399206     -0.1208948     -0.5136768E-01 -0.1674580     -0.9851542E-01
 1998 -0.3268173E-01 -0.1589576      0.7031544E-01  0.1336689E-01  0.4986177E-01  0.1344669      0.1023051      0.2063794      0.1938052      0.2309323      0.4003420      0.3437846    
 1999  0.2033183      0.1385424      0.4148154      0.4050669      0.5311617      0.3663669      0.2310051      0.4718794      0.1291052      0.2583233E-01 -0.1228580      0.8578458E-01
 2000  0.1258183      0.1531424      0.2560154      0.1198669      0.3291618      0.1229669      0.1496051      0.8207941E-01  0.1556052      0.1342323      0.2769420      0.7518458E-01
 2001  0.1231827E-01  0.1648424      0.1951544E-01  0.1206689E-01 -0.6583823E-01  0.1928669     -0.3979486E-01  0.2897794      0.2812051      0.2215323      0.2974197E-01  0.2209846    
 2002  0.1915183      0.6642371E-02  0.1881544E-01  0.5906689E-01 -0.1630382     -0.3903331     -0.4585949     -0.1537206     -0.1746948     -0.1330677     -0.9845802E-01 -0.1101542E-01
 2003  0.2711827E-01  0.6534237E-01  0.7141544E-01  0.4346689E-01  0.3136177E-01  0.9026692E-01  0.2578051      0.1891794      0.2097052      0.2839323      0.1274420      0.1952846    
 2004  0.2927183      0.1341424      0.1451154      0.7996689E-01  0.9006176E-01  0.2036669      0.3524051      0.1906794     -0.4329484E-01 -0.4926767E-01 -0.4205803E-01  0.2024846    
 2005  0.1527183      0.1606424      0.1252154      0.2101669      0.6226177E-01 -0.1723308E-01  0.2010051      0.2445794      0.9330517E-01 -0.2567679E-02  0.4664198E-01  0.2209846    
 2006  0.3181183      0.2334424      0.1215154      0.2489669      0.4884618      0.3023669      0.3957051      0.2562794      0.1377052      0.1450323      0.2531420      0.9138459E-01
 2007  0.1697183      0.1734424      0.1548154     -0.7333111E-02  0.6256177E-01 -0.5393308E-01 -0.1930948     -0.3166206      0.6560516E-01  0.2593323      0.4574420      0.4209846    
 2008  0.3983182      0.4765424      0.3496155      0.1921669      0.3055618      0.5344669      0.2121051      0.2586794     -0.3449484E-01  0.3823233E-01  0.1248420      0.2458846    
 2009  0.1755183      0.1059424      0.1269154      0.6676689E-01  0.3036176E-01  0.1275669     -0.2519486E-01 -0.1424206     -0.3548948     -0.8667678E-02 -0.9315802E-01  0.3788458E-01
 2010 -0.4258174E-01 -0.1652576     -0.1116846     -0.4253311E-01  0.4326177E-01  0.1988669      0.1171051      0.3116794      0.1385052      0.3253232E-01  0.2231420      0.2122846    
 2011  0.2458183      0.2115424      0.7371545E-01  0.1546689E-01  0.1848618      0.6156693E-01 -0.3553949     -0.3090206      0.7105164E-02  0.3923233E-01 -0.4365803E-01  0.1036846    
 2012  0.3165182      0.4323424      0.4285154      0.3673669      0.3115618      0.4273669      0.4408051      0.5134794      0.3615052      0.2109323      0.1662420      0.3419846    
 2013  0.3265182      0.2645423      0.2172154      0.1511669      0.2696177E-01 -0.1398331      0.2527052      0.6037941E-01  0.6170516E-01  0.3524323      0.1878420      0.4868458E-01
 2014  0.1540183      0.2161424      0.1374154     -0.5263311E-01 -0.9993823E-01 -0.4393308E-01  0.2306052      0.1695794     -0.2149484E-01  0.8953233E-01  0.1880420      0.1356846    
 2015  0.2066183      0.8344236E-01 -0.5458456E-01 -0.1123331     -0.6183823E-01  0.2316692E-01 -0.1597949     -0.2217206     -0.5549484E-01 -0.1714677     -0.1635580     -0.2231541E-01
 2016  0.8691825E-01  0.6304237E-01  -999.9000      -999.9000      -999.9000      -999.9000      -999.9000      -999.9000      -999.9000      -999.9000      -999.9000      -999.9000    
