# CRUTEM4.4.0.0 NH+SH average
# <a href="http://www.metoffice.gov.uk/hadobs/crutem4/data/diagnostics/global/nh+sh/index.html" target="_new">Climatic Research Unit / Met Office Hadley Centre</a>
# error estimates not yet used
# Ta [Celsius] T2m land temperature averaged over n+s
1856 01 -0.190 
1856 02 -0.767 
1856 03 -1.327 
1856 04 -0.195 
1856 05 -0.623 
1856 06  0.419 
1856 07 -0.348 
1856 08 -0.181 
1856 09 -0.570 
1856 10 -0.564 
1856 11 -1.471 
1856 12 -0.135 
1857 01 -1.073 
1857 02  0.023 
1857 03 -0.851 
1857 04 -1.521 
1857 05 -1.140 
1857 06 -0.447 
1857 07 -0.215 
1857 08  0.092 
1857 09 -0.424 
1857 10 -0.578 
1857 11 -0.886 
1857 12  0.491 
1858 01 -0.042 
1858 02 -1.480 
1858 03 -0.916 
1858 04 -0.508 
1858 05 -0.498 
1858 06  0.034 
1858 07 -0.231 
1858 08 -0.381 
1858 09 -0.357 
1858 10 -0.092 
1858 11 -1.840 
1858 12 -0.347 
1859 01 -0.183 
1859 02  0.048 
1859 03 -0.261 
1859 04 -0.368 
1859 05 -0.094 
1859 06 -0.217 
1859 07  0.015 
1859 08  0.039 
1859 09 -0.616 
1859 10 -0.172 
1859 11 -0.420 
1859 12 -1.068 
1860 01  0.071 
1860 02 -1.217 
1860 03 -1.724 
1860 04 -0.684 
1860 05 -0.401 
1860 06 -0.076 
1860 07 -0.360 
1860 08 -0.137 
1860 09 -0.427 
1860 10 -0.483 
1860 11 -1.372 
1860 12 -1.682 
1861 01 -2.174 
1861 02  0.076 
1861 03  0.063 
1861 04 -0.886 
1861 05 -1.118 
1861 06  0.113 
1861 07 -0.126 
1861 08 -0.079 
1861 09 -0.383 
1861 10 -0.330 
1861 11 -0.729 
1861 12 -0.505 
1862 01 -1.317 
1862 02 -1.531 
1862 03 -0.470 
1862 04 -0.401 
1862 05 -0.267 
1862 06 -0.384 
1862 07 -0.454 
1862 08 -0.771 
1862 09 -0.365 
1862 10 -0.661 
1862 11 -1.117 
1862 12 -1.363 
1863 01  0.979 
1863 02  0.382 
1863 03 -0.384 
1863 04 -0.466 
1863 05 -0.252 
1863 06 -0.453 
1863 07 -0.495 
1863 08 -0.300 
1863 09 -0.432 
1863 10 -0.639 
1863 11 -0.453 
1863 12 -0.511 
1864 01 -1.620 
1864 02 -0.765 
1864 03 -0.527 
1864 04 -0.765 
1864 05 -0.731 
1864 06  0.148 
1864 07 -0.088 
1864 08 -0.515 
1864 09 -0.336 
1864 10 -1.353 
1864 11 -1.351 
1864 12 -1.401 
1865 01 -0.109 
1865 02 -1.314 
1865 03 -1.466 
1865 04 -0.244 
1865 05 -0.215 
1865 06 -0.210 
1865 07  0.074 
1865 08 -0.364 
1865 09  0.167 
1865 10 -0.588 
1865 11  0.063 
1865 12 -0.599 
1866 01  0.545 
1866 02 -0.567 
1866 03 -0.892 
1866 04 -0.293 
1866 05 -0.751 
1866 06 -0.002 
1866 07 -0.054 
1866 08 -0.534 
1866 09 -0.068 
1866 10 -0.913 
1866 11 -0.747 
1866 12 -0.423 
1867 01 -0.646 
1867 02  0.520 
1867 03 -1.959 
1867 04 -0.588 
1867 05 -1.216 
1867 06 -0.318 
1867 07 -0.351 
1867 08 -0.237 
1867 09 -0.130 
1867 10 -0.103 
1867 11 -0.687 
1867 12 -1.044 
1868 01 -1.465 
1868 02 -0.991 
1868 03 -0.304 
1868 04 -0.721 
1868 05  0.144 
1868 06  0.039 
1868 07  0.360 
1868 08  0.064 
1868 09 -0.401 
1868 10 -0.173 
1868 11 -1.104 
1868 12 -0.256 
1869 01 -0.268 
1869 02  0.830 
1869 03 -1.191 
1869 04 -0.461 
1869 05 -0.523 
1869 06 -0.434 
1869 07 -0.296 
1869 08  0.212 
1869 09 -0.072 
1869 10 -1.004 
1869 11 -0.646 
1869 12 -0.467 
1870 01  0.044 
1870 02 -1.092 
1870 03 -1.161 
1870 04 -0.575 
1870 05 -0.060 
1870 06  0.152 
1870 07  0.072 
1870 08 -0.786 
1870 09 -0.284 
1870 10 -0.535 
1870 11 -0.138 
1870 12 -1.892 
1871 01 -1.184 
1871 02 -1.317 
1871 03 -0.098 
1871 04 -0.392 
1871 05 -0.654 
1871 06 -0.448 
1871 07  0.027 
1871 08  0.135 
1871 09 -0.637 
1871 10 -0.638 
1871 11 -1.315 
1871 12 -1.268 
1872 01 -0.140 
1872 02 -0.626 
1872 03 -0.627 
1872 04 -0.105 
1872 05  0.008 
1872 06 -0.092 
1872 07 -0.154 
1872 08 -0.469 
1872 09 -0.190 
1872 10 -0.142 
1872 11 -0.482 
1872 12 -0.829 
1873 01 -0.038 
1873 02 -0.663 
1873 03 -0.520 
1873 04 -1.030 
1873 05 -0.573 
1873 06  0.270 
1873 07 -0.205 
1873 08  0.055 
1873 09 -0.371 
1873 10 -0.385 
1873 11 -0.930 
1873 12  0.021 
1874 01  0.223 
1874 02 -0.507 
1874 03 -1.175 
1874 04 -0.684 
1874 05 -0.884 
1874 06 -0.435 
1874 07 -0.268 
1874 08 -0.375 
1874 09 -0.218 
1874 10 -0.267 
1874 11 -0.810 
1874 12 -0.346 
1875 01 -1.194 
1875 02 -1.559 
1875 03 -1.522 
1875 04 -0.964 
1875 05 -0.245 
1875 06 -0.180 
1875 07 -0.267 
1875 08 -0.254 
1875 09 -0.598 
1875 10 -0.817 
1875 11 -1.258 
1875 12 -0.949 
1876 01 -0.290 
1876 02 -0.227 
1876 03 -0.452 
1876 04 -0.363 
1876 05 -0.730 
1876 06 -0.073 
1876 07  0.112 
1876 08 -0.153 
1876 09 -0.171 
1876 10 -0.438 
1876 11 -1.281 
1876 12 -1.439 
1877 01 -0.272 
1877 02 -0.060 
1877 03 -0.622 
1877 04 -0.810 
1877 05 -0.932 
1877 06 -0.055 
1877 07  0.188 
1877 08  0.283 
1877 09 -0.398 
1877 10 -0.558 
1877 11  0.078 
1877 12  0.110 
1878 01 -0.349 
1878 02  0.378 
1878 03  0.608 
1878 04  0.357 
1878 05 -0.429 
1878 06 -0.092 
1878 07 -0.089 
1878 08  0.026 
1878 09  0.292 
1878 10  0.178 
1878 11 -0.113 
1878 12 -0.976 
1879 01 -0.489 
1879 02 -0.488 
1879 03 -0.473 
1879 04 -0.616 
1879 05 -0.554 
1879 06 -0.611 
1879 07 -0.398 
1879 08 -0.358 
1879 09 -0.303 
1879 10 -0.111 
1879 11 -0.880 
1879 12 -1.227 
1880 01  0.056 
1880 02 -0.288 
1880 03 -0.520 
1880 04 -0.352 
1880 05 -0.118 
1880 06 -0.145 
1880 07 -0.229 
1880 08  0.136 
1880 09 -0.181 
1880 10 -0.979 
1880 11 -1.022 
1880 12 -0.597 
1881 01 -1.238 
1881 02 -0.602 
1881 03 -0.701 
1881 04 -0.441 
1881 05 -0.048 
1881 06 -0.622 
1881 07 -0.278 
1881 08 -0.119 
1881 09 -0.091 
1881 10 -0.626 
1881 11 -0.717 
1881 12  0.107 
1882 01  0.643 
1882 02  0.050 
1882 03  0.129 
1882 04 -0.703 
1882 05 -0.736 
1882 06 -0.692 
1882 07 -0.515 
1882 08 -0.073 
1882 09 -0.065 
1882 10 -0.392 
1882 11 -0.777 
1882 12 -0.923 
1883 01 -1.095 
1883 02 -0.962 
1883 03 -1.126 
1883 04 -0.727 
1883 05 -0.561 
1883 06  0.028 
1883 07 -0.244 
1883 08 -0.430 
1883 09 -0.524 
1883 10 -0.543 
1883 11 -0.602 
1883 12 -0.420 
1884 01 -0.692 
1884 02 -0.480 
1884 03 -0.834 
1884 04 -1.086 
1884 05 -1.036 
1884 06 -0.704 
1884 07 -0.746 
1884 08 -0.241 
1884 09 -0.460 
1884 10 -0.576 
1884 11 -1.066 
1884 12 -0.669 
1885 01 -1.360 
1885 02 -0.836 
1885 03 -1.081 
1885 04 -0.927 
1885 05 -0.927 
1885 06 -0.748 
1885 07 -0.368 
1885 08 -0.628 
1885 09 -0.400 
1885 10 -0.552 
1885 11 -0.486 
1885 12 -0.001 
1886 01 -0.810 
1886 02 -1.053 
1886 03 -0.958 
1886 04 -0.303 
1886 05 -0.407 
1886 06 -0.639 
1886 07 -0.288 
1886 08 -0.366 
1886 09 -0.180 
1886 10 -0.546 
1886 11 -0.518 
1886 12 -0.312 
1887 01 -0.723 
1887 02 -0.816 
1887 03 -0.556 
1887 04 -0.647 
1887 05 -0.382 
1887 06 -0.418 
1887 07 -0.309 
1887 08 -0.466 
1887 09 -0.295 
1887 10 -0.845 
1887 11 -0.672 
1887 12 -0.616 
1888 01 -1.205 
1888 02 -1.048 
1888 03 -1.430 
1888 04 -0.337 
1888 05 -0.771 
1888 06 -0.437 
1888 07 -0.410 
1888 08 -0.423 
1888 09 -0.189 
1888 10 -0.355 
1888 11 -0.484 
1888 12 -0.345 
1889 01 -0.446 
1889 02 -0.461 
1889 03 -0.261 
1889 04  0.034 
1889 05  0.160 
1889 06 -0.115 
1889 07 -0.321 
1889 08 -0.371 
1889 09 -0.551 
1889 10 -0.340 
1889 11 -0.717 
1889 12  0.034 
1890 01 -0.174 
1890 02 -0.395 
1890 03 -0.506 
1890 04 -0.246 
1890 05 -0.606 
1890 06 -0.292 
1890 07 -0.439 
1890 08 -0.409 
1890 09 -0.215 
1890 10 -0.518 
1890 11 -0.814 
1890 12 -0.698 
1891 01 -0.992 
1891 02 -0.886 
1891 03 -0.660 
1891 04 -0.676 
1891 05 -0.442 
1891 06 -0.464 
1891 07 -0.454 
1891 08 -0.497 
1891 09 -0.219 
1891 10 -0.492 
1891 11 -0.916 
1891 12  0.153 
1892 01 -0.703 
1892 02 -0.067 
1892 03 -0.862 
1892 04 -0.838 
1892 05 -0.784 
1892 06 -0.452 
1892 07 -0.481 
1892 08 -0.337 
1892 09 -0.264 
1892 10 -0.467 
1892 11 -0.831 
1892 12 -1.380 
1893 01 -2.160 
1893 02 -1.594 
1893 03 -0.625 
1893 04 -0.664 
1893 05 -0.727 
1893 06 -0.482 
1893 07 -0.158 
1893 08 -0.377 
1893 09 -0.446 
1893 10 -0.246 
1893 11 -0.517 
1893 12 -0.377 
1894 01 -0.586 
1894 02 -0.417 
1894 03 -0.202 
1894 04 -0.437 
1894 05 -0.555 
1894 06 -0.606 
1894 07 -0.435 
1894 08 -0.372 
1894 09 -0.726 
1894 10 -0.408 
1894 11 -0.451 
1894 12 -0.443 
1895 01 -1.157 
1895 02 -1.499 
1895 03 -0.764 
1895 04 -0.453 
1895 05 -0.463 
1895 06 -0.366 
1895 07 -0.655 
1895 08 -0.354 
1895 09 -0.167 
1895 10 -0.347 
1895 11 -0.454 
1895 12 -0.246 
1896 01 -0.320 
1896 02 -0.356 
1896 03 -0.846 
1896 04 -0.799 
1896 05 -0.347 
1896 06 -0.267 
1896 07 -0.221 
1896 08 -0.310 
1896 09 -0.253 
1896 10 -0.004 
1896 11 -0.988 
1896 12 -0.139 
1897 01 -0.622 
1897 02 -0.381 
1897 03 -0.803 
1897 04 -0.075 
1897 05 -0.028 
1897 06 -0.165 
1897 07 -0.116 
1897 08 -0.242 
1897 09 -0.044 
1897 10 -0.270 
1897 11 -0.509 
1897 12 -0.597 
1898 01  0.292 
1898 02 -0.449 
1898 03 -1.370 
1898 04 -0.708 
1898 05 -0.627 
1898 06 -0.229 
1898 07 -0.343 
1898 08 -0.166 
1898 09 -0.140 
1898 10 -0.575 
1898 11 -0.421 
1898 12 -0.128 
1899 01 -0.132 
1899 02 -0.743 
1899 03 -0.795 
1899 04 -0.252 
1899 05 -0.487 
1899 06 -0.590 
1899 07 -0.251 
1899 08 -0.217 
1899 09  0.030 
1899 10 -0.202 
1899 11  0.279 
1899 12 -0.665 
1900 01 -0.456 
1900 02 -0.439 
1900 03 -0.442 
1900 04 -0.427 
1900 05 -0.247 
1900 06 -0.016 
1900 07 -0.277 
1900 08 -0.105 
1900 09 -0.215 
1900 10  0.330 
1900 11 -0.207 
1900 12  0.151 
1901 01 -0.226 
1901 02 -0.523 
1901 03 -0.114 
1901 04 -0.044 
1901 05 -0.142 
1901 06  0.097 
1901 07 -0.019 
1901 08 -0.057 
1901 09 -0.108 
1901 10 -0.184 
1901 11 -0.343 
1901 12 -0.435 
1902 01  0.042 
1902 02 -0.091 
1902 03 -0.305 
1902 04 -0.448 
1902 05 -0.428 
1902 06 -0.348 
1902 07 -0.441 
1902 08 -0.495 
1902 09 -0.458 
1902 10 -0.597 
1902 11 -0.657 
1902 12 -0.879 
1903 01 -0.185 
1903 02  0.067 
1903 03 -0.176 
1903 04 -0.568 
1903 05 -0.573 
1903 06 -0.590 
1903 07 -0.544 
1903 08 -0.468 
1903 09 -0.395 
1903 10 -0.573 
1903 11 -0.637 
1903 12 -0.792 
1904 01 -0.824 
1904 02 -0.724 
1904 03 -0.930 
1904 04 -0.547 
1904 05 -0.533 
1904 06 -0.490 
1904 07 -0.541 
1904 08 -0.441 
1904 09 -0.541 
1904 10 -0.408 
1904 11 -0.287 
1904 12 -0.503 
1905 01 -0.560 
1905 02 -1.344 
1905 03 -0.562 
1905 04 -0.729 
1905 05 -0.379 
1905 06 -0.176 
1905 07 -0.303 
1905 08 -0.304 
1905 09 -0.229 
1905 10 -0.494 
1905 11 -0.031 
1905 12 -0.043 
1906 01  0.103 
1906 02 -0.440 
1906 03 -0.568 
1906 04  0.106 
1906 05  0.006 
1906 06 -0.101 
1906 07 -0.171 
1906 08 -0.170 
1906 09 -0.306 
1906 10 -0.181 
1906 11 -0.577 
1906 12 -0.124 
1907 01 -0.658 
1907 02 -0.794 
1907 03 -0.566 
1907 04 -0.907 
1907 05 -0.944 
1907 06 -0.700 
1907 07 -0.480 
1907 08 -0.593 
1907 09 -0.397 
1907 10 -0.120 
1907 11 -0.776 
1907 12 -0.564 
1908 01 -0.219 
1908 02 -0.377 
1908 03 -0.862 
1908 04 -0.568 
1908 05 -0.442 
1908 06 -0.327 
1908 07 -0.371 
1908 08 -0.534 
1908 09 -0.258 
1908 10 -0.547 
1908 11 -0.737 
1908 12 -0.425 
1909 01 -0.672 
1909 02 -0.652 
1909 03 -0.832 
1909 04 -0.803 
1909 05 -0.753 
1909 06 -0.406 
1909 07 -0.411 
1909 08  0.004 
1909 09 -0.090 
1909 10 -0.073 
1909 11 -0.046 
1909 12 -0.656 
1910 01 -0.079 
1910 02 -0.355 
1910 03 -0.324 
1910 04 -0.250 
1910 05 -0.317 
1910 06 -0.280 
1910 07 -0.195 
1910 08 -0.185 
1910 09 -0.198 
1910 10 -0.391 
1910 11 -0.784 
1910 12 -0.702 
1911 01 -0.609 
1911 02 -0.949 
1911 03 -0.820 
1911 04 -0.701 
1911 05 -0.382 
1911 06 -0.417 
1911 07 -0.239 
1911 08 -0.215 
1911 09 -0.252 
1911 10 -0.348 
1911 11 -0.153 
1911 12 -0.053 
1912 01 -0.467 
1912 02 -0.062 
1912 03 -0.568 
1912 04 -0.401 
1912 05 -0.275 
1912 06 -0.062 
1912 07 -0.581 
1912 08 -0.663 
1912 09 -0.661 
1912 10 -0.781 
1912 11 -0.563 
1912 12 -0.294 
1913 01 -0.277 
1913 02 -0.718 
1913 03 -0.666 
1913 04 -0.200 
1913 05 -0.802 
1913 06 -0.645 
1913 07 -0.308 
1913 08 -0.139 
1913 09 -0.266 
1913 10 -0.313 
1913 11  0.178 
1913 12  0.288 
1914 01  0.489 
1914 02  0.169 
1914 03 -0.110 
1914 04 -0.293 
1914 05 -0.072 
1914 06 -0.058 
1914 07 -0.141 
1914 08 -0.093 
1914 09 -0.170 
1914 10  0.026 
1914 11 -0.336 
1914 12 -0.297 
1915 01 -0.041 
1915 02  0.327 
1915 03 -0.601 
1915 04  0.090 
1915 05 -0.276 
1915 06 -0.156 
1915 07  0.034 
1915 08 -0.111 
1915 09  0.009 
1915 10 -0.174 
1915 11  0.016 
1915 12 -0.057 
1916 01  0.040 
1916 02 -0.086 
1916 03 -0.696 
1916 04 -0.313 
1916 05 -0.355 
1916 06 -0.513 
1916 07 -0.210 
1916 08 -0.188 
1916 09 -0.275 
1916 10 -0.327 
1916 11 -0.452 
1916 12 -0.924 
1917 01 -0.615 
1917 02 -1.280 
1917 03 -1.200 
1917 04 -0.695 
1917 05 -1.134 
1917 06 -0.411 
1917 07 -0.074 
1917 08 -0.289 
1917 09 -0.116 
1917 10 -0.569 
1917 11 -0.315 
1917 12 -1.239 
1918 01 -0.780 
1918 02 -0.576 
1918 03 -0.558 
1918 04 -0.612 
1918 05 -0.753 
1918 06 -0.429 
1918 07 -0.440 
1918 08 -0.352 
1918 09 -0.229 
1918 10  0.174 
1918 11 -0.266 
1918 12 -0.319 
1919 01 -0.058 
1919 02 -0.271 
1919 03 -0.535 
1919 04 -0.058 
1919 05 -0.405 
1919 06 -0.100 
1919 07 -0.158 
1919 08 -0.131 
1919 09 -0.048 
1919 10 -0.238 
1919 11 -0.790 
1919 12 -0.522 
1920 01 -0.103 
1920 02 -0.488 
1920 03 -0.092 
1920 04 -0.282 
1920 05 -0.166 
1920 06 -0.239 
1920 07 -0.101 
1920 08 -0.160 
1920 09 -0.051 
1920 10 -0.341 
1920 11 -0.534 
1920 12 -0.544 
1921 01  0.324 
1921 02 -0.127 
1921 03 -0.034 
1921 04 -0.026 
1921 05  0.072 
1921 06  0.072 
1921 07 -0.003 
1921 08 -0.343 
1921 09 -0.186 
1921 10 -0.195 
1921 11 -0.597 
1921 12 -0.145 
1922 01 -0.602 
1922 02 -0.511 
1922 03 -0.345 
1922 04 -0.075 
1922 05 -0.155 
1922 06 -0.134 
1922 07 -0.201 
1922 08 -0.217 
1922 09 -0.169 
1922 10 -0.260 
1922 11 -0.126 
1922 12 -0.204 
1923 01  0.024 
1923 02 -0.603 
1923 03 -0.350 
1923 04 -0.724 
1923 05 -0.377 
1923 06 -0.293 
1923 07 -0.451 
1923 08 -0.454 
1923 09 -0.178 
1923 10 -0.012 
1923 11  0.181 
1923 12  0.191 
1924 01 -0.482 
1924 02 -0.515 
1924 03 -0.477 
1924 04 -0.606 
1924 05 -0.306 
1924 06 -0.153 
1924 07 -0.169 
1924 08 -0.189 
1924 09 -0.016 
1924 10 -0.143 
1924 11 -0.140 
1924 12 -0.547 
1925 01 -0.361 
1925 02 -0.081 
1925 03 -0.254 
1925 04 -0.119 
1925 05 -0.377 
1925 06 -0.333 
1925 07 -0.395 
1925 08 -0.092 
1925 09 -0.210 
1925 10 -0.517 
1925 11 -0.028 
1925 12  0.231 
1926 01  0.452 
1926 02  0.501 
1926 03  0.071 
1926 04 -0.353 
1926 05 -0.491 
1926 06 -0.161 
1926 07 -0.233 
1926 08 -0.036 
1926 09 -0.008 
1926 10 -0.066 
1926 11  0.102 
1926 12 -0.442 
1927 01 -0.266 
1927 02 -0.181 
1927 03 -0.398 
1927 04 -0.417 
1927 05 -0.476 
1927 06 -0.215 
1927 07 -0.018 
1927 08 -0.143 
1927 09  0.057 
1927 10  0.258 
1927 11 -0.016 
1927 12 -0.820 
1928 01  0.095 
1928 02 -0.105 
1928 03 -0.498 
1928 04 -0.254 
1928 05 -0.331 
1928 06 -0.531 
1928 07 -0.097 
1928 08 -0.110 
1928 09  0.012 
1928 10 -0.037 
1928 11  0.105 
1928 12 -0.027 
1929 01 -0.698 
1929 02 -1.354 
1929 03 -0.495 
1929 04 -0.682 
1929 05 -0.426 
1929 06 -0.431 
1929 07 -0.399 
1929 08 -0.157 
1929 09 -0.234 
1929 10  0.031 
1929 11  0.020 
1929 12 -0.779 
1930 01 -0.388 
1930 02 -0.151 
1930 03 -0.069 
1930 04 -0.142 
1930 05 -0.298 
1930 06 -0.032 
1930 07  0.017 
1930 08  0.050 
1930 09 -0.133 
1930 10 -0.186 
1930 11  0.155 
1930 12 -0.075 
1931 01  0.044 
1931 02 -0.418 
1931 03 -0.261 
1931 04 -0.370 
1931 05 -0.302 
1931 06  0.052 
1931 07  0.130 
1931 08  0.131 
1931 09 -0.017 
1931 10  0.199 
1931 11 -0.090 
1931 12  0.124 
1932 01  0.885 
1932 02 -0.453 
1932 03 -0.651 
1932 04  0.043 
1932 05 -0.219 
1932 06 -0.179 
1932 07 -0.063 
1932 08 -0.042 
1932 09  0.112 
1932 10  0.116 
1932 11 -0.247 
1932 12 -0.132 
1933 01 -0.489 
1933 02 -0.594 
1933 03 -0.533 
1933 04 -0.299 
1933 05 -0.212 
1933 06 -0.225 
1933 07 -0.026 
1933 08 -0.036 
1933 09 -0.075 
1933 10 -0.032 
1933 11 -0.337 
1933 12 -0.846 
1934 01 -0.055 
1934 02  0.150 
1934 03 -0.404 
1934 04 -0.379 
1934 05  0.233 
1934 06 -0.008 
1934 07  0.019 
1934 08  0.008 
1934 09 -0.117 
1934 10  0.038 
1934 11  0.215 
1934 12  0.138 
1935 01 -0.429 
1935 02  0.733 
1935 03 -0.017 
1935 04 -0.571 
1935 05 -0.454 
1935 06 -0.186 
1935 07 -0.037 
1935 08 -0.027 
1935 09 -0.123 
1935 10  0.185 
1935 11 -0.511 
1935 12 -0.341 
1936 01 -0.338 
1936 02 -0.869 
1936 03 -0.384 
1936 04 -0.279 
1936 05 -0.114 
1936 06 -0.021 
1936 07  0.302 
1936 08  0.120 
1936 09 -0.007 
1936 10  0.073 
1936 11  0.100 
1936 12  0.254 
1937 01 -0.199 
1937 02  0.139 
1937 03 -0.692 
1937 04 -0.305 
1937 05 -0.018 
1937 06  0.114 
1937 07 -0.004 
1937 08  0.235 
1937 09  0.259 
1937 10  0.339 
1937 11  0.148 
1937 12 -0.299 
1938 01  0.153 
1938 02  0.126 
1938 03  0.331 
1938 04  0.363 
1938 05  0.073 
1938 06 -0.059 
1938 07  0.087 
1938 08  0.122 
1938 09  0.280 
1938 10  0.475 
1938 11  0.340 
1938 12 -0.351 
1939 01  0.098 
1939 02  0.072 
1939 03 -0.493 
1939 04 -0.198 
1939 05  0.065 
1939 06  0.111 
1939 07  0.007 
1939 08  0.108 
1939 09 -0.122 
1939 10 -0.230 
1939 11  0.003 
1939 12  0.711 
1940 01 -0.780 
1940 02 -0.106 
1940 03 -0.180 
1940 04  0.026 
1940 05 -0.143 
1940 06  0.182 
1940 07  0.154 
1940 08  0.029 
1940 09  0.183 
1940 10  0.012 
1940 11 -0.014 
1940 12  0.304 
1941 01 -0.190 
1941 02  0.114 
1941 03 -0.352 
1941 04 -0.014 
1941 05  0.003 
1941 06  0.149 
1941 07  0.176 
1941 08  0.053 
1941 09 -0.182 
1941 10  0.223 
1941 11 -0.185 
1941 12 -0.163 
1942 01  0.090 
1942 02 -0.417 
1942 03 -0.285 
1942 04 -0.096 
1942 05 -0.093 
1942 06  0.097 
1942 07 -0.101 
1942 08 -0.012 
1942 09  0.111 
1942 10  0.103 
1942 11  0.088 
1942 12  0.032 
1943 01 -0.403 
1943 02  0.264 
1943 03 -0.255 
1943 04  0.157 
1943 05  0.064 
1943 06 -0.251 
1943 07 -0.015 
1943 08 -0.158 
1943 09  0.057 
1943 10  0.428 
1943 11  0.008 
1943 12  0.304 
1944 01  0.701 
1944 02  0.292 
1944 03  0.043 
1944 04 -0.151 
1944 05 -0.036 
1944 06 -0.020 
1944 07  0.079 
1944 08  0.149 
1944 09  0.422 
1944 10  0.340 
1944 11 -0.042 
1944 12 -0.382 
1945 01 -0.295 
1945 02 -0.463 
1945 03 -0.224 
1945 04  0.221 
1945 05 -0.265 
1945 06 -0.114 
1945 07 -0.203 
1945 08  0.423 
1945 09  0.167 
1945 10  0.130 
1945 11 -0.128 
1945 12 -0.683 
1946 01  0.111 
1946 02  0.134 
1946 03 -0.340 
1946 04  0.200 
1946 05 -0.113 
1946 06 -0.257 
1946 07 -0.016 
1946 08 -0.035 
1946 09  0.065 
1946 10 -0.160 
1946 11  0.025 
1946 12 -0.591 
1947 01 -0.296 
1947 02 -0.330 
1947 03  0.007 
1947 04  0.154 
1947 05 -0.024 
1947 06  0.052 
1947 07 -0.060 
1947 08  0.090 
1947 09  0.069 
1947 10  0.419 
1947 11  0.106 
1947 12 -0.257 
1948 01  0.425 
1948 02 -0.089 
1948 03 -0.419 
1948 04 -0.022 
1948 05  0.162 
1948 06  0.130 
1948 07 -0.108 
1948 08 -0.041 
1948 09  0.024 
1948 10  0.147 
1948 11  0.034 
1948 12 -0.218 
1949 01  0.373 
1949 02 -0.340 
1949 03 -0.397 
1949 04 -0.105 
1949 05 -0.087 
1949 06 -0.234 
1949 07 -0.164 
1949 08 -0.051 
1949 09 -0.065 
1949 10  0.143 
1949 11  0.004 
1949 12 -0.325 
1950 01 -0.615 
1950 02 -0.380 
1950 03 -0.242 
1950 04 -0.297 
1950 05 -0.154 
1950 06 -0.079 
1950 07 -0.224 
1950 08 -0.289 
1950 09 -0.143 
1950 10 -0.205 
1950 11 -0.683 
1950 12 -0.334 
1951 01 -0.575 
1951 02 -0.848 
1951 03 -0.456 
1951 04 -0.096 
1951 05 -0.017 
1951 06 -0.106 
1951 07 -0.062 
1951 08  0.122 
1951 09  0.207 
1951 10  0.150 
1951 11 -0.033 
1951 12  0.401 
1952 01  0.281 
1952 02  0.048 
1952 03 -0.423 
1952 04 -0.036 
1952 05 -0.044 
1952 06 -0.003 
1952 07  0.126 
1952 08  0.086 
1952 09  0.122 
1952 10 -0.149 
1952 11 -0.553 
1952 12 -0.217 
1953 01  0.148 
1953 02  0.171 
1953 03  0.205 
1953 04  0.205 
1953 05  0.054 
1953 06  0.177 
1953 07 -0.009 
1953 08  0.147 
1953 09  0.100 
1953 10  0.187 
1953 11 -0.138 
1953 12  0.244 
1954 01 -0.508 
1954 02 -0.221 
1954 03 -0.369 
1954 04 -0.209 
1954 05 -0.304 
1954 06 -0.105 
1954 07 -0.194 
1954 08 -0.062 
1954 09 -0.006 
1954 10  0.071 
1954 11  0.244 
1954 12 -0.226 
1955 01  0.385 
1955 02 -0.141 
1955 03 -0.805 
1955 04 -0.377 
1955 05 -0.212 
1955 06 -0.113 
1955 07 -0.209 
1955 08  0.030 
1955 09 -0.040 
1955 10 -0.015 
1955 11 -0.402 
1955 12 -0.484 
1956 01 -0.362 
1956 02 -0.713 
1956 03 -0.578 
1956 04 -0.539 
1956 05 -0.436 
1956 06 -0.275 
1956 07 -0.291 
1956 08 -0.398 
1956 09 -0.420 
1956 10 -0.330 
1956 11 -0.502 
1956 12 -0.392 
1957 01 -0.264 
1957 02 -0.261 
1957 03 -0.467 
1957 04 -0.167 
1957 05 -0.137 
1957 06  0.048 
1957 07 -0.183 
1957 08  0.031 
1957 09  0.063 
1957 10 -0.068 
1957 11  0.150 
1957 12  0.348 
1958 01  0.482 
1958 02  0.235 
1958 03 -0.079 
1958 04  0.024 
1958 05  0.036 
1958 06 -0.085 
1958 07  0.013 
1958 08 -0.051 
1958 09 -0.119 
1958 10 -0.004 
1958 11  0.072 
1958 12 -0.007 
1959 01  0.111 
1959 02  0.061 
1959 03  0.195 
1959 04  0.066 
1959 05 -0.139 
1959 06  0.116 
1959 07  0.049 
1959 08  0.022 
1959 09  0.049 
1959 10 -0.153 
1959 11 -0.174 
1959 12 -0.017 
1960 01  0.039 
1960 02  0.364 
1960 03 -0.702 
1960 04 -0.327 
1960 05 -0.340 
1960 06  0.053 
1960 07 -0.100 
1960 08 -0.020 
1960 09  0.039 
1960 10  0.007 
1960 11 -0.228 
1960 12  0.316 
1961 01  0.070 
1961 02  0.270 
1961 03  0.094 
1961 04  0.108 
1961 05  0.090 
1961 06  0.090 
1961 07 -0.018 
1961 08 -0.017 
1961 09  0.059 
1961 10 -0.052 
1961 11 -0.012 
1961 12 -0.191 
1962 01  0.179 
1962 02  0.262 
1962 03 -0.028 
1962 04  0.038 
1962 05 -0.104 
1962 06 -0.159 
1962 07 -0.063 
1962 08 -0.069 
1962 09 -0.024 
1962 10  0.121 
1962 11  0.079 
1962 12  0.060 
1963 01 -0.088 
1963 02  0.402 
1963 03 -0.308 
1963 04 -0.222 
1963 05 -0.179 
1963 06 -0.127 
1963 07  0.060 
1963 08  0.044 
1963 09  0.148 
1963 10  0.401 
1963 11  0.282 
1963 12 -0.119 
1964 01 -0.022 
1964 02 -0.255 
1964 03 -0.495 
1964 04 -0.351 
1964 05 -0.185 
1964 06 -0.254 
1964 07 -0.215 
1964 08 -0.286 
1964 09 -0.295 
1964 10 -0.396 
1964 11 -0.297 
1964 12 -0.440 
1965 01 -0.055 
1965 02 -0.442 
1965 03 -0.282 
1965 04 -0.472 
1965 05 -0.244 
1965 06 -0.118 
1965 07 -0.291 
1965 08 -0.231 
1965 09 -0.209 
1965 10 -0.062 
1965 11 -0.247 
1965 12 -0.149 
1966 01 -0.219 
1966 02 -0.151 
1966 03 -0.127 
1966 04 -0.285 
1966 05 -0.190 
1966 06  0.060 
1966 07 -0.009 
1966 08 -0.006 
1966 09 -0.032 
1966 10 -0.175 
1966 11 -0.151 
1966 12 -0.370 
1967 01 -0.290 
1967 02 -0.448 
1967 03 -0.106 
1967 04 -0.083 
1967 05  0.119 
1967 06 -0.232 
1967 07 -0.119 
1967 08 -0.086 
1967 09 -0.125 
1967 10  0.351 
1967 11  0.012 
1967 12 -0.141 
1968 01 -0.351 
1968 02 -0.269 
1968 03  0.340 
1968 04 -0.218 
1968 05 -0.335 
1968 06 -0.314 
1968 07 -0.222 
1968 08 -0.209 
1968 09 -0.214 
1968 10 -0.123 
1968 11 -0.261 
1968 12 -0.419 
1969 01 -0.628 
1969 02 -0.738 
1969 03 -0.298 
1969 04 -0.004 
1969 05 -0.020 
1969 06 -0.094 
1969 07  0.038 
1969 08 -0.028 
1969 09 -0.084 
1969 10 -0.055 
1969 11  0.184 
1969 12  0.263 
1970 01 -0.049 
1970 02  0.299 
1970 03 -0.271 
1970 04  0.014 
1970 05 -0.107 
1970 06  0.084 
1970 07 -0.012 
1970 08 -0.063 
1970 09  0.010 
1970 10 -0.177 
1970 11 -0.100 
1970 12 -0.326 
1971 01 -0.079 
1971 02 -0.440 
1971 03 -0.484 
1971 04 -0.381 
1971 05 -0.304 
1971 06 -0.313 
1971 07 -0.172 
1971 08 -0.116 
1971 09 -0.004 
1971 10 -0.083 
1971 11 -0.011 
1971 12 -0.092 
1972 01 -0.781 
1972 02 -0.659 
1972 03 -0.285 
1972 04 -0.183 
1972 05 -0.193 
1972 06 -0.045 
1972 07 -0.085 
1972 08 -0.085 
1972 09 -0.231 
1972 10 -0.105 
1972 11 -0.285 
1972 12  0.084 
1973 01  0.159 
1973 02  0.538 
1973 03  0.387 
1973 04  0.276 
1973 05  0.161 
1973 06  0.260 
1973 07  0.089 
1973 08  0.036 
1973 09 -0.035 
1973 10 -0.005 
1973 11 -0.132 
1973 12 -0.073 
1974 01 -0.471 
1974 02 -0.616 
1974 03 -0.199 
1974 04 -0.157 
1974 05 -0.244 
1974 06 -0.188 
1974 07 -0.082 
1974 08 -0.125 
1974 09 -0.253 
1974 10 -0.367 
1974 11 -0.332 
1974 12 -0.355 
1975 01  0.127 
1975 02 -0.017 
1975 03  0.023 
1975 04  0.033 
1975 05  0.009 
1975 06 -0.007 
1975 07 -0.028 
1975 08 -0.158 
1975 09  0.050 
1975 10 -0.191 
1975 11 -0.289 
1975 12 -0.292 
1976 01 -0.084 
1976 02 -0.356 
1976 03 -0.750 
1976 04 -0.180 
1976 05 -0.323 
1976 06 -0.300 
1976 07 -0.321 
1976 08 -0.300 
1976 09 -0.225 
1976 10 -0.699 
1976 11 -0.453 
1976 12 -0.289 
1977 01 -0.434 
1977 02  0.100 
1977 03  0.261 
1977 04  0.267 
1977 05  0.112 
1977 06  0.210 
1977 07  0.066 
1977 08 -0.003 
1977 09  0.015 
1977 10 -0.052 
1977 11  0.393 
1977 12  0.034 
1978 01  0.031 
1978 02 -0.059 
1978 03  0.122 
1978 04  0.008 
1978 05 -0.073 
1978 06 -0.159 
1978 07 -0.073 
1978 08 -0.267 
1978 09 -0.084 
1978 10 -0.080 
1978 11  0.140 
1978 12 -0.176 
1979 01 -0.138 
1979 02 -0.328 
1979 03 -0.008 
1979 04 -0.258 
1979 05 -0.084 
1979 06  0.101 
1979 07  0.015 
1979 08  0.049 
1979 09  0.078 
1979 10  0.189 
1979 11  0.120 
1979 12  0.641 
1980 01  0.101 
1980 02  0.258 
1980 03 -0.098 
1980 04  0.169 
1980 05  0.262 
1980 06  0.122 
1980 07  0.056 
1980 08  0.078 
1980 09  0.095 
1980 10  0.121 
1980 11  0.261 
1980 12  0.120 
1981 01  0.771 
1981 02  0.606 
1981 03  0.509 
1981 04  0.414 
1981 05  0.111 
1981 06  0.143 
1981 07  0.100 
1981 08  0.250 
1981 09  0.098 
1981 10  0.030 
1981 11  0.162 
1981 12  0.498 
1982 01 -0.199 
1982 02  0.104 
1982 03 -0.239 
1982 04  0.047 
1982 05  0.011 
1982 06 -0.119 
1982 07  0.036 
1982 08  0.013 
1982 09  0.096 
1982 10 -0.133 
1982 11 -0.133 
1982 12  0.430 
1983 01  0.739 
1983 02  0.485 
1983 03  0.357 
1983 04  0.148 
1983 05  0.166 
1983 06  0.122 
1983 07  0.273 
1983 08  0.328 
1983 09  0.406 
1983 10  0.209 
1983 11  0.568 
1983 12  0.124 
1984 01  0.156 
1984 02 -0.093 
1984 03  0.042 
1984 04 -0.111 
1984 05  0.235 
1984 06  0.046 
1984 07 -0.001 
1984 08  0.040 
1984 09 -0.128 
1984 10  0.083 
1984 11 -0.199 
1984 12 -0.533 
1985 01 -0.004 
1985 02 -0.316 
1985 03 -0.099 
1985 04 -0.003 
1985 05  0.064 
1985 06 -0.058 
1985 07 -0.135 
1985 08  0.129 
1985 09 -0.031 
1985 10  0.044 
1985 11 -0.056 
1985 12  0.027 
1986 01  0.448 
1986 02  0.198 
1986 03  0.215 
1986 04  0.289 
1986 05  0.195 
1986 06  0.153 
1986 07 -0.043 
1986 08  0.027 
1986 09 -0.071 
1986 10 -0.004 
1986 11 -0.039 
1986 12  0.030 
1987 01  0.195 
1987 02  0.705 
1987 03 -0.106 
1987 04  0.199 
1987 05  0.175 
1987 06  0.210 
1987 07  0.370 
1987 08  0.199 
1987 09  0.317 
1987 10  0.253 
1987 11  0.135 
1987 12  0.537 
1988 01  0.647 
1988 02  0.262 
1988 03  0.397 
1988 04  0.316 
1988 05  0.372 
1988 06  0.444 
1988 07  0.359 
1988 08  0.328 
1988 09  0.388 
1988 10  0.368 
1988 11  0.104 
1988 12  0.501 
1989 01  0.134 
1989 02  0.435 
1989 03  0.403 
1989 04  0.230 
1989 05  0.189 
1989 06  0.164 
1989 07  0.215 
1989 08  0.226 
1989 09  0.226 
1989 10  0.302 
1989 11  0.068 
1989 12  0.344 
1990 01  0.408 
1990 02  0.540 
1990 03  1.188 
1990 04  0.602 
1990 05  0.410 
1990 06  0.452 
1990 07  0.293 
1990 08  0.372 
1990 09  0.213 
1990 10  0.498 
1990 11  0.610 
1990 12  0.428 
1991 01  0.526 
1991 02  0.514 
1991 03  0.262 
1991 04  0.588 
1991 05  0.329 
1991 06  0.586 
1991 07  0.454 
1991 08  0.364 
1991 09  0.395 
1991 10  0.341 
1991 11  0.265 
1991 12  0.128 
1992 01  0.717 
1992 02  0.554 
1992 03  0.428 
1992 04  0.097 
1992 05  0.150 
1992 06  0.046 
1992 07 -0.248 
1992 08 -0.094 
1992 09 -0.213 
1992 10 -0.215 
1992 11 -0.237 
1992 12  0.201 
1993 01  0.470 
1993 02  0.466 
1993 03  0.372 
1993 04  0.200 
1993 05  0.242 
1993 06  0.221 
1993 07  0.176 
1993 08  0.116 
1993 09 -0.099 
1993 10  0.108 
1993 11 -0.358 
1993 12  0.254 
1994 01  0.351 
1994 02 -0.174 
1994 03  0.318 
1994 04  0.447 
1994 05  0.401 
1994 06  0.448 
1994 07  0.275 
1994 08  0.276 
1994 09  0.341 
1994 10  0.492 
1994 11  0.543 
1994 12  0.437 
1995 01  0.868 
1995 02  1.235 
1995 03  0.501 
1995 04  0.504 
1995 05  0.363 
1995 06  0.531 
1995 07  0.414 
1995 08  0.605 
1995 09  0.482 
1995 10  0.685 
1995 11  0.582 
1995 12  0.197 
1996 01  0.205 
1996 02  0.446 
1996 03  0.140 
1996 04 -0.014 
1996 05  0.313 
1996 06  0.276 
1996 07  0.286 
1996 08  0.233 
1996 09  0.097 
1996 10  0.184 
1996 11  0.241 
1996 12  0.411 
1997 01  0.424 
1997 02  0.626 
1997 03  0.551 
1997 04  0.374 
1997 05  0.336 
1997 06  0.514 
1997 07  0.389 
1997 08  0.489 
1997 09  0.552 
1997 10  0.642 
1997 11  0.555 
1997 12  0.614 
1998 01  0.716 
1998 02  1.364 
1998 03  0.787 
1998 04  1.002 
1998 05  0.832 
1998 06  0.912 
1998 07  0.984 
1998 08  0.918 
1998 09  0.718 
1998 10  0.721 
1998 11  0.322 
1998 12  0.876 
1999 01  0.774 
1999 02  1.197 
1999 03  0.233 
1999 04  0.515 
1999 05  0.404 
1999 06  0.478 
1999 07  0.500 
1999 08  0.437 
1999 09  0.587 
1999 10  0.544 
1999 11  0.397 
1999 12  0.786 
2000 01  0.328 
2000 02  0.947 
2000 03  0.749 
2000 04  0.947 
2000 05  0.527 
2000 06  0.459 
2000 07  0.413 
2000 08  0.529 
2000 09  0.381 
2000 10  0.277 
2000 11  0.070 
2000 12  0.215 
2001 01  0.712 
2001 02  0.542 
2001 03  0.791 
2001 04  0.668 
2001 05  0.697 
2001 06  0.575 
2001 07  0.642 
2001 08  0.774 
2001 09  0.541 
2001 10  0.629 
2001 11  1.030 
2001 12  0.545 
2002 01  1.195 
2002 02  1.387 
2002 03  1.187 
2002 04  0.721 
2002 05  0.588 
2002 06  0.664 
2002 07  0.793 
2002 08  0.615 
2002 09  0.679 
2002 10  0.484 
2002 11  0.735 
2002 12  0.313 
2003 01  1.008 
2003 02  0.624 
2003 03  0.591 
2003 04  0.632 
2003 05  0.834 
2003 06  0.712 
2003 07  0.637 
2003 08  0.803 
2003 09  0.774 
2003 10  0.933 
2003 11  0.712 
2003 12  1.112 
2004 01  0.765 
2004 02  1.094 
2004 03  0.938 
2004 04  0.723 
2004 05  0.347 
2004 06  0.523 
2004 07  0.392 
2004 08  0.470 
2004 09  0.562 
2004 10  0.769 
2004 11  1.084 
2004 12  0.502 
2005 01  0.956 
2005 02  0.577 
2005 03  0.884 
2005 04  1.006 
2005 05  0.744 
2005 06  0.873 
2005 07  0.834 
2005 08  0.712 
2005 09  0.938 
2005 10  1.089 
2005 11  1.214 
2005 12  0.771 
2006 01  0.632 
2006 02  0.960 
2006 03  0.797 
2006 04  0.593 
2006 05  0.521 
2006 06  0.895 
2006 07  0.802 
2006 08  0.759 
2006 09  0.774 
2006 10  1.022 
2006 11  0.914 
2006 12  1.303 
2007 01  1.675 
2007 02  0.956 
2007 03  1.026 
2007 04  1.113 
2007 05  0.818 
2007 06  0.601 
2007 07  0.628 
2007 08  0.805 
2007 09  0.842 
2007 10  0.997 
2007 11  0.799 
2007 12  0.830 
2008 01  0.386 
2008 02  0.464 
2008 03  1.229 
2008 04  0.581 
2008 05  0.506 
2008 06  0.616 
2008 07  0.729 
2008 08  0.571 
2008 09  0.601 
2008 10  1.024 
2008 11  1.068 
2008 12  0.713 
2009 01  0.804 
2009 02  0.856 
2009 03  0.673 
2009 04  0.869 
2009 05  0.597 
2009 06  0.683 
2009 07  0.600 
2009 08  0.870 
2009 09  1.006 
2009 10  0.745 
2009 11  0.837 
2009 12  0.514 
2010 01  0.816 
2010 02  0.871 
2010 03  1.124 
2010 04  1.055 
2010 05  0.947 
2010 06  0.998 
2010 07  0.991 
2010 08  0.885 
2010 09  0.777 
2010 10  0.901 
2010 11  1.218 
2010 12  0.484 
2011 01  0.452 
2011 02  0.411 
2011 03  0.614 
2011 04  0.867 
2011 05  0.553 
2011 06  0.807 
2011 07  0.804 
2011 08  0.780 
2011 09  0.874 
2011 10  0.959 
2011 11  0.662 
2011 12  0.871 
2012 01  0.569 
2012 02  0.374 
2012 03  0.623 
2012 04  1.084 
2012 05  1.002 
2012 06  0.995 
2012 07  0.824 
2012 08  0.861 
2012 09  0.913 
2012 10  0.900 
2012 11  0.940 
2012 12  0.291 
2013 01  0.879 
2013 02  0.922 
2013 03  0.629 
2013 04  0.605 
2013 05  0.807 
2013 06  0.869 
2013 07  0.669 
2013 08  0.721 
2013 09  0.772 
2013 10  0.837 
2013 11  1.042 
2013 12  0.807 
2014 01  0.935 
2014 02  0.437 
2014 03  0.911 
2014 04  1.020 
2014 05  0.920 
2014 06  0.889 
2014 07  0.709 
2014 08  0.812 
2014 09  0.807 
2014 10  0.981 
2014 11  0.692 
2014 12  1.076 
2015 01  1.199 
2015 02  1.151 
2015 03  1.213 
2015 04  0.876 
2015 05  1.001 
2015 06  1.100 
2015 07  0.843 
2015 08  0.966 
2015 09  1.028 
2015 10  1.178 
2015 11  1.241 
2015 12  1.759 
2016 01  1.345 
