# cutting out region defined by mask ersstv4_nino4_mask.nc
# sst [degree_C] from NOAA Extended Reconstructed Sea Surface Temperature (ERSSTA), Version 4 (in situ only)
# SSTA normalized to 1981-2010
# plotdat anomal 1981 2010 ersst_nino4.dat
# cutting out region defined by mask ersstv4_nino4_mask.nc
# sst [degree_C] from NOAA Extended Reconstructed Sea Surface Temperature (ERSST), Version 4 (in situ only)
 1854.0000 -0.590294    
 1854.0834 -0.272974    
 1854.1666 -0.156240    
 1854.2500 -0.197086    
 1854.3334 -0.407364    
 1854.4166 -0.882696    
 1854.5000 -0.906921    
 1854.5834 -0.602646    
 1854.6666 -0.468149    
 1854.7500  0.873871E-01
 1854.8334 -0.257778    
 1854.9166  0.175505    
 1855.0000  0.508827    
 1855.0834  0.172337    
 1855.1666  0.558090E-01
 1855.2500 -0.127777    
 1855.3334 -0.213392    
 1855.4166 -0.501066    
 1855.5000  -1.24734    
 1855.5834 -0.754696    
 1855.6666  0.883280    
 1855.7500  0.986877    
 1855.8334  0.465412    
 1855.9166  0.367414    
 1856.0000  0.432306    
 1856.0834  0.981865E-01
 1856.1666  0.115829    
 1856.2500 -0.332846    
 1856.3334 -0.352762    
 1856.4166 -0.365677    
 1856.5000 -0.536512    
 1856.5834 -0.346066    
 1856.6666  0.431404E-01
 1856.7500 -0.709023    
 1856.8334 -0.607977    
 1856.9166 -0.951614    
 1857.0000 -0.572403    
 1857.0834 -0.241014    
 1857.1666 -0.401741    
 1857.2500 -0.420506    
 1857.3334 -0.913620E-03
 1857.4166  0.110594    
 1857.5000 -0.200001    
 1857.5834 -0.293377    
 1857.6666 -0.413380    
 1857.7500 -0.358892    
 1857.8334 -0.369997    
 1857.9166 -0.451996    
 1858.0000 -0.479393    
 1858.0834 -0.528954    
 1858.1666 -0.766729    
 1858.2500 -0.382465    
 1858.3334 -0.222733    
 1858.4166 -0.529457    
 1858.5000 -0.684032    
 1858.5834 -0.816887    
 1858.6666 -0.887119    
 1858.7500 -0.445442    
 1858.8334 -0.779337    
 1858.9166 -0.742094    
 1859.0000 -0.687103    
 1859.0834 -0.645384    
 1859.1666 -0.306150    
 1859.2500 -0.320877    
 1859.3334 -0.250473    
 1859.4166 -0.370438    
 1859.5000 -0.347652    
 1859.5834 -0.416626    
 1859.6666 -0.410810    
 1859.7500 -0.425201    
 1859.8334 -0.429987    
 1859.9166 -0.693285    
 1860.0000 -0.740685    
 1860.0834 -0.505835    
 1860.1666 -0.335060    
 1860.2500 -0.587187    
 1860.3334 -0.680822    
 1860.4166 -0.561527    
 1860.5000 -0.553501    
 1860.5834 -0.583595    
 1860.6666 -0.625469    
 1860.7500 -0.658611    
 1860.8334 -0.627647    
 1860.9166 -0.576075    
 1861.0000 -0.494154    
 1861.0834 -0.446875    
 1861.1666 -0.480040    
 1861.2500 -0.434277    
 1861.3334 -0.473503    
 1861.4166 -0.486437    
 1861.5000 -0.525702    
 1861.5834 -0.552227    
 1861.6666 -0.523920    
 1861.7500 -0.513943    
 1861.8334 -0.494387    
 1861.9166 -0.460085    
 1862.0000 -0.434204    
 1862.0834 -0.352715    
 1862.1666 -0.371630    
 1862.2500 -0.429636    
 1862.3334 -0.464024    
 1862.4166 -0.434687    
 1862.5000 -0.470501    
 1862.5834 -0.499077    
 1862.6666 -0.556179    
 1862.7500 -0.566122    
 1862.8334 -0.495827    
 1862.9166 -0.486605    
 1863.0000 -0.415844    
 1863.0834 -0.321875    
 1863.1666 -0.375950    
 1863.2500 -0.441545    
 1863.3334 -0.455652    
 1863.4166 -0.469717    
 1863.5000 -0.504612    
 1863.5834 -0.515825    
 1863.6666 -0.505659    
 1863.7500 -0.488413    
 1863.8334 -0.485037    
 1863.9166 -0.450325    
 1864.0000 -0.458643    
 1864.0834 -0.398714    
 1864.1666 -0.428591    
 1864.2500 -0.406706    
 1864.3334 -0.343693    
 1864.4166 -0.421562E-01
 1864.5000 -0.624523E-01
 1864.5834 -0.359436    
 1864.6666 -0.392500    
 1864.7500 -0.341843    
 1864.8334 -0.316467    
 1864.9166 -0.244825    
 1865.0000 -0.418083    
 1865.0834 -0.448883    
 1865.1666 -0.397930    
 1865.2500 -0.453337    
 1865.3334 -0.499033    
 1865.4166 -0.516016    
 1865.5000 -0.509192    
 1865.5834 -0.519726    
 1865.6666 -0.533400    
 1865.7500 -0.546701    
 1865.8334 -0.501617    
 1865.9166 -0.538065    
 1866.0000 -0.517984    
 1866.0834 -0.395374    
 1866.1666 -0.349991    
 1866.2500 -0.293137    
 1866.3334 -0.490402    
 1866.4166 -0.509216    
 1866.5000 -0.561392    
 1866.5834 -0.578247    
 1866.6666 -0.608280    
 1866.7500 -0.574862    
 1866.8334 -0.542927    
 1866.9166 -0.563854    
 1867.0000 -0.524584    
 1867.0834 -0.452024    
 1867.1666 -0.481819    
 1867.2500 -0.535215    
 1867.3334 -0.499872    
 1867.4166 -0.548548    
 1867.5000 -0.584881    
 1867.5834 -0.601175    
 1867.6666 -0.617199    
 1867.7500 -0.634111    
 1867.8334 -0.585417    
 1867.9166 -0.595465    
 1868.0000 -0.544415    
 1868.0834 -0.443094    
 1868.1666 -0.453690    
 1868.2500 -0.520126    
 1868.3334 -0.532103    
 1868.4166 -0.568287    
 1868.5000 -0.533833    
 1868.5834 -0.473125    
 1868.6666 -0.369740    
 1868.7500 -0.469933    
 1868.8334 -0.259407    
 1868.9166  0.733356E-01
 1869.0000 -0.180754    
 1869.0834 -0.269394    
 1869.1666 -0.569811    
 1869.2500 -0.445415    
 1869.3334 -0.453793    
 1869.4166 -0.443737    
 1869.5000 -0.569721    
 1869.5834 -0.481525    
 1869.6666 -0.467260    
 1869.7500 -0.170692    
 1869.8334 -0.284378    
 1869.9166 -0.362144    
 1870.0000 -0.414503    
 1870.0834 -0.955383    
 1870.1666  -1.38574    
 1870.2500  -1.54145    
 1870.3334  -1.37421    
 1870.4166  -1.22548    
 1870.5000  -1.13873    
 1870.5834  -1.10163    
 1870.6666  -1.07269    
 1870.7500  -1.08871    
 1870.8334 -0.893217    
 1870.9166 -0.827736    
 1871.0000 -0.713814    
 1871.0834 -0.630684    
 1871.1666 -0.857670    
 1871.2500  -1.04956    
 1871.3334  -1.01800    
 1871.4166 -0.798798    
 1871.5000 -0.712732    
 1871.5834 -0.854437    
 1871.6666 -0.727320    
 1871.7500 -0.622051    
 1871.8334 -0.693708    
 1871.9166 -0.630405    
 1872.0000 -0.430124    
 1872.0834 -0.354763    
 1872.1666 -0.323601    
 1872.2500 -0.572056    
 1872.3334 -0.749714    
 1872.4166 -0.880857    
 1872.5000 -0.877682    
 1872.5834 -0.902447    
 1872.6666 -0.915430    
 1872.7500  -1.04553    
 1872.8334  -1.24379    
 1872.9166  -1.28209    
 1873.0000  -1.36135    
 1873.0834  -1.33595    
 1873.1666  -1.59690    
 1873.2500  -1.40767    
 1873.3334  -1.13526    
 1873.4166 -0.941236    
 1873.5000 -0.757612    
 1873.5834 -0.881857    
 1873.6666 -0.793810    
 1873.7500 -0.518763    
 1873.8334 -0.449097    
 1873.9166 -0.477394    
 1874.0000 -0.404554    
 1874.0834 -0.547724    
 1874.1666  -1.33183    
 1874.2500  -1.14942    
 1874.3334  -1.20271    
 1874.4166 -0.867098    
 1874.5000 -0.781282    
 1874.5834 -0.781696    
 1874.6666 -0.964970    
 1874.7500 -0.530352    
 1874.8334 -0.783127    
 1874.9166 -0.850435    
 1875.0000 -0.825823    
 1875.0834 -0.559124    
 1875.1666 -0.812630    
 1875.2500 -0.667336    
 1875.3334 -0.536274    
 1875.4166 -0.528896    
 1875.5000  -1.05000    
 1875.5834  -1.11693    
 1875.6666  -1.64296    
 1875.7500 -0.824642    
 1875.8334 -0.961338    
 1875.9166 -0.807884    
 1876.0000  -1.27312    
 1876.0834  -1.17410    
 1876.1666 -0.995831    
 1876.2500 -0.586617    
 1876.3334 -0.812973    
 1876.4166 -0.919638    
 1876.5000 -0.946093    
 1876.5834 -0.780506    
 1876.6666 -0.791019    
 1876.7500 -0.884521    
 1876.8334 -0.576908    
 1876.9166 -0.605234    
 1877.0000  -1.08344    
 1877.0834 -0.857643    
 1877.1666  -1.03914    
 1877.2500 -0.905466    
 1877.3334 -0.848534    
 1877.4166 -0.503387    
 1877.5000 -0.124752    
 1877.5834  0.705984    
 1877.6666  0.678619    
 1877.7500  0.637508    
 1877.8334  0.619383    
 1877.9166  0.620445    
 1878.0000  0.753796    
 1878.0834  0.275206    
 1878.1666  0.187531    
 1878.2500  0.575733    
 1878.3334  0.321217    
 1878.4166 -0.156326    
 1878.5000 -0.531881    
 1878.5834 -0.791126    
 1878.6666 -0.725740    
 1878.7500  -1.04541    
 1878.8334  -1.06118    
 1878.9166  -1.41236    
 1879.0000  -1.40252    
 1879.0834  -1.59575    
 1879.1666  -2.11676    
 1879.2500  -1.83818    
 1879.3334 -0.930214    
 1879.4166 -0.831636    
 1879.5000 -0.840782    
 1879.5834  -1.59955    
 1879.6666  -2.30804    
 1879.7500  -1.65118    
 1879.8334  -1.12874    
 1879.9166  -1.03060    
 1880.0000 -0.699154    
 1880.0834 -0.235495    
 1880.1666 -0.427790    
 1880.2500 -0.603296    
 1880.3334 -0.589283    
 1880.4166 -0.670536    
 1880.5000 -0.703951    
 1880.5834 -0.553886    
 1880.6666 -0.268059    
 1880.7500  0.555399    
 1880.8334   1.37290    
 1880.9166  0.663265    
 1881.0000   1.25373    
 1881.0834  0.355467    
 1881.1666 -0.589943E-02
 1881.2500 -0.766754E-01
 1881.3334 -0.396423E-01
 1881.4166 -0.361418    
 1881.5000 -0.240711    
 1881.5834 -0.154917    
 1881.6666 -0.252890    
 1881.7500 -0.191153    
 1881.8334 -0.404608    
 1881.9166 -0.961742E-01
 1882.0000  0.769863E-01
 1882.0834 -0.368984    
 1882.1666  0.726795E-01
 1882.2500 -0.134356    
 1882.3334  0.199238    
 1882.4166 -0.294968    
 1882.5000 -0.236841    
 1882.5834 -0.307707    
 1882.6666 -0.614609    
 1882.7500 -0.418371    
 1882.8334 -0.379917    
 1882.9166  0.888065    
 1883.0000 -0.255404    
 1883.0834 -0.966173    
 1883.1666  -1.23898    
 1883.2500 -0.827936    
 1883.3334 -0.821863    
 1883.4166 -0.492037    
 1883.5000 -0.679352    
 1883.5834 -0.836447    
 1883.6666 -0.569839    
 1883.7500 -0.381422    
 1883.8334 -0.453299    
 1883.9166 -0.325846    
 1884.0000 -0.619030E-01
 1884.0834 -0.226053    
 1884.1666 -0.446251    
 1884.2500 -0.382425    
 1884.3334 -0.107822    
 1884.4166 -0.308296    
 1884.5000 -0.227612    
 1884.5834 -0.693457    
 1884.6666 -0.218491    
 1884.7500 -0.209103    
 1884.8334 -0.444527    
 1884.9166 -0.404224    
 1885.0000 -0.228704    
 1885.0834 -0.159504    
 1885.1666 -0.474930E-02
 1885.2500 -0.164106    
 1885.3334 -0.322344    
 1885.4166 -0.889088    
 1885.5000 -0.258593    
 1885.5834 -0.212976    
 1885.6666  0.351295E-01
 1885.7500  0.144697    
 1885.8334  0.151592    
 1885.9166  0.180725    
 1886.0000 -0.971031E-01
 1886.0834 -0.123413    
 1886.1666 -0.148991    
 1886.2500 -0.843754E-01
 1886.3334 -0.931343    
 1886.4166  -1.23854    
 1886.5000  -1.06097    
 1886.5834  -1.07074    
 1886.6666  -1.00693    
 1886.7500  -1.35922    
 1886.8334  -1.55973    
 1886.9166  -1.98055    
 1887.0000  -2.00698    
 1887.0834  -1.70663    
 1887.1666  -1.65235    
 1887.2500  -1.60211    
 1887.3334  -1.44359    
 1887.4166  -1.23249    
 1887.5000  -1.06548    
 1887.5834 -0.851946    
 1887.6666 -0.770340    
 1887.7500 -0.479372    
 1887.8334  0.215416E-01
 1887.9166  0.695744E-01
 1888.0000  0.248127    
 1888.0834  0.600777    
 1888.1666  0.367519    
 1888.2500  0.191763    
 1888.3334  0.798874E-01
 1888.4166  0.697136E-01
 1888.5000  0.131268    
 1888.5834  0.340973    
 1888.6666  0.761341    
 1888.7500  0.631927    
 1888.8334  0.574223    
 1888.9166  0.632324    
 1889.0000  0.769556    
 1889.0834  0.802776    
 1889.1666  0.403030    
 1889.2500  0.225464    
 1889.3334  0.378361E-01
 1889.4166 -0.611687E-02
 1889.5000 -0.906403    
 1889.5834  -1.02919    
 1889.6666 -0.855030    
 1889.7500 -0.959862    
 1889.8334  -1.45502    
 1889.9166  -1.27171    
 1890.0000  -1.17775    
 1890.0834 -0.983654    
 1890.1666  -1.01702    
 1890.2500 -0.753296    
 1890.3334 -0.708954    
 1890.4166 -0.374428    
 1890.5000 -0.965952    
 1890.5834  -1.18411    
 1890.6666 -0.891291    
 1890.7500 -0.873543    
 1890.8334  -1.00849    
 1890.9166  -1.03721    
 1891.0000 -0.757883    
 1891.0834 -0.598885    
 1891.1666 -0.382401    
 1891.2500  0.580235E-01
 1891.3334 -0.249903    
 1891.4166 -0.280478    
 1891.5000 -0.597902    
 1891.5834 -0.499407    
 1891.6666 -0.552090    
 1891.7500 -0.485882    
 1891.8334 -0.519968    
 1891.9166  -1.24818    
 1892.0000  -1.26723    
 1892.0834 -0.632574    
 1892.1666  0.224409    
 1892.2500 -0.648077    
 1892.3334 -0.783953    
 1892.4166 -0.713167    
 1892.5000 -0.843182    
 1892.5834  -1.08056    
 1892.6666  -1.58048    
 1892.7500  -1.99244    
 1892.8334  -1.85971    
 1892.9166  -1.41363    
 1893.0000 -0.931253    
 1893.0834  -1.45182    
 1893.1666  -1.41287    
 1893.2500  -1.02395    
 1893.3334 -0.923914    
 1893.4166  -1.09524    
 1893.5000  -1.06926    
 1893.5834  -1.23135    
 1893.6666  -1.11528    
 1893.7500  -1.14712    
 1893.8334 -0.961077    
 1893.9166  -1.03086    
 1894.0000  -1.04068    
 1894.0834 -0.966644    
 1894.1666 -0.769979    
 1894.2500 -0.942017    
 1894.3334  -1.20245    
 1894.4166  -1.26675    
 1894.5000  -1.33408    
 1894.5834 -0.627287    
 1894.6666 -0.326900E-01
 1894.7500 -0.318062    
 1894.8334 -0.392847    
 1894.9166 -0.422924    
 1895.0000 -0.193724    
 1895.0834  0.692272E-01
 1895.1666 -0.286520    
 1895.2500 -0.463266    
 1895.3334 -0.660933    
 1895.4166 -0.853268    
 1895.5000  -1.70550    
 1895.5834  -1.45445    
 1895.6666 -0.143690    
 1895.7500 -0.629911    
 1895.8334  -1.19656    
 1895.9166 -0.821486    
 1896.0000 -0.652763    
 1896.0834 -0.298513    
 1896.1666 -0.981903E-01
 1896.2500 -0.258886    
 1896.3334 -0.425283    
 1896.4166 -0.705967    
 1896.5000  -1.10482    
 1896.5834  -1.09796    
 1896.6666 -0.334230    
 1896.7500 -0.271671    
 1896.8334  0.728016E-01
 1896.9166  0.388645    
 1897.0000  0.579897    
 1897.0834 -0.242983    
 1897.1666 -0.458620    
 1897.2500 -0.319447    
 1897.3334 -0.341993    
 1897.4166 -0.256157    
 1897.5000 -0.205971    
 1897.5834 -0.321957    
 1897.6666 -0.493410    
 1897.7500 -0.623152    
 1897.8334  -1.17200    
 1897.9166 -0.691805    
 1898.0000 -0.684303    
 1898.0834 -0.988684    
 1898.1666  -1.06052    
 1898.2500 -0.957066    
 1898.3334 -0.852962    
 1898.4166 -0.804697    
 1898.5000 -0.927231    
 1898.5834 -0.893236    
 1898.6666 -0.915190    
 1898.7500  -1.05436    
 1898.8334  -1.12704    
 1898.9166  -1.19241    
 1899.0000  -1.20420    
 1899.0834  -1.08127    
 1899.1666 -0.836571    
 1899.2500 -0.518816    
 1899.3334 -0.354603    
 1899.4166 -0.435717    
 1899.5000 -0.273081    
 1899.5834 -0.204206    
 1899.6666 -0.876293E-01
 1899.7500  0.587673E-01
 1899.8334  0.606792    
 1899.9166  0.355844    
 1900.0000  0.178661E-01
 1900.0834 -0.378164    
 1900.1666  0.294930    
 1900.2500  0.403374    
 1900.3334  0.182858    
 1900.4166 -0.380636    
 1900.5000 -0.104462    
 1900.5834 -0.121756    
 1900.6666  0.104231    
 1900.7500 -0.956917E-01
 1900.8334 -0.107237    
 1900.9166  0.430136    
 1901.0000  0.360916    
 1901.0834 -0.477142E-01
 1901.1666  0.901890E-01
 1901.2500 -0.117977    
 1901.3334 -0.293783    
 1901.4166 -0.452097    
 1901.5000 -0.631832    
 1901.5834 -0.240896    
 1901.6666 -0.517220    
 1901.7500 -0.522902    
 1901.8334 -0.324997    
 1901.9166 -0.493256    
 1902.0000 -0.658823    
 1902.0834 -0.527483    
 1902.1666 -0.376051    
 1902.2500  0.743847E-01
 1902.3334  0.413761E-01
 1902.4166  0.109182    
 1902.5000 -0.330009E-01
 1902.5834  0.142553    
 1902.6666  0.396921    
 1902.7500  0.861967    
 1902.8334  0.593122    
 1902.9166  0.563255    
 1903.0000  0.531626    
 1903.0834  0.463587    
 1903.1666  0.549179    
 1903.2500  0.315454    
 1903.3334  0.140427    
 1903.4166 -0.664978E-01
 1903.5000 -0.716763    
 1903.5834  -1.11549    
 1903.6666  -1.10366    
 1903.7500 -0.765661    
 1903.8334 -0.967577    
 1903.9166  -1.20004    
 1904.0000  -1.37336    
 1904.0834  -1.22829    
 1904.1666  -1.19526    
 1904.2500 -0.874216    
 1904.3334 -0.901804    
 1904.4166 -0.827078    
 1904.5000 -0.787971    
 1904.5834 -0.709557    
 1904.6666 -0.357519    
 1904.7500 -0.443211E-01
 1904.8334  0.137302    
 1904.9166  0.180935    
 1905.0000  0.353697    
 1905.0834  0.341415    
 1905.1666  0.383492E-01
 1905.2500 -0.285454E-01
 1905.3334  0.578365E-01
 1905.4166  0.944233E-01
 1905.5000  0.151318    
 1905.5834  0.211584    
 1905.6666  0.264151    
 1905.7500  0.326689    
 1905.8334  0.261543    
 1905.9166  0.416716    
 1906.0000  0.407772E-01
 1906.0834 -0.122654    
 1906.1666 -0.241671    
 1906.2500 -0.608757    
 1906.3334 -0.530153    
 1906.4166 -0.439777    
 1906.5000 -0.648092    
 1906.5834 -0.792746    
 1906.6666 -0.954630    
 1906.7500 -0.762442    
 1906.8334 -0.771637    
 1906.9166 -0.823545    
 1907.0000 -0.676773    
 1907.0834  -1.01910    
 1907.1666 -0.751461    
 1907.2500 -0.676737    
 1907.3334 -0.716173    
 1907.4166 -0.519457    
 1907.5000 -0.477892    
 1907.5834 -0.107626    
 1907.6666 -0.267969    
 1907.7500 -0.226461    
 1907.8334 -0.187868    
 1907.9166 -0.228004    
 1908.0000  0.157877    
 1908.0834 -0.556854    
 1908.1666 -0.526041    
 1908.2500 -0.714857    
 1908.3334 -0.861454    
 1908.4166 -0.935337    
 1908.5000 -0.925661    
 1908.5834  -1.01281    
 1908.6666  -1.27073    
 1908.7500  -1.39718    
 1908.8334  -1.41229    
 1908.9166  -1.37354    
 1909.0000  -1.23730    
 1909.0834  -1.02388    
 1909.1666 -0.617399    
 1909.2500 -0.571587    
 1909.3334  -1.12897    
 1909.4166  -1.13026    
 1909.5000  -1.15280    
 1909.5834  -1.12416    
 1909.6666  -1.29443    
 1909.7500  -1.28910    
 1909.8334  -1.51470    
 1909.9166  -1.46408    
 1910.0000  -1.71886    
 1910.0834  -1.79410    
 1910.1666  -1.99047    
 1910.2500 -0.775436    
 1910.3334 -0.716763    
 1910.4166 -0.858467    
 1910.5000  -1.51778    
 1910.5834  -1.73113    
 1910.6666  -2.93151    
 1910.7500  -1.75014    
 1910.8334  -1.63399    
 1910.9166  -1.50440    
 1911.0000  -1.17143    
 1911.0834  -1.04151    
 1911.1666  -1.10343    
 1911.2500 -0.821486    
 1911.3334 -0.670732    
 1911.4166 -0.914846    
 1911.5000 -0.839373    
 1911.5834  -1.35134    
 1911.6666 -0.841230    
 1911.7500 -0.936111    
 1911.8334 -0.801018    
 1911.9166 -0.166265    
 1912.0000 -0.221254    
 1912.0834 -0.265253    
 1912.1666 -0.332991    
 1912.2500 -0.189405    
 1912.3334 -0.123873    
 1912.4166 -0.288717    
 1912.5000 -0.401302    
 1912.5834 -0.368876    
 1912.6666 -0.706360    
 1912.7500 -0.689392    
 1912.8334 -0.290827    
 1912.9166 -0.316034    
 1913.0000 -0.444813    
 1913.0834 -0.731283    
 1913.1666 -0.862329    
 1913.2500 -0.740877    
 1913.3334 -0.879313    
 1913.4166 -0.873516    
 1913.5000 -0.692972    
 1913.5834 -0.493505    
 1913.6666 -0.361280    
 1913.7500 -0.136131    
 1913.8334  0.338873    
 1913.9166  0.431795    
 1914.0000  0.222977    
 1914.0834 -0.242844E-01
 1914.1666  0.216440    
 1914.2500  0.290604    
 1914.3334  0.427757    
 1914.4166 -0.132727    
 1914.5000 -0.233353    
 1914.5834  0.476456E-02
 1914.6666  0.170919    
 1914.7500  0.329475E-01
 1914.8334 -0.608368E-01
 1914.9166  0.103346    
 1915.0000  0.450346    
 1915.0834  0.589407    
 1915.1666  0.423929    
 1915.2500  0.912994    
 1915.3334   1.70349    
 1915.4166 -0.264677    
 1915.5000 -0.331322    
 1915.5834 -0.566755    
 1915.6666 -0.691139    
 1915.7500  -1.41320    
 1915.8334  -1.38914    
 1915.9166  -1.38515    
 1916.0000  -1.42168    
 1916.0834  -1.43672    
 1916.1666  -1.01127    
 1916.2500 -0.838377    
 1916.3334 -0.389643    
 1916.4166 -0.561968    
 1916.5000 -0.577192    
 1916.5834 -0.781006    
 1916.6666  -1.16841    
 1916.7500  -1.96591    
 1916.8334  -2.42769    
 1916.9166  -2.40842    
 1917.0000  -2.30770    
 1917.0834  -2.26037    
 1917.1666  -1.89714    
 1917.2500  -2.16041    
 1917.3334  -2.00582    
 1917.4166  -1.89953    
 1917.5000  -2.45634    
 1917.5834  -1.94336    
 1917.6666  -1.39545    
 1917.7500  -1.49526    
 1917.8334  -1.58931    
 1917.9166  -1.54125    
 1918.0000  -1.17099    
 1918.0834 -0.166836E-01
 1918.1666 -0.900707E-01
 1918.2500 -0.319477    
 1918.3334 -0.787912    
 1918.4166 -0.730738    
 1918.5000 -0.224752    
 1918.5834 -0.281847    
 1918.6666 -0.912704E-01
 1918.7500 -0.255342    
 1918.8334 -0.934458    
 1918.9166  0.433941E-01
 1919.0000  0.492096    
 1919.0834  0.224686E-02
 1919.1666  -1.18710    
 1919.2500  -2.35341    
 1919.3334 -0.391422    
 1919.4166  0.391104    
 1919.5000  0.335009    
 1919.5834 -0.180027    
 1919.6666 -0.161961    
 1919.7500 -0.165972    
 1919.8334 -0.350380E-01
 1919.9166 -0.425705    
 1920.0000 -0.713894    
 1920.0834 -0.415514    
 1920.1666 -0.462509    
 1920.2500 -0.262217    
 1920.3334 -0.252083    
 1920.4166 -0.730762E-01
 1920.5000 -0.940914E-01
 1920.5834 -0.429153E-01
 1920.6666 -0.715504E-01
 1920.7500 -0.200743    
 1920.8334 -0.435547    
 1920.9166 -0.764496    
 1921.0000 -0.819353    
 1921.0834  -1.33545    
 1921.1666  -1.36959    
 1921.2500  -1.07093    
 1921.3334 -0.783953    
 1921.4166 -0.977577    
 1921.5000 -0.864481    
 1921.5834 -0.523407    
 1921.6666 -0.448019    
 1921.7500 -0.325882    
 1921.8334 -0.460678    
 1921.9166 -0.275076    
 1922.0000 -0.489033    
 1922.0834 -0.391054    
 1922.1666 -0.293530    
 1922.2500 -0.439226    
 1922.3334 -0.214224    
 1922.4166 -0.819696    
 1922.5000 -0.850311    
 1922.5834 -0.997107    
 1922.6666  -1.11168    
 1922.7500 -0.985561    
 1922.8334 -0.985668    
 1922.9166 -0.790424    
 1923.0000 -0.914944    
 1923.0834 -0.995544    
 1923.1666 -0.601959    
 1923.2500 -0.337557    
 1923.3334 -0.407852    
 1923.4166 -0.332867    
 1923.5000 -0.457972    
 1923.5834 -0.265816    
 1923.6666 -0.200399    
 1923.7500 -0.126492    
 1923.8334  0.829315E-02
 1923.9166  0.257885    
 1924.0000  0.345087    
 1924.0834  0.268364E-01
 1924.1666 -0.958309E-01
 1924.2500 -0.140047    
 1924.3334 -0.459734    
 1924.4166 -0.593348    
 1924.5000 -0.694971    
 1924.5834 -0.804216    
 1924.6666  -1.39194    
 1924.7500  -1.40320    
 1924.8334  -1.50041    
 1924.9166  -1.31486    
 1925.0000  -1.21530    
 1925.0834  -1.08525    
 1925.1666  -1.14256    
 1925.2500  -1.04690    
 1925.3334 -0.634264    
 1925.4166 -0.374037    
 1925.5000 -0.346521    
 1925.5834 -0.179976    
 1925.6666  0.205030    
 1925.7500  0.179277    
 1925.8334  0.328003    
 1925.9166  0.404875    
 1926.0000  0.393877    
 1926.0834  0.244957    
 1926.1666  0.164841    
 1926.2500  0.899544E-01
 1926.3334  0.109766    
 1926.4166 -0.543766E-01
 1926.5000 -0.202171    
 1926.5834 -0.761356E-01
 1926.6666 -0.663919    
 1926.7500 -0.996363    
 1926.8334  -1.00841    
 1926.9166 -0.979416    
 1927.0000  -1.46027    
 1927.0834  -1.30245    
 1927.1666  -1.27949    
 1927.2500  -1.16165    
 1927.3334 -0.889853    
 1927.4166 -0.856367    
 1927.5000 -0.600262    
 1927.5834 -0.566677    
 1927.6666 -0.617229    
 1927.7500 -0.593773    
 1927.8334 -0.312757    
 1927.9166  0.961342E-01
 1928.0000  0.334549E-02
 1928.0834 -0.274214    
 1928.1666 -0.435080    
 1928.2500 -0.174017    
 1928.3334 -0.266224    
 1928.4166 -0.334316    
 1928.5000 -0.301531    
 1928.5834 -0.513025    
 1928.6666 -0.657190    
 1928.7500 -0.688131    
 1928.8334 -0.481867    
 1928.9166 -0.578754    
 1929.0000 -0.592884    
 1929.0834 -0.620214    
 1929.1666 -0.661060    
 1929.2500 -0.565136    
 1929.3334 -0.571194    
 1929.4166 -0.512358    
 1929.5000 -0.509432    
 1929.5834 -0.436396    
 1929.6666 -0.373381    
 1929.7500 -0.250961    
 1929.8334 -0.361097    
 1929.9166 -0.153345    
 1930.0000 -0.134434    
 1930.0834  0.240707E-02
 1930.1666  0.120930    
 1930.2500 -0.564365E-01
 1930.3334 -0.265854    
 1930.4166 -0.307146    
 1930.5000 -0.210571    
 1930.5834 -0.200777    
 1930.6666 -0.173370    
 1930.7500  0.278278    
 1930.8334  0.236362    
 1930.9166  0.113634    
 1931.0000  0.163517    
 1931.0834  0.763569E-01
 1931.1666 -0.138060    
 1931.2500 -0.109776    
 1931.3334 -0.216143    
 1931.4166 -0.283487    
 1931.5000 -0.198812    
 1931.5834 -0.302607    
 1931.6666 -0.554029    
 1931.7500 -0.750462    
 1931.8334 -0.667109    
 1931.9166 -0.852514    
 1932.0000 -0.756243    
 1932.0834 -0.441053    
 1932.1666 -0.177320    
 1932.2500 -0.287676    
 1932.3334 -0.237642    
 1932.4166 -0.275547    
 1932.5000 -0.129852    
 1932.5834 -0.302397    
 1932.6666 -0.869179    
 1932.7500  -1.07324    
 1932.8334  -1.11737    
 1932.9166 -0.965614    
 1933.0000 -0.729593    
 1933.0834 -0.681543    
 1933.1666 -0.753090    
 1933.2500 -0.838257    
 1933.3334 -0.750633    
 1933.4166 -0.901567    
 1933.5000  -1.24581    
 1933.5834  -1.47917    
 1933.6666  -1.60127    
 1933.7500  -1.61729    
 1933.8334  -1.56473    
 1933.9166  -1.80820    
 1934.0000  -1.88278    
 1934.0834  -1.52203    
 1934.1666  -1.39094    
 1934.2500  -1.09065    
 1934.3334 -0.823784    
 1934.4166 -0.708117    
 1934.5000 -0.786091    
 1934.5834 -0.866386    
 1934.6666 -0.979219    
 1934.7500 -0.841831    
 1934.8334 -0.642418    
 1934.9166 -0.523966    
 1935.0000 -0.661854    
 1935.0834 -0.491444    
 1935.1666 -0.387791    
 1935.2500 -0.855785    
 1935.3334 -0.983574    
 1935.4166  -1.05776    
 1935.5000 -0.908762    
 1935.5834 -0.690117    
 1935.6666 -0.425739    
 1935.7500 -0.478441    
 1935.8334 -0.683157    
 1935.9166 -0.498554    
 1936.0000 -0.527723    
 1936.0834 -0.464273    
 1936.1666 -0.615660    
 1936.2500 -0.276697    
 1936.3334 -0.363434    
 1936.4166 -0.513098    
 1936.5000 -0.582642    
 1936.5834 -0.621296    
 1936.6666 -0.513350    
 1936.7500 -0.505213    
 1936.8334 -0.593647    
 1936.9166 -0.797344    
 1937.0000 -0.840563    
 1937.0834 -0.611214    
 1937.1666 -0.518141    
 1937.2500 -0.792206    
 1937.3334 -0.788862    
 1937.4166 -0.681797    
 1937.5000 -0.745892    
 1937.5834 -0.778786    
 1937.6666 -0.768410    
 1937.7500 -0.629951    
 1937.8334 -0.562807    
 1937.9166 -0.730835    
 1938.0000 -0.996973    
 1938.0834 -0.676384    
 1938.1666 -0.659861    
 1938.2500 -0.877426    
 1938.3334  -1.02284    
 1938.4166  -1.27436    
 1938.5000  -2.04523    
 1938.5834  -1.87625    
 1938.6666  -1.49895    
 1938.7500  -1.28363    
 1938.8334  -1.56334    
 1938.9166  -1.42974    
 1939.0000  -1.44828    
 1939.0834  -1.13273    
 1939.1666 -0.627020    
 1939.2500 -0.632267    
 1939.3334 -0.854143    
 1939.4166 -0.840206    
 1939.5000 -0.610373    
 1939.5834 -0.205795    
 1939.6666 -0.692749    
 1939.7500 -0.901821    
 1939.8334 -0.969467    
 1939.9166 -0.385685    
 1940.0000  0.213057    
 1940.0834  0.147926    
 1940.1666  0.297319    
 1940.2500 -0.180706    
 1940.3334 -0.337254    
 1940.4166 -0.179867    
 1940.5000 -0.906811E-01
 1940.5834  0.381544    
 1940.6666  0.662010    
 1940.7500  0.141958    
 1940.8334  0.472593    
 1940.9166  0.362934    
 1941.0000  0.409506    
 1941.0834  0.476467    
 1941.1666  0.604851    
 1941.2500  0.481964    
 1941.3334  0.444757    
 1941.4166  0.427784    
 1941.5000  0.231197    
 1941.5834  0.286514    
 1941.6666  0.398102E-01
 1941.7500  0.440607    
 1941.8334  0.611082    
 1941.9166  0.506105    
 1942.0000  0.438017    
 1942.0834  0.308167    
 1942.1666  0.221701    
 1942.2500  0.579544    
 1942.3334  0.390577    
 1942.4166  0.221792    
 1942.5000 -0.316772    
 1942.5834 -0.717976    
 1942.6666 -0.955379    
 1942.7500 -0.976812    
 1942.8334  -1.01052    
 1942.9166  -1.25834    
 1943.0000  -1.47566    
 1943.0834 -0.523153    
 1943.1666 -0.581949    
 1943.2500 -0.424696    
 1943.3334 -0.439823    
 1943.4166 -0.214176    
 1943.5000 -0.236431    
 1943.5834 -0.376057    
 1943.6666 -0.445770    
 1943.7500 -0.676971    
 1943.8334 -0.703047    
 1943.9166 -0.565334    
 1944.0000 -0.445143    
 1944.0834 -0.353643    
 1944.1666 -0.205040    
 1944.2500 -0.143387    
 1944.3334 -0.141830E-01
 1944.4166  0.688133E-01
 1944.5000  0.313892E-01
 1944.5834 -0.124956    
 1944.6666 -0.238119    
 1944.7500 -0.550892    
 1944.8334 -0.135427    
 1944.9166 -0.483055E-01
 1945.0000 -0.255173    
 1945.0834 -0.751894    
 1945.1666  -1.07740    
 1945.2500  -1.03148    
 1945.3334 -0.910044    
 1945.4166 -0.865217    
 1945.5000 -0.726542    
 1945.5834 -0.680305    
 1945.6666 -0.323120    
 1945.7500 -0.314663    
 1945.8334 -0.281467E-01
 1945.9166 -0.894947E-01
 1946.0000 -0.363964    
 1946.0834 -0.192383    
 1946.1666  0.123930    
 1946.2500  0.359734    
 1946.3334  0.601036    
 1946.4166  0.614283    
 1946.5000  0.460619    
 1946.5834  0.504454    
 1946.6666  0.375031    
 1946.7500  0.346119    
 1946.8334  0.109003    
 1946.9166  0.196505    
 1947.0000 -0.176033    
 1947.0834 -0.105474    
 1947.1666 -0.155680    
 1947.2500  0.194923    
 1947.3334  0.714664E-01
 1947.4166  0.311962    
 1947.5000 -0.452213E-01
 1947.5834 -0.340437    
 1947.6666 -0.750240    
 1947.7500  -1.30030    
 1947.8334 -0.309738    
 1947.9166 -0.155325    
 1948.0000 -0.278484    
 1948.0834 -0.186054    
 1948.1666  -1.45731    
 1948.2500  0.452133    
 1948.3334  0.891386    
 1948.4166  0.835752    
 1948.5000  0.781384E-01
 1948.5834 -0.720945    
 1948.6666 -0.828470    
 1948.7500 -0.708841    
 1948.8334   1.40992    
 1948.9166 -0.304855    
 1949.0000 -0.195404    
 1949.0834 -0.336214    
 1949.1666 -0.481550    
 1949.2500 -0.542427    
 1949.3334 -0.621443    
 1949.4166 -0.678226    
 1949.5000 -0.509682    
 1949.5834 -0.571217    
 1949.6666 -0.672909    
 1949.7500  -1.18669    
 1949.8334  -1.25300    
 1949.9166  -1.18905    
 1950.0000  -1.17102    
 1950.0834  -1.36970    
 1950.1666  -1.40541    
 1950.2500  -1.16109    
 1950.3334 -0.937174    
 1950.4166 -0.620667    
 1950.5000 -0.999691    
 1950.5834  -1.22560    
 1950.6666  -1.34151    
 1950.7500  -1.34213    
 1950.8334  -1.28260    
 1950.9166  -1.22407    
 1951.0000 -0.960344    
 1951.0834  -1.03093    
 1951.1666 -0.463961    
 1951.2500 -0.151016    
 1951.3334  0.203297    
 1951.4166  0.141354    
 1951.5000 -0.889320E-01
 1951.5834 -0.523195    
 1951.6666 -0.342249    
 1951.7500 -0.273993    
 1951.8334 -0.248985E-01
 1951.9166 -0.513458E-01
 1952.0000  0.278168E-01
 1952.0834 -0.855045E-01
 1952.1666 -0.166349    
 1952.2500 -0.642586E-02
 1952.3334 -0.124773    
 1952.4166 -0.343527    
 1952.5000 -0.592752    
 1952.5834 -0.796125    
 1952.6666 -0.449709    
 1952.7500 -0.606462    
 1952.8334 -0.312698    
 1952.9166 -0.231905    
 1953.0000 -0.123434    
 1953.0834 -0.179344    
 1953.1666 -0.223070    
 1953.2500 -0.691872E-01
 1953.3334  0.212460E-01
 1953.4166  0.240072    
 1953.5000  0.125278    
 1953.5834  0.122435    
 1953.6666 -0.145041    
 1953.7500 -0.544910E-01
 1953.8334  0.244026E-01
 1953.9166  0.229404    
 1954.0000  0.142706    
 1954.0834  0.101107    
 1954.1666 -0.278721    
 1954.2500 -0.397535    
 1954.3334 -0.451153    
 1954.4166 -0.524807    
 1954.5000 -0.828522    
 1954.5834  -1.06266    
 1954.6666  -1.20465    
 1954.7500  -1.29046    
 1954.8334 -0.860287    
 1954.9166 -0.866535    
 1955.0000 -0.665773    
 1955.0834 -0.777973    
 1955.1666 -0.706490    
 1955.2500 -0.793556    
 1955.3334 -0.666464    
 1955.4166 -0.601446    
 1955.5000 -0.695642    
 1955.5834  -1.02230    
 1955.6666 -0.890240    
 1955.7500  -1.44662    
 1955.8334  -1.77087    
 1955.9166  -1.34682    
 1956.0000  -1.30238    
 1956.0834  -1.14008    
 1956.1666 -0.952940    
 1956.2500 -0.850845    
 1956.3334 -0.874393    
 1956.4166 -0.754498    
 1956.5000 -0.882591    
 1956.5834  -1.22055    
 1956.6666  -1.24654    
 1956.7500 -0.962353    
 1956.8334 -0.679577    
 1956.9166 -0.486694    
 1957.0000 -0.331814    
 1957.0834 -0.213034    
 1957.1666 -0.199900    
 1957.2500  0.680237E-01
 1957.3334  0.162848    
 1957.4166 -0.198067    
 1957.5000 -0.343012    
 1957.5834 -0.258255E-01
 1957.6666  0.908794E-01
 1957.7500  0.278877    
 1957.8334  0.322392    
 1957.9166  0.403364    
 1958.0000  0.779427    
 1958.0834  0.982916    
 1958.1666  0.778660    
 1958.2500  0.459793    
 1958.3334  0.273447    
 1958.4166  0.224382    
 1958.5000  0.199890E-01
 1958.5834  0.625420E-02
 1958.6666 -0.577488E-01
 1958.7500  0.882778E-01
 1958.8334  0.955429E-01
 1958.9166  0.287066    
 1959.0000  0.277086    
 1959.0834  0.197536    
 1959.1666  0.321598E-01
 1959.2500  0.135513    
 1959.3334 -0.995731E-01
 1959.4166 -0.423086    
 1959.5000 -0.416462    
 1959.5834 -0.359806    
 1959.6666 -0.391510    
 1959.7500 -0.371613    
 1959.8334 -0.523788    
 1959.9166 -0.472025    
 1960.0000 -0.691195    
 1960.0834 -0.705154    
 1960.1666 -0.576960    
 1960.2500 -0.502066    
 1960.3334 -0.373013    
 1960.4166 -0.506067    
 1960.5000 -0.626541    
 1960.5834 -0.612316    
 1960.6666 -0.559820    
 1960.7500 -0.400152    
 1960.8334 -0.198847    
 1960.9166 -0.163065    
 1961.0000 -0.307163    
 1961.0834 -0.262354    
 1961.1666 -0.404631    
 1961.2500 -0.554836    
 1961.3334 -0.499292    
 1961.4166 -0.187967    
 1961.5000 -0.502071    
 1961.5834 -0.622456    
 1961.6666 -0.606180    
 1961.7500 -0.813421    
 1961.8334 -0.555588    
 1961.9166 -0.470905    
 1962.0000 -0.600353    
 1962.0834 -0.509863    
 1962.1666 -0.344141    
 1962.2500 -0.369766    
 1962.3334 -0.573084    
 1962.4166 -0.446657    
 1962.5000 -0.579651    
 1962.5834 -0.665747    
 1962.6666 -0.671169    
 1962.7500 -0.675312    
 1962.8334 -0.600098    
 1962.9166 -0.669794    
 1963.0000 -0.655033    
 1963.0834 -0.513124    
 1963.1666 -0.280750    
 1963.2500 -0.245037    
 1963.3334 -0.354013    
 1963.4166 -0.455156    
 1963.5000 -0.217581    
 1963.5834  0.674629E-01
 1963.6666  0.282810    
 1963.7500  0.370308    
 1963.8334  0.207102    
 1963.9166  0.853043E-01
 1964.0000  0.221506    
 1964.0834  0.938263E-01
 1964.1666 -0.316481    
 1964.2500 -0.304497    
 1964.3334 -0.403803    
 1964.4166 -0.688557    
 1964.5000 -0.888462    
 1964.5834  -1.10596    
 1964.6666  -1.49740    
 1964.7500  -1.38662    
 1964.8334  -1.47030    
 1964.9166  -1.30329    
 1965.0000 -0.765774    
 1965.0834 -0.484835    
 1965.1666 -0.422070    
 1965.2500 -0.581717    
 1965.3334 -0.224844    
 1965.4166  0.880032E-01
 1965.5000  0.859890E-01
 1965.5834  0.283585    
 1965.6666  0.225441    
 1965.7500  0.470379    
 1965.8334  0.496992    
 1965.9166  0.431225    
 1966.0000  0.397556    
 1966.0834  0.492725    
 1966.1666  0.754999    
 1966.2500  0.213243    
 1966.3334  0.881672E-01
 1966.4166  0.151484    
 1966.5000  0.170818    
 1966.5834 -0.114016    
 1966.6666 -0.834103E-01
 1966.7500 -0.113312    
 1966.8334 -0.216579E-01
 1966.9166 -0.196825    
 1967.0000 -0.715174    
 1967.0834 -0.784933    
 1967.1666 -0.457150    
 1967.2500 -0.226955    
 1967.3334 -0.216614    
 1967.4166 -0.310547    
 1967.5000 -0.340721    
 1967.5834 -0.453926    
 1967.6666 -0.558630    
 1967.7500 -0.412472    
 1967.8334 -0.350798    
 1967.9166 -0.313286    
 1968.0000 -0.425104    
 1968.0834 -0.398153    
 1968.1666 -0.382151    
 1968.2500 -0.365416    
 1968.3334 -0.541674    
 1968.4166 -0.792065E-01
 1968.5000 -0.249783    
 1968.5834 -0.164886    
 1968.6666 -0.183350    
 1968.7500 -0.662212E-01
 1968.8334  0.331942    
 1968.9166  0.425655    
 1969.0000  0.762306    
 1969.0834  0.904486    
 1969.1666  0.542749    
 1969.2500  0.333855    
 1969.3334  0.174538    
 1969.4166  0.237923E-01
 1969.5000 -0.166471    
 1969.5834  0.140934E-01
 1969.6666  0.235229    
 1969.7500  0.403667    
 1969.8334  0.386713    
 1969.9166  0.234505    
 1970.0000  0.212236    
 1970.0834  0.333006    
 1970.1666  0.144730    
 1970.2500  0.140934    
 1970.3334  0.445366E-01
 1970.4166 -0.716972E-01
 1970.5000 -0.123991    
 1970.5834 -0.541756    
 1970.6666 -0.878710    
 1970.7500 -0.930012    
 1970.8334 -0.892199    
 1970.9166  -1.35798    
 1971.0000  -1.48687    
 1971.0834  -1.15665    
 1971.1666  -1.08348    
 1971.2500  -1.02700    
 1971.3334 -0.994383    
 1971.4166 -0.882736    
 1971.5000  -1.00449    
 1971.5834  -1.08599    
 1971.6666  -1.27242    
 1971.7500  -1.10615    
 1971.8334 -0.820808    
 1971.9166 -0.605246    
 1972.0000 -0.537764    
 1972.0834 -0.210234    
 1972.1666 -0.978394E-01
 1972.2500  0.171064    
 1972.3334  0.268047    
 1972.4166  0.231953    
 1972.5000  0.160608    
 1972.5834  0.198040E-01
 1972.6666  0.165901    
 1972.7500  0.375088    
 1972.8334  0.560572    
 1972.9166  0.645836    
 1973.0000  0.662386    
 1973.0834  0.538256    
 1973.1666  0.167891    
 1973.2500 -0.129286    
 1973.3334 -0.441692    
 1973.4166 -0.627848    
 1973.5000 -0.798561    
 1973.5834  -1.01951    
 1973.6666  -1.21909    
 1973.7500  -1.49426    
 1973.8334  -1.70042    
 1973.9166  -1.86212    
 1974.0000  -1.80162    
 1974.0834  -1.33887    
 1974.1666  -1.06786    
 1974.2500  -1.12791    
 1974.3334  -1.11431    
 1974.4166  -1.00917    
 1974.5000 -0.957821    
 1974.5834 -0.717747    
 1974.6666 -0.950581    
 1974.7500  -1.09080    
 1974.8334  -1.03753    
 1974.9166 -0.994255    
 1975.0000 -0.599024    
 1975.0834 -0.375565    
 1975.1666 -0.580410    
 1975.2500 -0.708136    
 1975.3334 -0.801394    
 1975.4166  -1.04136    
 1975.5000  -1.22838    
 1975.5834  -1.44729    
 1975.6666  -1.83642    
 1975.7500  -1.89296    
 1975.8334  -1.80274    
 1975.9166  -1.74413    
 1976.0000  -1.41942    
 1976.0834 -0.996464    
 1976.1666 -0.770140    
 1976.2500 -0.525486    
 1976.3334 -0.563473    
 1976.4166 -0.562376    
 1976.5000 -0.490973    
 1976.5834 -0.345905    
 1976.6666 -0.312729    
 1976.7500  0.125828    
 1976.8334  0.153112    
 1976.9166 -0.137104    
 1977.0000 -0.585041E-01
 1977.0834 -0.769234E-01
 1977.1666 -0.951500E-01
 1977.2500  0.525284E-02
 1977.3334 -0.125914    
 1977.4166 -0.225964E-01
 1977.5000  0.165249    
 1977.5834  0.994930E-01
 1977.6666  0.248800    
 1977.7500  0.243177    
 1977.8334  0.300722    
 1977.9166  0.422436    
 1978.0000  0.354897    
 1978.0834  0.183746    
 1978.1666 -0.132730    
 1978.2500 -0.434027    
 1978.3334 -0.201273    
 1978.4166 -0.356966    
 1978.5000 -0.480831    
 1978.5834 -0.591936    
 1978.6666 -0.485779    
 1978.7500 -0.532282    
 1978.8334 -0.314817    
 1978.9166 -0.150286    
 1979.0000  0.295658E-01
 1979.0834  0.958633E-02
 1979.1666 -0.517998E-01
 1979.2500 -0.699253E-01
 1979.3334 -0.125223    
 1979.4166 -0.151697    
 1979.5000 -0.175781    
 1979.5834 -0.275396    
 1979.6666 -0.120840    
 1979.7500 -0.466022E-01
 1979.8334  0.208063    
 1979.9166  0.172766    
 1980.0000  0.275877    
 1980.0834  0.307516    
 1980.1666  0.172340    
 1980.2500  0.197714    
 1980.3334  0.278437    
 1980.4166  0.210573    
 1980.5000  0.121119    
 1980.5834 -0.206667    
 1980.6666 -0.207430    
 1980.7500 -0.185623E-01
 1980.8334 -0.145073E-01
 1980.9166 -0.679741E-01
 1981.0000 -0.192554    
 1981.0834 -0.244503    
 1981.1666 -0.231211    
 1981.2500 -0.381407    
 1981.3334 -0.451843    
 1981.4166 -0.453768    
 1981.5000 -0.552311    
 1981.5834 -0.609926    
 1981.6666 -0.433239    
 1981.7500 -0.282972    
 1981.8334 -0.188528    
 1981.9166 -0.115425    
 1982.0000 -0.546932E-01
 1982.0834 -0.670128E-01
 1982.1666  0.124250    
 1982.2500  0.365124    
 1982.3334  0.411827    
 1982.4166  0.471212    
 1982.5000  0.166468    
 1982.5834  0.133583    
 1982.6666  0.266470    
 1982.7500  0.562248    
 1982.8334  0.517113    
 1982.9166  0.516544    
 1983.0000  0.400856    
 1983.0834  0.409185    
 1983.1666  0.261061    
 1983.2500  0.133133    
 1983.3334  0.208467    
 1983.4166  0.594730E-01
 1983.5000 -0.155922    
 1983.5834 -0.305386    
 1983.6666 -0.567440    
 1983.7500 -0.726732    
 1983.8334 -0.760567    
 1983.9166 -0.692986    
 1984.0000 -0.658823    
 1984.0834 -0.528093    
 1984.1666 -0.650049    
 1984.2500 -0.683037    
 1984.3334 -0.637854    
 1984.4166 -0.557987    
 1984.5000 -0.508831    
 1984.5834 -0.527006    
 1984.6666 -0.390120    
 1984.7500 -0.562592    
 1984.8334 -0.744917    
 1984.9166 -0.752115    
 1985.0000 -0.515413    
 1985.0834 -0.593615    
 1985.1666 -0.735170    
 1985.2500 -0.775106    
 1985.3334 -0.790773    
 1985.4166 -0.785437    
 1985.5000 -0.446672    
 1985.5834 -0.404087    
 1985.6666 -0.461849    
 1985.7500 -0.262093    
 1985.8334 -0.197477    
 1985.9166 -0.900059E-01
 1986.0000 -0.151703    
 1986.0834 -0.173594    
 1986.1666 -0.129150    
 1986.2500 -0.239706    
 1986.3334 -0.151154    
 1986.4166 -0.503769E-01
 1986.5000  0.197792E-01
 1986.5834  0.242424    
 1986.6666  0.310480    
 1986.7500  0.361818    
 1986.8334  0.487762    
 1986.9166  0.392324    
 1987.0000  0.313976    
 1987.0834  0.516157    
 1987.1666  0.528231    
 1987.2500  0.395325    
 1987.3334  0.412207    
 1987.4166  0.598093    
 1987.5000  0.558388    
 1987.5834  0.571095    
 1987.6666  0.745110    
 1987.7500  0.824528    
 1987.8334  0.883883    
 1987.9166  0.799915    
 1988.0000  0.655016    
 1988.0834  0.474716    
 1988.1666  0.194740    
 1988.2500 -0.148796    
 1988.3334 -0.482523    
 1988.4166 -0.689808    
 1988.5000 -0.760971    
 1988.5834 -0.517517    
 1988.6666 -0.723150    
 1988.7500  -1.45959    
 1988.8334  -1.55154    
 1988.9166  -1.51498    
 1989.0000  -1.53834    
 1989.0834  -1.30327    
 1989.1666 -0.966780    
 1989.2500 -0.751736    
 1989.3334 -0.525694    
 1989.4166 -0.736607    
 1989.5000 -0.649342    
 1989.5834 -0.610987    
 1989.6666 -0.407330    
 1989.7500 -0.359041    
 1989.8334 -0.405869    
 1989.9166 -0.252056E-01
 1990.0000  0.204206    
 1990.0834  0.400816    
 1990.1666  0.359900    
 1990.2500  0.205524    
 1990.3334  0.686474E-01
 1990.4166  0.813828E-01
 1990.5000  0.228468    
 1990.5834  0.324703    
 1990.6666  0.279581    
 1990.7500  0.428827    
 1990.8334  0.456923    
 1990.9166  0.545685    
 1991.0000  0.565527    
 1991.0834  0.532495    
 1991.1666  0.401039    
 1991.2500  0.453594    
 1991.3334  0.534897    
 1991.4166  0.504923    
 1991.5000  0.573639    
 1991.5834  0.545103    
 1991.6666  0.451040    
 1991.7500  0.709429    
 1991.8334  0.723892    
 1991.9166  0.756865    
 1992.0000  0.627907    
 1992.0834  0.816887    
 1992.1666  0.633110    
 1992.2500  0.556734    
 1992.3334  0.451767    
 1992.4166  0.360043    
 1992.5000  0.406458    
 1992.5834  0.290483    
 1992.6666  0.127081    
 1992.7500  0.510082E-01
 1992.8334  0.932331E-01
 1992.9166  0.237354    
 1993.0000  0.407766    
 1993.0834  0.219757    
 1993.1666  0.176010    
 1993.2500  0.208664    
 1993.3334  0.192596    
 1993.4166  0.226892    
 1993.5000  0.222748    
 1993.5834  0.195164    
 1993.6666  0.290590    
 1993.7500  0.618782E-01
 1993.8334  0.219612    
 1993.9166  0.250355    
 1994.0000  0.206566    
 1994.0834  0.413971E-01
 1994.1666  0.201950    
 1994.2500  0.254324    
 1994.3334  0.286226    
 1994.4166  0.376694    
 1994.5000  0.575329    
 1994.5834  0.758015    
 1994.6666  0.578730    
 1994.7500  0.698988    
 1994.8334  0.842272    
 1994.9166  0.931755    
 1995.0000  0.784027    
 1995.0834  0.815336    
 1995.1666  0.750910    
 1995.2500  0.546583    
 1995.3334  0.479076    
 1995.4166  0.261553    
 1995.5000  0.126688    
 1995.5834 -0.719852E-01
 1995.6666 -0.258060    
 1995.7500 -0.289923    
 1995.8334 -0.386318    
 1995.9166 -0.407576    
 1996.0000 -0.377665    
 1996.0834 -0.389303    
 1996.1666 -0.275570    
 1996.2500 -0.322037    
 1996.3334 -0.265284    
 1996.4166 -0.192577    
 1996.5000 -0.243322    
 1996.5834 -0.136726    
 1996.6666 -0.237970    
 1996.7500 -0.212412    
 1996.8334 -0.117228    
 1996.9166 -0.346642E-01
 1997.0000  0.637760E-01
 1997.0834  0.249996    
 1997.1666  0.319639    
 1997.2500  0.728113    
 1997.3334  0.621477    
 1997.4166  0.459244    
 1997.5000  0.612118    
 1997.5834  0.589045    
 1997.6666  0.680811    
 1997.7500  0.652508    
 1997.8334  0.735352    
 1997.9166  0.655945    
 1998.0000  0.637346    
 1998.0834  0.656517    
 1998.1666  0.332800    
 1998.2500  0.546455E-02
 1998.3334  0.150776E-01
 1998.4166 -0.264446    
 1998.5000 -0.424973    
 1998.5834 -0.665396    
 1998.6666 -0.688259    
 1998.7500  -1.06946    
 1998.8334  -1.19652    
 1998.9166  -1.33554    
 1999.0000  -1.46247    
 1999.0834  -1.33853    
 1999.1666  -1.02122    
 1999.2500 -0.823915    
 1999.3334 -0.688374    
 1999.4166 -0.698677    
 1999.5000 -0.825583    
 1999.5834 -0.802006    
 1999.6666 -0.726589    
 1999.7500 -0.733692    
 1999.8334 -0.986927    
 1999.9166  -1.14584    
 2000.0000  -1.11329    
 2000.0834  -1.22253    
 2000.1666  -1.23768    
 2000.2500  -1.06294    
 2000.3334 -0.894222    
 2000.4166 -0.644037    
 2000.5000 -0.464422    
 2000.5834 -0.468836    
 2000.6666 -0.413149    
 2000.7500 -0.500692    
 2000.8334 -0.614328    
 2000.9166 -0.775105    
 2001.0000 -0.803604    
 2001.0834 -0.678934    
 2001.1666 -0.502800    
 2001.2500 -0.332296    
 2001.3334 -0.183563    
 2001.4166  0.109644    
 2001.5000  0.283588    
 2001.5834  0.288574    
 2001.6666  0.374510    
 2001.7500  0.345528    
 2001.8334  0.220642    
 2001.9166  0.130754    
 2002.0000  0.399977    
 2002.0834  0.500666    
 2002.1666  0.380011    
 2002.2500  0.560053    
 2002.3334  0.729116    
 2002.4166  0.733383    
 2002.5000  0.768309    
 2002.5834  0.713654    
 2002.6666  0.649561    
 2002.7500  0.737978    
 2002.8334  0.956161    
 2002.9166  0.894705    
 2003.0000  0.621786    
 2003.0834  0.682587    
 2003.1666  0.644091    
 2003.2500  0.477564    
 2003.3334  0.153236    
 2003.4166  0.287792    
 2003.5000  0.331348    
 2003.5834  0.319695    
 2003.6666  0.349630    
 2003.7500  0.519447    
 2003.8334  0.537592    
 2003.9166  0.530334    
 2004.0000  0.500647    
 2004.0834  0.457197    
 2004.1666  0.250071    
 2004.2500  0.176273    
 2004.3334  0.258057    
 2004.4166  0.326403    
 2004.5000  0.489649    
 2004.5834  0.604393    
 2004.6666  0.755211    
 2004.7500  0.809029    
 2004.8334  0.861843    
 2004.9166  0.934086    
 2005.0000  0.932066    
 2005.0834  0.742466    
 2005.1666  0.680300    
 2005.2500  0.489285    
 2005.3334  0.363228    
 2005.4166  0.286922    
 2005.5000  0.475979E-01
 2005.5834  0.166365    
 2005.6666  0.221901    
 2005.7500  0.243427    
 2005.8334 -0.121574E-01
 2005.9166 -0.212975    
 2006.0000 -0.415545    
 2006.0834 -0.560734    
 2006.1666 -0.428450    
 2006.2500 -0.164906    
 2006.3334  0.665970E-01
 2006.4166  0.307684    
 2006.5000  0.356678    
 2006.5834  0.486143    
 2006.6666  0.651730    
 2006.7500  0.697618    
 2006.8334  0.879642    
 2006.9166  0.888315    
 2007.0000  0.691626    
 2007.0834  0.565737    
 2007.1666  0.493561    
 2007.2500  0.291153    
 2007.3334  0.155848    
 2007.4166  0.110144    
 2007.5000  0.434074E-01
 2007.5834 -0.114225    
 2007.6666 -0.408550    
 2007.7500 -0.544743    
 2007.8334 -0.707018    
 2007.9166 -0.770905    
 2008.0000  -1.06346    
 2008.0834  -1.26723    
 2008.1666  -1.02518    
 2008.2500 -0.835846    
 2008.3334 -0.797672    
 2008.4166 -0.780718    
 2008.5000 -0.693052    
 2008.5834 -0.580505    
 2008.6666 -0.544489    
 2008.7500 -0.466192    
 2008.8334 -0.544468    
 2008.9166 -0.622175    
 2009.0000 -0.713833    
 2009.0834 -0.574163    
 2009.1666 -0.336470    
 2009.2500 -0.280170E-01
 2009.3334  0.121727    
 2009.4166  0.340313    
 2009.5000  0.408989    
 2009.5834  0.566263    
 2009.6666  0.718370    
 2009.7500   1.00141    
 2009.8334   1.16850    
 2009.9166   1.14170    
 2010.0000   1.04817    
 2010.0834  0.859686    
 2010.1666  0.808041    
 2010.2500  0.702864    
 2010.3334  0.338858    
 2010.4166 -0.474262E-01
 2010.5000 -0.494122    
 2010.5834 -0.980196    
 2010.6666  -1.19062    
 2010.7500  -1.23552    
 2010.8334  -1.17059    
 2010.9166  -1.11120    
 2011.0000  -1.03588    
 2011.0834 -0.660923    
 2011.1666 -0.385550    
 2011.2500 -0.340946    
 2011.3334 -0.274363    
 2011.4166 -0.218218    
 2011.5000 -0.264311    
 2011.5834 -0.463646    
 2011.6666 -0.704020    
 2011.7500 -0.677002    
 2011.8334 -0.743757    
 2011.9166 -0.802845    
 2012.0000 -0.745604    
 2012.0834 -0.539913    
 2012.1666 -0.470150    
 2012.2500 -0.347345    
 2012.3334 -0.244324    
 2012.4166 -0.699978E-01
 2012.5000 -0.352917E-01
 2012.5834  0.120665    
 2012.6666  0.330040    
 2012.7500  0.422527    
 2012.8334  0.419373    
 2012.9166  0.160345    
 2013.0000  0.103657    
 2013.0834 -0.949841E-01
 2013.1666 -0.356430    
 2013.2500 -0.174866    
 2013.3334 -0.185343    
 2013.4166 -0.654373E-01
 2013.5000 -0.136772    
 2013.5834  0.314331E-02
 2013.6666  0.194798E-01
 2013.7500  0.754185E-01
 2013.8334 -0.237885E-01
 2013.9166 -0.399151E-01
 2014.0000 -0.195454    
 2014.0834  0.331955E-01
 2014.1666  0.118120    
 2014.2500  0.328104    
 2014.3334  0.281076    
 2014.4166  0.162804    
 2014.5000  0.204029    
 2014.5834  0.347294    
 2014.6666  0.458401    
 2014.7500  0.508617    
 2014.8334  0.667723    
 2014.9166  0.753515    
 2015.0000  0.752066    
 2015.0834  0.790506    
 2015.1666  0.837049    
 2015.2500   1.02642    
 2015.3334  0.947798    
 2015.4166  0.872253    
 2015.5000  0.738749    
 2015.5834  0.806025    
 2015.6666  0.848120    
 2015.7500  0.957748    
 2015.8334   1.28634    
 2015.9166   1.29896    
 2016.0000   1.11442    
 2016.0834   1.19287    
 2016.1666   1.14080    

