# cutting out region defined by mask ersstv4_nino12_mask.nc
# sst [degree_C] from NOAA Extended Reconstructed Sea Surface Temperature (ERSSTA), Version 4 (in situ only)
# SSTA normalized to 1981-2010
# plotdat anomal 1981 2010 ersst_nino12.dat
# cutting out region defined by mask ersstv4_nino12_mask.nc
# sst [degree_C] from NOAA Extended Reconstructed Sea Surface Temperature (ERSST), Version 4 (in situ only)
 1854.0000 -0.614811    
 1854.0834 -0.784838    
 1854.1666  -1.21595    
 1854.2500  -1.58006    
 1854.3334  -1.50331    
 1854.4166 -0.415789    
 1854.5000 -0.658018    
 1854.5834 -0.601896    
 1854.6666 -0.653191    
 1854.7500  0.398266    
 1854.8334  0.492020E-01
 1854.9166 -0.244608    
 1855.0000 -0.638212    
 1855.0834 -0.452528    
 1855.1666  -1.08056    
 1855.2500  -1.02217    
 1855.3334 -0.279224    
 1855.4166 -0.654949    
 1855.5000 -0.879417    
 1855.5834 -0.942177    
 1855.6666 -0.342131    
 1855.7500   1.07153    
 1855.8334   1.50047    
 1855.9166  0.677021    
 1856.0000  0.297319    
 1856.0834  -2.05273    
 1856.1666  -1.69236    
 1856.2500  -2.11389    
 1856.3334  -2.02176    
 1856.4166  -1.51144    
 1856.5000  -1.02488    
 1856.5834  -1.00787    
 1856.6666  -1.03508    
 1856.7500 -0.225424    
 1856.8334  0.341225E-01
 1856.9166 -0.300339    
 1857.0000 -0.576132    
 1857.0834  -1.21443    
 1857.1666  -1.91815    
 1857.2500  -3.25591    
 1857.3334  -1.71704    
 1857.4166 -0.902220    
 1857.5000 -0.829819    
 1857.5834  0.777794    
 1857.6666   1.27567    
 1857.7500   2.48071    
 1857.8334 -0.345547    
 1857.9166 -0.150179    
 1858.0000   1.00599    
 1858.0834  -2.36007    
 1858.1666  -1.47435    
 1858.2500 -0.245438    
 1858.3334 -0.131426    
 1858.4166 -0.745180    
 1858.5000 -0.557308    
 1858.5834  0.195553    
 1858.6666  0.271988E-02
 1858.7500 -0.197124    
 1858.8334 -0.389357    
 1858.9166  0.100471    
 1859.0000 -0.922182    
 1859.0834  -1.54987    
 1859.1666  -2.56615    
 1859.2500  -3.17337    
 1859.3334  -1.93052    
 1859.4166  -2.11629    
 1859.5000  -1.41251    
 1859.5834  -1.35417    
 1859.6666  -1.31917    
 1859.7500   1.01035    
 1859.8334 -0.412518    
 1859.9166  -1.55606    
 1860.0000  -2.98010    
 1860.0834  -1.89388    
 1860.1666  -1.31185    
 1860.2500  -1.77307    
 1860.3334  -2.14696    
 1860.4166  -2.09407    
 1860.5000  -2.97221    
 1860.5834  -1.46575    
 1860.6666  -1.43970    
 1860.7500 -0.246294    
 1860.8334 -0.118288    
 1860.9166 -0.663258    
 1861.0000 -0.424692    
 1861.0834 -0.785198    
 1861.1666 -0.861389    
 1861.2500 -0.727098    
 1861.3334  -1.10665    
 1861.4166  -1.13766    
 1861.5000  -1.17672    
 1861.5834  0.120255    
 1861.6666 -0.570829    
 1861.7500 -0.462463    
 1861.8334 -0.375448    
 1861.9166 -0.434559    
 1862.0000 -0.199060    
 1862.0834 -0.251709    
 1862.1666 -0.414478    
 1862.2500 -0.132128    
 1862.3334 -0.585146    
 1862.4166 -0.567820    
 1862.5000 -0.337599    
 1862.5834 -0.334257    
 1862.6666   2.08337    
 1862.7500   2.66636    
 1862.8334   1.91700    
 1862.9166   3.74959    
 1863.0000 -0.338432    
 1863.0834 -0.938988E-01
 1863.1666  0.648062    
 1863.2500   1.58209    
 1863.3334 -0.141205    
 1863.4166  -3.22762    
 1863.5000  -2.46465    
 1863.5834 -0.939676    
 1863.6666 -0.633160    
 1863.7500 -0.237373    
 1863.8334 -0.457878    
 1863.9166   1.88969    
 1864.0000 -0.742052    
 1864.0834 -0.567499    
 1864.1666 -0.848808    
 1864.2500  -1.47384    
 1864.3334 -0.801624    
 1864.4166  -1.42258    
 1864.5000 -0.892279    
 1864.5834 -0.141577    
 1864.6666  0.211349    
 1864.7500  0.877457    
 1864.8334 -0.325527    
 1864.9166 -0.187498    
 1865.0000  0.749489    
 1865.0834 -0.361679    
 1865.1666   1.22100    
 1865.2500   1.40264    
 1865.3334   2.22980    
 1865.4166  0.822062    
 1865.5000   1.62642    
 1865.5834  -2.27984    
 1865.6666 -0.469990    
 1865.7500 -0.461044E-01
 1865.8334  0.932121E-01
 1865.9166  0.629362    
 1866.0000  -1.57402    
 1866.0834  -1.12524    
 1866.1666 -0.451809    
 1866.2500 -0.189178    
 1866.3334  0.171515    
 1866.4166  0.921921    
 1866.5000  0.138512    
 1866.5834 -0.197258E-01
 1866.6666 -0.760899E-01
 1866.7500 -0.167173    
 1866.8334 -0.226738    
 1866.9166 -0.453638    
 1867.0000 -0.268600    
 1867.0834 -0.258799    
 1867.1666  0.602581    
 1867.2500  0.903091    
 1867.3334  0.883915    
 1867.4166   1.12001    
 1867.5000  0.921942    
 1867.5834  0.119314    
 1867.6666 -0.406494E-01
 1867.7500 -0.140255    
 1867.8334 -0.667677    
 1867.9166 -0.273638    
 1868.0000 -0.775232    
 1868.0834 -0.220778    
 1868.1666 -0.554909    
 1868.2500 -0.316399    
 1868.3334  0.810051E-01
 1868.4166  0.467731    
 1868.5000  0.589222    
 1868.5834   1.06257    
 1868.6666  0.756701    
 1868.7500   1.07084    
 1868.8334   1.29814    
 1868.9166   1.86659    
 1869.0000   3.29102    
 1869.0834  0.465242    
 1869.1666  0.773081    
 1869.2500   1.74062    
 1869.3334  0.339756E-01
 1869.4166  -1.03810    
 1869.5000  0.108803    
 1869.5834  -1.30235    
 1869.6666 -0.766220    
 1869.7500 -0.971804    
 1869.8334  -1.09054    
 1869.9166  -1.53759    
 1870.0000 -0.830612E-01
 1870.0834 -0.168228    
 1870.1666 -0.266310    
 1870.2500  0.436922    
 1870.3334  -1.13798    
 1870.4166  -2.32356    
 1870.5000  -3.09440    
 1870.5834  -2.27792    
 1870.6666  -2.26577    
 1870.7500  -1.47683    
 1870.8334  -1.41048    
 1870.9166  -1.03560    
 1871.0000  -1.01456    
 1871.0834 -0.340385E-01
 1871.1666   1.10026    
 1871.2500  0.982292    
 1871.3334 -0.827599E-02
 1871.4166  0.592731    
 1871.5000 -0.874786E-01
 1871.5834  0.297144    
 1871.6666  0.708759    
 1871.7500  0.660456    
 1871.8334   1.54358    
 1871.9166 -0.702589    
 1872.0000 -0.598322    
 1872.0834 -0.773928    
 1872.1666 -0.949669    
 1872.2500  -1.24535    
 1872.3334  -1.71164    
 1872.4166  -1.55485    
 1872.5000  -1.32925    
 1872.5834 -0.447527    
 1872.6666 -0.244650    
 1872.7500  0.759163E-01
 1872.8334  0.396803    
 1872.9166 -0.604269    
 1873.0000 -0.821802    
 1873.0834  -2.05614    
 1873.1666  -6.63245    
 1873.2500  -5.62866    
 1873.3334  -4.52966    
 1873.4166  -1.05054    
 1873.5000 -0.451069    
 1873.5834 -0.433746    
 1873.6666  -1.68117    
 1873.7500  -1.85756    
 1873.8334  -1.32872    
 1873.9166  -1.27659    
 1874.0000  -1.15180    
 1874.0834  -1.61444    
 1874.1666  -1.41414    
 1874.2500  -1.33880    
 1874.3334 -0.655214    
 1874.4166 -0.316509    
 1874.5000 -0.705257    
 1874.5834  0.655231E-01
 1874.6666  0.394350    
 1874.7500  -1.17492    
 1874.8334  -2.58424    
 1874.9166 -0.733185E-01
 1875.0000 -0.130991    
 1875.0834 -0.493349    
 1875.1666  -1.03158    
 1875.2500  -1.70647    
 1875.3334  -2.63058    
 1875.4166  -2.11216    
 1875.5000  -1.65618    
 1875.5834  -1.33603    
 1875.6666  0.592871    
 1875.7500  0.433075    
 1875.8334  -1.52249    
 1875.9166  -1.64498    
 1876.0000  -2.10414    
 1876.0834  -2.06192    
 1876.1666  -1.64395    
 1876.2500  -1.34923    
 1876.3334 -0.986425    
 1876.4166 -0.995350    
 1876.5000  -1.74345    
 1876.5834 -0.946266    
 1876.6666 -0.804590    
 1876.7500  0.923025    
 1876.8334  0.984522    
 1876.9166  0.857281    
 1877.0000 -0.811802    
 1877.0834 -0.200108    
 1877.1666 -0.196018    
 1877.2500 -0.961098    
 1877.3334  -1.66351    
 1877.4166 -0.981030    
 1877.5000  0.328217E-01
 1877.5834   2.94744    
 1877.6666   3.49061    
 1877.7500   3.50443    
 1877.8334   3.77732    
 1877.9166   3.43436    
 1878.0000   3.18706    
 1878.0834   2.82834    
 1878.1666   1.73341    
 1878.2500  0.260761    
 1878.3334  0.214794    
 1878.4166  0.178240    
 1878.5000  0.682526E-01
 1878.5834  0.464733    
 1878.6666  0.473600    
 1878.7500  0.425365    
 1878.8334  0.299572    
 1878.9166  0.430531    
 1879.0000  0.236088    
 1879.0834  -1.76160    
 1879.1666 -0.712000    
 1879.2500 -0.601759    
 1879.3334 -0.694395    
 1879.4166 -0.409039    
 1879.5000  0.112972    
 1879.5834  0.554844    
 1879.6666  0.358990    
 1879.7500 -0.372944E-01
 1879.8334 -0.443048    
 1879.9166 -0.636099    
 1880.0000 -0.748631    
 1880.0834   1.13804    
 1880.1666  0.978331    
 1880.2500  0.978413    
 1880.3334 -0.395515    
 1880.4166  -1.04131    
 1880.5000 -0.306488    
 1880.5834  0.313654    
 1880.6666  0.144890    
 1880.7500  0.729767    
 1880.8334  0.877892    
 1880.9166  0.212162    
 1881.0000  0.334419    
 1881.0834  0.654621E-01
 1881.1666 -0.842781E-01
 1881.2500 -0.419449    
 1881.3334 -0.370464    
 1881.4166 -0.449059    
 1881.5000  -1.09821    
 1881.5834  -1.18263    
 1881.6666 -0.859659    
 1881.7500  -1.25937    
 1881.8334  -1.86941    
 1881.9166  -1.67168    
 1882.0000 -0.790392    
 1882.0834 -0.828789    
 1882.1666 -0.786339    
 1882.2500  -1.10429    
 1882.3334  -1.65856    
 1882.4166  -2.46027    
 1882.5000  -1.82272    
 1882.5834  -1.66777    
 1882.6666  -1.52957    
 1882.7500 -0.664234    
 1882.8334 -0.251797    
 1882.9166 -0.190399    
 1883.0000 -0.264202    
 1883.0834 -0.258949    
 1883.1666 -0.536299    
 1883.2500 -0.702469    
 1883.3334 -0.854416    
 1883.4166 -0.963287E-01
 1883.5000 -0.204687    
 1883.5834  0.870628E-01
 1883.6666  0.241039    
 1883.7500  0.232065    
 1883.8334  0.472662    
 1883.9166 -0.574018    
 1884.0000 -0.238050    
 1884.0834 -0.143198    
 1884.1666  0.573570    
 1884.2500  0.351152    
 1884.3334  0.491943E-01
 1884.4166 -0.301720    
 1884.5000 -0.105337    
 1884.5834  0.801323    
 1884.6666  0.952330    
 1884.7500  0.381037    
 1884.8334 -0.833683E-01
 1884.9166 -0.159859    
 1885.0000  0.931778E-01
 1885.0834 -0.938282E-01
 1885.1666 -0.206409    
 1885.2500  -1.58597    
 1885.3334  -1.67245    
 1885.4166  -2.03623    
 1885.5000  -2.00538    
 1885.5834 -0.544247    
 1885.6666 -0.185760    
 1885.7500 -0.212814    
 1885.8334  0.139053    
 1885.9166 -0.259449    
 1886.0000 -0.373531    
 1886.0834  -1.14739    
 1886.1666  -1.56240    
 1886.2500  -1.81878    
 1886.3334  -1.96785    
 1886.4166  -1.78330    
 1886.5000  -1.64484    
 1886.5834  -1.74910    
 1886.6666 -0.897211    
 1886.7500 -0.857655    
 1886.8334 -0.903168    
 1886.9166 -0.863058    
 1887.0000 -0.828341    
 1887.0834 -0.431339    
 1887.1666 -0.187349    
 1887.2500 -0.783197    
 1887.3334  -1.08187    
 1887.4166 -0.906199    
 1887.5000 -0.681128    
 1887.5834 -0.363096    
 1887.6666 -0.492109    
 1887.7500 -0.456715    
 1887.8334 -0.448858    
 1887.9166 -0.418186E-01
 1888.0000 -0.773411E-01
 1888.0834 -0.367159    
 1888.1666  0.804501E-01
 1888.2500  0.717293    
 1888.3334   1.46215    
 1888.4166   1.09608    
 1888.5000   1.02481    
 1888.5834   1.38552    
 1888.6666   1.90275    
 1888.7500   1.89056    
 1888.8334   1.75825    
 1888.9166   1.41729    
 1889.0000   1.43135    
 1889.0834   1.15145    
 1889.1666  0.695610    
 1889.2500  0.336412    
 1889.3334 -0.445795    
 1889.4166 -0.456348    
 1889.5000 -0.612867    
 1889.5834 -0.572977    
 1889.6666  -1.02154    
 1889.7500 -0.985905    
 1889.8334 -0.803068    
 1889.9166 -0.872498    
 1890.0000 -0.697021    
 1890.0834 -0.981668    
 1890.1666  -1.41828    
 1890.2500  -1.49582    
 1890.3334 -0.996775    
 1890.4166 -0.684689    
 1890.5000 -0.712837    
 1890.5834 -0.952307    
 1890.6666 -0.955521    
 1890.7500 -0.824345    
 1890.8334  -1.30248    
 1890.9166  -1.02209    
 1891.0000 -0.200012    
 1891.0834  0.350571    
 1891.1666   1.19259    
 1891.2500   1.84069    
 1891.3334   1.19888    
 1891.4166   1.13247    
 1891.5000  0.825062    
 1891.5834  0.346193    
 1891.6666 -0.753593E-01
 1891.7500 -0.188194    
 1891.8334  0.785332E-01
 1891.9166  0.117741    
 1892.0000  0.211878    
 1892.0834 -0.103088    
 1892.1666  -1.62426    
 1892.2500  -2.26830    
 1892.3334  -2.02290    
 1892.4166  -1.81592    
 1892.5000  -1.84903    
 1892.5834  -1.68342    
 1892.6666  -1.60232    
 1892.7500  -1.65150    
 1892.8334  -1.61899    
 1892.9166  -1.56590    
 1893.0000  -1.41739    
 1893.0834  -1.09039    
 1893.1666  -2.07539    
 1893.2500  -2.18022    
 1893.3334  -1.75595    
 1893.4166  -1.66904    
 1893.5000  -1.13776    
 1893.5834 -0.877207    
 1893.6666 -0.767900    
 1893.7500 -0.915264    
 1893.8334 -0.629997    
 1893.9166 -0.600819    
 1894.0000 -0.734482    
 1894.0834 -0.907999    
 1894.1666 -0.860628    
 1894.2500 -0.483078    
 1894.3334 -0.333715    
 1894.4166 -0.452148    
 1894.5000 -0.596848    
 1894.5834 -0.582497    
 1894.6666 -0.156271    
 1894.7500  0.371552E-01
 1894.8334 -0.752647    
 1894.9166 -0.634899    
 1895.0000 -0.350502    
 1895.0834  0.879402    
 1895.1666  -1.21510    
 1895.2500 -0.277208    
 1895.3334  0.316429E-02
 1895.4166 -0.170340    
 1895.5000 -0.352327    
 1895.5834  0.159023    
 1895.6666  0.321751    
 1895.7500  0.123985    
 1895.8334 -0.327473E-01
 1895.9166 -0.147789    
 1896.0000 -0.954914E-01
 1896.0834 -0.222399    
 1896.1666 -0.144640    
 1896.2500 -0.950489E-01
 1896.3334 -0.741726    
 1896.4166 -0.391439    
 1896.5000  0.272251    
 1896.5834   1.22851    
 1896.6666   1.30023    
 1896.7500   1.29228    
 1896.8334   1.50658    
 1896.9166   1.27579    
 1897.0000  0.712618    
 1897.0834  0.295532    
 1897.1666  0.188618E-01
 1897.2500  0.372843    
 1897.3334  0.267065    
 1897.4166  0.106321    
 1897.5000 -0.450783E-01
 1897.5834  0.305334    
 1897.6666  0.192669    
 1897.7500  0.440159E-01
 1897.8334 -0.429338    
 1897.9166 -0.672039    
 1898.0000 -0.541601    
 1898.0834 -0.773438    
 1898.1666 -0.755419    
 1898.2500  -1.47709    
 1898.3334  -1.41920    
 1898.4166  -1.40356    
 1898.5000 -0.206018    
 1898.5834 -0.250807    
 1898.6666 -0.748890    
 1898.7500 -0.356073    
 1898.8334 -0.408287    
 1898.9166 -0.583738    
 1899.0000  -1.11307    
 1899.0834  -2.29769    
 1899.1666  -1.44007    
 1899.2500  0.106062    
 1899.3334  0.362736    
 1899.4166  0.188011    
 1899.5000  0.272242    
 1899.5834  0.661594    
 1899.6666   1.51197    
 1899.7500   1.51173    
 1899.8334   1.32342    
 1899.9166  0.374411    
 1900.0000  0.404589    
 1900.0834  -1.01111    
 1900.1666 -0.564560    
 1900.2500  0.528522    
 1900.3334  0.241224    
 1900.4166 -0.989479    
 1900.5000 -0.262537    
 1900.5834 -0.526657E-01
 1900.6666 -0.283609    
 1900.7500 -0.376293    
 1900.8334 -0.786047    
 1900.9166 -0.702299    
 1901.0000 -0.733322    
 1901.0834 -0.813599    
 1901.1666 -0.930630    
 1901.2500 -0.833199    
 1901.3334  -1.20275    
 1901.4166  -1.69986    
 1901.5000  -1.29536    
 1901.5834  -1.12858    
 1901.6666 -0.862110    
 1901.7500 -0.526535    
 1901.8334  0.219412    
 1901.9166 -0.268993E-01
 1902.0000 -0.205961    
 1902.0834  -1.26669    
 1902.1666 -0.993229    
 1902.2500 -0.348047    
 1902.3334   1.08952    
 1902.4166   1.38298    
 1902.5000   1.18827    
 1902.5834   1.16188    
 1902.6666  0.875999    
 1902.7500  0.611835    
 1902.8334  0.182213    
 1902.9166 -0.272928    
 1903.0000 -0.621151    
 1903.0834  -1.36968    
 1903.1666  -1.87557    
 1903.2500  -1.94880    
 1903.3334  -1.45192    
 1903.4166  -1.36556    
 1903.5000  -1.61187    
 1903.5834  -1.76649    
 1903.6666  -1.49006    
 1903.7500  -1.44677    
 1903.8334  -2.02290    
 1903.9166  -1.94358    
 1904.0000  -1.19099    
 1904.0834  -1.00061    
 1904.1666  -1.91616    
 1904.2500  -1.24096    
 1904.3334 -0.635805    
 1904.4166 -0.468889    
 1904.5000  0.468021    
 1904.5834  0.902454    
 1904.6666  0.964090    
 1904.7500  0.425735    
 1904.8334 -0.220278    
 1904.9166 -0.568939    
 1905.0000 -0.476641    
 1905.0834 -0.640429    
 1905.1666 -0.441238    
 1905.2500 -0.197357    
 1905.3334  0.264244    
 1905.4166  0.404100    
 1905.5000  0.469973    
 1905.5834  0.562504    
 1905.6666  0.378691    
 1905.7500  0.826759E-01
 1905.8334  0.356216E-01
 1905.9166  0.168228E-02
 1906.0000  0.557384E-01
 1906.0834 -0.149158    
 1906.1666 -0.430408    
 1906.2500  -1.66561    
 1906.3334  -1.86758    
 1906.4166  -1.91855    
 1906.5000  -1.86776    
 1906.5834  -1.57189    
 1906.6666  -1.57912    
 1906.7500  -1.81294    
 1906.8334  -1.79309    
 1906.9166  -1.82376    
 1907.0000  -1.11541    
 1907.0834  -1.20355    
 1907.1666  -1.55984    
 1907.2500  -1.42775    
 1907.3334  -1.50010    
 1907.4166  -1.69462    
 1907.5000 -0.992567    
 1907.5834 -0.638296    
 1907.6666 -0.604219    
 1907.7500  -1.11767    
 1907.8334  -1.22579    
 1907.9166  -1.71656    
 1908.0000  -1.50981    
 1908.0834  -1.30301    
 1908.1666  -2.01683    
 1908.2500  -1.98528    
 1908.3334  -1.99184    
 1908.4166  -1.97678    
 1908.5000  -1.83265    
 1908.5834  -1.59767    
 1908.6666  -1.35611    
 1908.7500  -1.21178    
 1908.8334  -1.38606    
 1908.9166  -1.45769    
 1909.0000  -1.75452    
 1909.0834  -2.35595    
 1909.1666  -1.97685    
 1909.2500  -1.96926    
 1909.3334  -1.91273    
 1909.4166  -1.85495    
 1909.5000  -1.65634    
 1909.5834  -1.53139    
 1909.6666  -1.63844    
 1909.7500  -1.58307    
 1909.8334  -2.21668    
 1909.9166  -2.29540    
 1910.0000  -1.99000    
 1910.0834  -1.57187    
 1910.1666  -3.09554    
 1910.2500  -3.29606    
 1910.3334  -2.33614    
 1910.4166  -1.58648    
 1910.5000  -1.43731    
 1910.5834 -0.932486    
 1910.6666 -0.691231    
 1910.7500 -0.917784    
 1910.8334  -1.48177    
 1910.9166  -1.87518    
 1911.0000  -1.37342    
 1911.0834  -1.95902    
 1911.1666  -2.34223    
 1911.2500  -2.63075    
 1911.3334  -1.44835    
 1911.4166 -0.773088    
 1911.5000 -0.619398    
 1911.5834 -0.160456    
 1911.6666 -0.476799E-01
 1911.7500  0.400597    
 1911.8334  0.406082    
 1911.9166  0.351271    
 1912.0000  0.890488    
 1912.0834  0.399612    
 1912.1666  0.116282    
 1912.2500 -0.306837    
 1912.3334 -0.926855    
 1912.4166 -0.952269    
 1912.5000  -1.11442    
 1912.5834 -0.674906    
 1912.6666 -0.330219    
 1912.7500 -0.512693    
 1912.8334  -1.07512    
 1912.9166  -1.31729    
 1913.0000 -0.308561    
 1913.0834 -0.791189    
 1913.1666  -1.47002    
 1913.2500  -1.95726    
 1913.3334  -1.69920    
 1913.4166 -0.764519    
 1913.5000 -0.413248    
 1913.5834  0.463028E-01
 1913.6666  0.202459    
 1913.7500  0.667566    
 1913.8334  0.910572    
 1913.9166  0.716141    
 1914.0000  0.686258    
 1914.0834 -0.258339    
 1914.1666 -0.255899    
 1914.2500  -1.03240    
 1914.3334  -1.28098    
 1914.4166  -1.13889    
 1914.5000 -0.850708    
 1914.5834 -0.383007    
 1914.6666 -0.413670    
 1914.7500 -0.293295    
 1914.8334  0.147953    
 1914.9166  0.139711    
 1915.0000  0.116669    
 1915.0834  0.769215E-01
 1915.1666  0.149891    
 1915.2500  0.231253    
 1915.3334 -0.143484    
 1915.4166  0.174221    
 1915.5000 -0.126438    
 1915.5834 -0.126057    
 1915.6666 -0.307291    
 1915.7500 -0.730394    
 1915.8334  -1.33686    
 1915.9166  -1.79124    
 1916.0000  -1.63239    
 1916.0834  -1.70772    
 1916.1666  -1.75495    
 1916.2500  -1.92274    
 1916.3334  -1.79799    
 1916.4166  -2.19359    
 1916.5000  -2.53676    
 1916.5834  -2.30480    
 1916.6666  -1.64053    
 1916.7500  -2.00826    
 1916.8334  -1.79573    
 1916.9166  -2.01343    
 1917.0000  -1.89537    
 1917.0834  -1.73539    
 1917.1666 -0.778969    
 1917.2500 -0.624187    
 1917.3334 -0.723036    
 1917.4166 -0.357529    
 1917.5000  0.385323E-01
 1917.5834  0.582954    
 1917.6666 -0.311161    
 1917.7500 -0.816774    
 1917.8334  -1.42991    
 1917.9166  -2.18572    
 1918.0000  -1.44782    
 1918.0834  -1.36124    
 1918.1666 -0.384668    
 1918.2500 -0.262888    
 1918.3334  0.622946    
 1918.4166   1.17867    
 1918.5000   1.71650    
 1918.5834   2.27534    
 1918.6666   1.80492    
 1918.7500  0.945307    
 1918.8334  0.650093    
 1918.9166  0.495491    
 1919.0000  0.516039    
 1919.0834  0.379791    
 1919.1666  0.208941    
 1919.2500 -0.495869    
 1919.3334 -0.496956    
 1919.4166 -0.266689    
 1919.5000 -0.328527    
 1919.5834 -0.473856    
 1919.6666 -0.186319    
 1919.7500 -0.193354    
 1919.8334  -1.30553    
 1919.9166  -1.19974    
 1920.0000 -0.454062    
 1920.0834 -0.416908    
 1920.1666 -0.385559    
 1920.2500 -0.829329    
 1920.3334 -0.822124    
 1920.4166  -1.70165    
 1920.5000  -1.36074    
 1920.5834 -0.775757    
 1920.6666 -0.178909    
 1920.7500 -0.843063    
 1920.8334 -0.762997    
 1920.9166 -0.723158    
 1921.0000 -0.861092    
 1921.0834  -1.03443    
 1921.1666  -1.77377    
 1921.2500  -1.64096    
 1921.3334 -0.986176    
 1921.4166  -1.48180    
 1921.5000  -1.41569    
 1921.5834  -1.06746    
 1921.6666  -1.18705    
 1921.7500 -0.878754    
 1921.8334  -1.55415    
 1921.9166  -2.06855    
 1922.0000  -2.05211    
 1922.0834 -0.849028    
 1922.1666  -1.20442    
 1922.2500  -1.66701    
 1922.3334  -1.54539    
 1922.4166  -1.56130    
 1922.5000  -1.17937    
 1922.5834  -1.19449    
 1922.6666  -1.45729    
 1922.7500  -1.19749    
 1922.8334  -1.35703    
 1922.9166  -1.74388    
 1923.0000  -1.04565    
 1923.0834  -1.12121    
 1923.1666  -1.62917    
 1923.2500 -0.926767    
 1923.3334 -0.372036    
 1923.4166  0.364401    
 1923.5000  0.458712    
 1923.5834 -0.167446    
 1923.6666 -0.199181    
 1923.7500 -0.714354    
 1923.8334 -0.894188    
 1923.9166  -1.13251    
 1924.0000  -1.46255    
 1924.0834  -1.73584    
 1924.1666  -2.20487    
 1924.2500  -2.18262    
 1924.3334  -2.14177    
 1924.4166  -2.20040    
 1924.5000  -1.71651    
 1924.5834  -1.72050    
 1924.6666  -1.61517    
 1924.7500  -1.30202    
 1924.8334  -1.55298    
 1924.9166  -1.62436    
 1925.0000 -0.924532    
 1925.0834 -0.307919    
 1925.1666 -0.907288E-01
 1925.2500  0.952415E-01
 1925.3334 -0.171375    
 1925.4166  0.408051    
 1925.5000  0.396921    
 1925.5834  0.601564    
 1925.6666  0.655041    
 1925.7500  0.781364E-01
 1925.8334  0.185833E-01
 1925.9166 -0.398579E-01
 1926.0000  0.194368    
 1926.0834 -0.179758    
 1926.1666 -0.218710    
 1926.2500 -0.256227    
 1926.3334 -0.518345    
 1926.4166 -0.845730    
 1926.5000 -0.875908    
 1926.5834 -0.751486    
 1926.6666 -0.789080    
 1926.7500 -0.734924    
 1926.8334 -0.737837    
 1926.9166  -1.11325    
 1927.0000 -0.863262    
 1927.0834  -1.05708    
 1927.1666  -1.01810    
 1927.2500  -1.31643    
 1927.3334  -1.26006    
 1927.4166  -1.42765    
 1927.5000 -0.954967    
 1927.5834 -0.573586    
 1927.6666 -0.593491    
 1927.7500 -0.933924    
 1927.8334 -0.586508    
 1927.9166  -1.13140    
 1928.0000  -1.29353    
 1928.0834  -1.12834    
 1928.1666  -1.06856    
 1928.2500  -1.05552    
 1928.3334  -1.04790    
 1928.4166  -1.21939    
 1928.5000  -1.28421    
 1928.5834  -1.24654    
 1928.6666 -0.921320    
 1928.7500 -0.971785    
 1928.8334  -1.26006    
 1928.9166  -1.51477    
 1929.0000  -1.51016    
 1929.0834 -0.945318    
 1929.1666 -0.642328    
 1929.2500 -0.581558    
 1929.3334 -0.537806    
 1929.4166 -0.339369    
 1929.5000 -0.279598    
 1929.5834 -0.188547    
 1929.6666 -0.302879    
 1929.7500 -0.720425    
 1929.8334 -0.770458    
 1929.9166  -1.25682    
 1930.0000  -1.61732    
 1930.0834  -1.20886    
 1930.1666  -1.05739    
 1930.2500 -0.585567    
 1930.3334 -0.642605    
 1930.4166 -0.484850    
 1930.5000  0.257462    
 1930.5834  0.485273    
 1930.6666  0.670151    
 1930.7500   1.08422    
 1930.8334   1.11545    
 1930.9166  0.835161    
 1931.0000  0.785618    
 1931.0834  0.461197E-02
 1931.1666 -0.302299    
 1931.2500 -0.151638    
 1931.3334  -1.28160    
 1931.4166 -0.830309    
 1931.5000 -0.531738    
 1931.5834 -0.670687    
 1931.6666 -0.774860    
 1931.7500 -0.710255    
 1931.8334  -1.06710    
 1931.9166 -0.991669    
 1932.0000 -0.346151    
 1932.0834 -0.308569    
 1932.1666 -0.149349    
 1932.2500  0.490782    
 1932.3334  0.823875    
 1932.4166  0.669451    
 1932.5000 -0.197098    
 1932.5834 -0.109896    
 1932.6666 -0.291071    
 1932.7500 -0.654694    
 1932.8334 -0.864788    
 1932.9166  -1.13879    
 1933.0000 -0.979631    
 1933.0834 -0.728498    
 1933.1666  -1.09497    
 1933.2500  -1.28354    
 1933.3334  -1.61758    
 1933.4166  -1.30362    
 1933.5000  -1.22917    
 1933.5834 -0.747177    
 1933.6666 -0.927999    
 1933.7500 -0.913475    
 1933.8334 -0.830057    
 1933.9166 -0.904018    
 1934.0000  -1.37321    
 1934.0834  -1.38448    
 1934.1666  -1.08797    
 1934.2500  -1.20124    
 1934.3334  -1.71676    
 1934.4166 -0.522409    
 1934.5000 -0.663837    
 1934.5834 -0.321976    
 1934.6666 -0.485439    
 1934.7500  -1.28809    
 1934.8334  -1.40251    
 1934.9166  -1.78496    
 1935.0000  -1.96520    
 1935.0834  -2.28220    
 1935.1666  -1.51712    
 1935.2500 -0.438217    
 1935.3334 -0.743984    
 1935.4166  -1.23262    
 1935.5000 -0.892887    
 1935.5834 -0.598177    
 1935.6666 -0.548269    
 1935.7500 -0.680143    
 1935.8334 -0.961227    
 1935.9166  -1.02509    
 1936.0000  -1.41758    
 1936.0834 -0.747448    
 1936.1666 -0.929569    
 1936.2500 -0.194468    
 1936.3334 -0.765606    
 1936.4166  -1.03189    
 1936.5000  -1.20450    
 1936.5834 -0.867416    
 1936.6666 -0.697800    
 1936.7500 -0.760744    
 1936.8334  -1.10105    
 1936.9166  -1.93035    
 1937.0000  -2.05875    
 1937.0834  -1.08498    
 1937.1666  -1.03416    
 1937.2500 -0.833258    
 1937.3334  -1.37148    
 1937.4166  -1.09033    
 1937.5000 -0.502298    
 1937.5834 -0.310837    
 1937.6666  -1.02947    
 1937.7500 -0.994484    
 1937.8334  -1.04700    
 1937.9166  -1.07726    
 1938.0000  -1.30030    
 1938.0834  -1.07504    
 1938.1666 -0.998919    
 1938.2500  -1.68118    
 1938.3334  -1.67682    
 1938.4166  -1.89105    
 1938.5000  -1.66232    
 1938.5834  -1.49729    
 1938.6666  -1.46000    
 1938.7500 -0.829895    
 1938.8334  -1.37757    
 1938.9166  -1.72401    
 1939.0000  -1.09981    
 1939.0834 -0.801659    
 1939.1666 -0.328299    
 1939.2500  0.240562    
 1939.3334 -0.414715    
 1939.4166  0.490231    
 1939.5000  0.394272    
 1939.5834  0.720224    
 1939.6666  0.558090    
 1939.7500 -0.413342E-01
 1939.8334  0.696316E-01
 1939.9166  0.631422    
 1940.0000  0.643448    
 1940.0834 -0.256920E-02
 1940.1666  0.169552    
 1940.2500  0.411001    
 1940.3334  0.459576    
 1940.4166  0.116161    
 1940.5000 -0.212198    
 1940.5834 -0.449867E-01
 1940.6666 -0.491695E-01
 1940.7500  0.334276    
 1940.8334  0.654972    
 1940.9166 -0.118980E-01
 1941.0000  0.510328    
 1941.0834  0.659832    
 1941.1666  0.985670    
 1941.2500   1.00103    
 1941.3334   1.09242    
 1941.4166  0.966171    
 1941.5000  0.374582    
 1941.5834  0.103754    
 1941.6666  0.435209    
 1941.7500  0.614946    
 1941.8334  0.633303    
 1941.9166  0.665512    
 1942.0000  0.662918    
 1942.0834  0.126772    
 1942.1666 -0.923630    
 1942.2500  -1.94152    
 1942.3334  -1.50204    
 1942.4166  -1.74861    
 1942.5000  -1.57055    
 1942.5834  -1.52335    
 1942.6666 -0.686451    
 1942.7500 -0.746004    
 1942.8334 -0.944437    
 1942.9166 -0.475029    
 1943.0000  0.638668    
 1943.0834  0.947609E-01
 1943.1666 -0.388599    
 1943.2500  0.306131    
 1943.3334  0.400944E-01
 1943.4166  0.213890    
 1943.5000  0.273722    
 1943.5834  0.187113    
 1943.6666  0.931797E-01
 1943.7500  0.295496    
 1943.8334 -0.178038    
 1943.9166 -0.711849    
 1944.0000 -0.527981    
 1944.0834 -0.359619    
 1944.1666 -0.919399E-01
 1944.2500  0.166132    
 1944.3334  0.134905    
 1944.4166  0.314201    
 1944.5000  0.611515E-01
 1944.5834  0.130943    
 1944.6666 -0.416470    
 1944.7500 -0.681324    
 1944.8334  -1.39397    
 1944.9166 -0.648239    
 1945.0000  0.285429    
 1945.0834  0.293142    
 1945.1666  0.231340    
 1945.2500  0.205282    
 1945.3334  0.448996    
 1945.4166  0.650501E-01
 1945.5000  0.364332    
 1945.5834  0.203545    
 1945.6666  0.468109    
 1945.7500  0.497976    
 1945.8334  0.255903    
 1945.9166 -0.181028    
 1946.0000 -0.284182    
 1946.0834  -1.09584    
 1946.1666  -1.73609    
 1946.2500  -1.36463    
 1946.3334  -1.24170    
 1946.4166  -1.16762    
 1946.5000  -1.02911    
 1946.5834  -1.14544    
 1946.6666  0.200500E-01
 1946.7500 -0.580515    
 1946.8334 -0.435408    
 1946.9166 -0.282188    
 1947.0000 -0.379791    
 1947.0834 -0.544828    
 1947.1666 -0.847528    
 1947.2500  -1.14639    
 1947.3334  -1.53662    
 1947.4166  -1.41453    
 1947.5000  -1.00023    
 1947.5834 -0.955116    
 1947.6666  -1.10381    
 1947.7500 -0.568914    
 1947.8334 -0.407637    
 1947.9166 -0.867878    
 1948.0000 -0.948521    
 1948.0834 -0.532709    
 1948.1666 -0.694090    
 1948.2500 -0.356697    
 1948.3334 -0.428684    
 1948.4166 -0.906519    
 1948.5000  -1.20901    
 1948.5834 -0.651396    
 1948.6666 -0.790710    
 1948.7500 -0.819334    
 1948.8334  -1.42217    
 1948.9166  -1.51587    
 1949.0000  -1.04796    
 1949.0834 -0.156889    
 1949.1666 -0.632782E-01
 1949.2500 -0.100628    
 1949.3334  -1.19324    
 1949.4166  -1.30693    
 1949.5000  -1.46394    
 1949.5834  -1.24850    
 1949.6666  -1.26415    
 1949.7500  -1.69318    
 1949.8334  -1.37408    
 1949.9166 -0.796518    
 1950.0000  -1.40924    
 1950.0834  -1.83950    
 1950.1666  -1.32598    
 1950.2500  -1.79001    
 1950.3334  -1.56002    
 1950.4166  -1.54623    
 1950.5000  -1.46070    
 1950.5834 -0.819237    
 1950.6666  -1.18354    
 1950.7500  -1.02591    
 1950.8334  -1.65536    
 1950.9166  -1.26178    
 1951.0000 -0.531921    
 1951.0834  -1.13029    
 1951.1666  -1.05668    
 1951.2500 -0.483028    
 1951.3334  0.718956E-01
 1951.4166   1.40732    
 1951.5000   1.73323    
 1951.5834   1.13535    
 1951.6666  0.584179    
 1951.7500  0.594635    
 1951.8334  0.462713    
 1951.9166 -0.173138    
 1952.0000 -0.318790    
 1952.0834 -0.224188    
 1952.1666 -0.305960    
 1952.2500 -0.759369    
 1952.3334 -0.485096    
 1952.4166 -0.603630    
 1952.5000 -0.691608    
 1952.5834 -0.809107    
 1952.6666  -1.10707    
 1952.7500 -0.469925    
 1952.8334 -0.760698    
 1952.9166 -0.387659    
 1953.0000 -0.424122    
 1953.0834  0.611324E-01
 1953.1666  0.545061    
 1953.2500   1.27564    
 1953.3334  0.891085    
 1953.4166  0.350000    
 1953.5000  0.543919E-01
 1953.5834  0.282833    
 1953.6666  0.189600    
 1953.7500 -0.127693    
 1953.8334 -0.170528    
 1953.9166 -0.662439    
 1954.0000  -1.99186    
 1954.0834  -1.08907    
 1954.1666  -1.37787    
 1954.2500  -2.74063    
 1954.3334  -2.48397    
 1954.4166  -2.09828    
 1954.5000  -2.42760    
 1954.5834  -1.73628    
 1954.6666  -1.66316    
 1954.7500  -1.82177    
 1954.8334  -1.47994    
 1954.9166  -1.66812    
 1955.0000 -0.923611    
 1955.0834  -1.30797    
 1955.1666  -1.45169    
 1955.2500  -1.36168    
 1955.3334  -1.99066    
 1955.4166  -1.84450    
 1955.5000  -1.27309    
 1955.5834  -1.29417    
 1955.6666  -1.25490    
 1955.7500  -1.68941    
 1955.8334  -1.78737    
 1955.9166  -1.66869    
 1956.0000  -1.18106    
 1956.0834 -0.977478    
 1956.1666 -0.655619    
 1956.2500  -1.18996    
 1956.3334  -1.23410    
 1956.4166  -1.03523    
 1956.5000 -0.454357    
 1956.5834 -0.336206    
 1956.6666 -0.873760    
 1956.7500  -1.37473    
 1956.8334  -1.14952    
 1956.9166  -1.60737    
 1957.0000  -1.91742    
 1957.0834 -0.276718    
 1957.1666  0.613541    
 1957.2500  0.937012    
 1957.3334   1.88014    
 1957.4166   1.63356    
 1957.5000   1.57161    
 1957.5834   1.03020    
 1957.6666  0.886879    
 1957.7500  0.614296    
 1957.8334  0.586603    
 1957.9166  0.353642    
 1958.0000 -0.936108E-01
 1958.0834  0.293341    
 1958.1666  0.464581    
 1958.2500  0.727072    
 1958.3334  0.378935    
 1958.4166  0.382301    
 1958.5000  0.197311    
 1958.5834 -0.452295    
 1958.6666 -0.113930    
 1958.7500 -0.782337E-01
 1958.8334 -0.311638    
 1958.9166 -0.526308    
 1959.0000 -0.882601    
 1959.0834 -0.415249    
 1959.1666  0.183071    
 1959.2500 -0.214081E-01
 1959.3334 -0.260056    
 1959.4166 -0.529940    
 1959.5000 -0.505798    
 1959.5834 -0.975357    
 1959.6666 -0.589571    
 1959.7500 -0.327133    
 1959.8334  0.101528E-01
 1959.9166 -0.440119    
 1960.0000 -0.317522    
 1960.0834 -0.752258    
 1960.1666 -0.780149    
 1960.2500  -1.09677    
 1960.3334 -0.942844    
 1960.4166  -1.22942    
 1960.5000  -1.30875    
 1960.5834 -0.866457    
 1960.6666 -0.280531    
 1960.7500 -0.659264    
 1960.8334 -0.785847    
 1960.9166 -0.590509    
 1961.0000 -0.131592    
 1961.0834  0.278461    
 1961.1666 -0.679970    
 1961.2500 -0.627317    
 1961.3334 -0.788284    
 1961.4166 -0.946659    
 1961.5000  -1.31557    
 1961.5834  -1.08809    
 1961.6666  -1.12918    
 1961.7500 -0.906914    
 1961.8334 -0.476498    
 1961.9166 -0.660139    
 1962.0000 -0.495762    
 1962.0834 -0.880198    
 1962.1666  -1.91207    
 1962.2500  -1.96626    
 1962.3334  -1.26954    
 1962.4166  -1.17833    
 1962.5000  -1.13326    
 1962.5834 -0.864956    
 1962.6666 -0.734390    
 1962.7500 -0.986935    
 1962.8334 -0.902918    
 1962.9166  -1.17241    
 1963.0000 -0.738461    
 1963.0834 -0.694349    
 1963.1666 -0.728800    
 1963.2500  -1.32276    
 1963.3334 -0.583876    
 1963.4166 -0.686890    
 1963.5000 -0.317978    
 1963.5834  0.728741E-01
 1963.6666  0.178299E-01
 1963.7500 -0.176344    
 1963.8334 -0.519957    
 1963.9166 -0.668139    
 1964.0000 -0.769381    
 1964.0834  -1.24245    
 1964.1666  -1.45397    
 1964.2500  -1.20064    
 1964.3334  -2.26611    
 1964.4166  -1.71098    
 1964.5000  -1.83649    
 1964.5834  -1.52424    
 1964.6666  -1.14544    
 1964.7500  -1.48025    
 1964.8334 -0.928217    
 1964.9166  -1.36075    
 1965.0000 -0.824232    
 1965.0834 -0.331568    
 1965.1666 -0.218689    
 1965.2500  0.797571    
 1965.3334   1.25857    
 1965.4166   1.01411    
 1965.5000  0.932713    
 1965.5834   1.11067    
 1965.6666  0.234949    
 1965.7500  0.143246    
 1965.8334  0.705929E-01
 1965.9166  0.281506E-01
 1966.0000  0.280968    
 1966.0834 -0.375458    
 1966.1666  -1.17130    
 1966.2500  -1.23089    
 1966.3334  -1.39774    
 1966.4166  -1.36055    
 1966.5000  -1.26209    
 1966.5834  -1.01627    
 1966.6666 -0.979021    
 1966.7500 -0.674015    
 1966.8334 -0.846737    
 1966.9166 -0.679798    
 1967.0000 -0.935101    
 1967.0834 -0.585629    
 1967.1666  -1.19266    
 1967.2500 -0.684988    
 1967.3334 -0.571995    
 1967.4166 -0.933640    
 1967.5000 -0.888529    
 1967.5834  -1.00493    
 1967.6666  -1.59284    
 1967.7500  -1.70868    
 1967.8334  -1.77667    
 1967.9166  -1.88066    
 1968.0000  -1.52115    
 1968.0834  -1.26018    
 1968.1666  -1.41464    
 1968.2500  -1.45803    
 1968.3334  -1.61299    
 1968.4166  -1.22242    
 1968.5000 -0.650778    
 1968.5834 -0.205206    
 1968.6666  0.228210    
 1968.7500 -0.369915    
 1968.8334 -0.412458    
 1968.9166 -0.957184E-01
 1969.0000 -0.135521    
 1969.0834 -0.532328    
 1969.1666  0.398191    
 1969.2500  0.815712    
 1969.3334   1.30474    
 1969.4166  0.967621    
 1969.5000  0.355103    
 1969.5834 -0.139585    
 1969.6666 -0.315800E-01
 1969.7500  0.507076    
 1969.8334  0.462803    
 1969.9166  0.393501    
 1970.0000  0.246389    
 1970.0834 -0.328388    
 1970.1666 -0.985140    
 1970.2500 -0.630018    
 1970.3334  -1.33345    
 1970.4166  -1.59879    
 1970.5000  -2.01915    
 1970.5834  -1.80990    
 1970.6666  -1.47514    
 1970.7500  -1.14427    
 1970.8334  -1.24106    
 1970.9166  -1.18686    
 1971.0000  -1.33244    
 1971.0834  -1.46452    
 1971.1666  -1.27730    
 1971.2500 -0.598389    
 1971.3334 -0.944454    
 1971.4166  -1.38453    
 1971.5000 -0.946888    
 1971.5834  -1.28098    
 1971.6666  -1.36613    
 1971.7500  -1.35789    
 1971.8334 -0.879627    
 1971.9166  -1.18972    
 1972.0000 -0.456581    
 1972.0834  0.390472    
 1972.1666  0.380920    
 1972.2500  0.512741    
 1972.3334  0.640165    
 1972.4166   1.51156    
 1972.5000   1.85639    
 1972.5834   2.21024    
 1972.6666   1.14090    
 1972.7500   1.22607    
 1972.8334   1.14774    
 1972.9166   1.39008    
 1973.0000   1.01816    
 1973.0834  0.116671    
 1973.1666 -0.245930    
 1973.2500 -0.554628    
 1973.3334 -0.793335    
 1973.4166  -1.16495    
 1973.5000  -1.10462    
 1973.5834  -1.52522    
 1973.6666  -1.35241    
 1973.7500  -1.33788    
 1973.8334  -1.18807    
 1973.9166  -1.17599    
 1974.0000  -1.15583    
 1974.0834  -1.09478    
 1974.1666 -0.754478    
 1974.2500 -0.409998    
 1974.3334 -0.143425    
 1974.4166 -0.664400    
 1974.5000 -0.557407    
 1974.5834 -0.553877    
 1974.6666 -0.700251    
 1974.7500  -1.17457    
 1974.8334 -0.995737    
 1974.9166  -1.41615    
 1975.0000  -1.16238    
 1975.0834  -1.00903    
 1975.1666 -0.464239    
 1975.2500 -0.265528    
 1975.3334 -0.808716    
 1975.4166  -1.14429    
 1975.5000 -0.896378    
 1975.5834 -0.997267    
 1975.6666  -1.51554    
 1975.7500  -1.88554    
 1975.8334  -2.20933    
 1975.9166  -1.97012    
 1976.0000  -1.18671    
 1976.0834 -0.748968    
 1976.1666 -0.527800    
 1976.2500  0.992928E-01
 1976.3334  0.504145    
 1976.4166   1.04990    
 1976.5000   1.27203    
 1976.5834  0.783875    
 1976.6666  0.692921    
 1976.7500  0.263855    
 1976.8334  0.152403    
 1976.9166  0.240122    
 1977.0000  0.201008    
 1977.0834 -0.405468    
 1977.1666 -0.546129    
 1977.2500 -0.360949    
 1977.3334 -0.602486    
 1977.4166 -0.211760    
 1977.5000 -0.375448    
 1977.5834 -0.813387    
 1977.6666 -0.986950    
 1977.7500 -0.730974    
 1977.8334 -0.563768    
 1977.9166 -0.624319    
 1978.0000 -0.269642    
 1978.0834 -0.412819    
 1978.1666 -0.990158    
 1978.2500 -0.753979    
 1978.3334  -1.07597    
 1978.4166  -1.04043    
 1978.5000 -0.903507    
 1978.5834  -1.12262    
 1978.6666 -0.857910    
 1978.7500  -1.02789    
 1978.8334 -0.160248    
 1978.9166 -0.156389    
 1979.0000  0.254349    
 1979.0834 -0.431828    
 1979.1666 -0.492109    
 1979.2500 -0.468082E-01
 1979.3334  0.473251E-01
 1979.4166  0.134981    
 1979.5000 -0.132017    
 1979.5834 -0.280056E-01
 1979.6666  0.147400    
 1979.7500  0.228947    
 1979.8334 -0.784073E-01
 1979.9166 -0.269449    
 1980.0000 -0.150600    
 1980.0834 -0.339388    
 1980.1666  0.254002E-01
 1980.2500  0.585613E-01
 1980.3334  0.204754E-01
 1980.4166 -0.186100    
 1980.5000 -0.842098    
 1980.5834 -0.444456    
 1980.6666 -0.443680    
 1980.7500 -0.470795    
 1980.8334 -0.399128    
 1980.9166 -0.593128    
 1981.0000  -1.43835    
 1981.0834  -1.02472    
 1981.1666 -0.379349    
 1981.2500 -0.574638    
 1981.3334 -0.546804    
 1981.4166 -0.371439    
 1981.5000 -0.781528    
 1981.5834 -0.862547    
 1981.6666 -0.541111    
 1981.7500 -0.414965    
 1981.8334 -0.349438    
 1981.9166 -0.232679    
 1982.0000 -0.997906E-01
 1982.0834 -0.547768    
 1982.1666 -0.903339    
 1982.2500 -0.584497    
 1982.3334 -0.147816    
 1982.4166  0.265831    
 1982.5000  0.416822    
 1982.5834  0.805763    
 1982.6666   1.29544    
 1982.7500   1.60602    
 1982.8334   2.64240    
 1982.9166   2.81479    
 1983.0000   2.47678    
 1983.0834   1.97776    
 1983.1666   2.42091    
 1983.2500   3.25055    
 1983.3334   3.77551    
 1983.4166   4.06927    
 1983.5000   3.76750    
 1983.5834   2.88593    
 1983.6666   1.49851    
 1983.7500   1.06821    
 1983.8334  0.528202    
 1983.9166  0.178162    
 1984.0000 -0.314590    
 1984.0834 -0.730658    
 1984.1666 -0.503839    
 1984.2500 -0.686378E-01
 1984.3334 -0.689655    
 1984.4166 -0.689379    
 1984.5000 -0.369059    
 1984.5834 -0.383396    
 1984.6666 -0.822792E-01
 1984.7500 -0.406343    
 1984.8334 -0.157667    
 1984.9166 -0.397709    
 1985.0000 -0.761431    
 1985.0834  -1.04851    
 1985.1666 -0.742350    
 1985.2500  -1.26376    
 1985.3334  -1.44404    
 1985.4166 -0.918610    
 1985.5000  -1.12077    
 1985.5834  -1.06381    
 1985.6666 -0.966101    
 1985.7500 -0.884655    
 1985.8334 -0.681858    
 1985.9166 -0.370459    
 1986.0000 -0.105831    
 1986.0834 -0.166008    
 1986.1666 -0.668739    
 1986.2500 -0.765709    
 1986.3334  -1.02106    
 1986.4166 -0.980749    
 1986.5000 -0.524649    
 1986.5834 -0.587463E-01
 1986.6666  0.285339    
 1986.7500  0.133905    
 1986.8334  0.226522    
 1986.9166  0.418531    
 1987.0000  0.936689    
 1987.0834  0.830061    
 1987.1666   1.37786    
 1987.2500   1.23202    
 1987.3334   1.36551    
 1987.4166  0.989910    
 1987.5000   1.09988    
 1987.5834  0.882593    
 1987.6666   1.04358    
 1987.7500   1.42321    
 1987.8334  0.977072    
 1987.9166  0.456032    
 1988.0000  0.128059    
 1988.0834 -0.341299    
 1988.1666 -0.700350    
 1988.2500 -0.590668    
 1988.3334 -0.779795    
 1988.4166  -1.27777    
 1988.5000  -1.31650    
 1988.5834  -1.29164    
 1988.6666  -1.12350    
 1988.7500  -1.15957    
 1988.8334 -0.907978    
 1988.9166 -0.865139    
 1989.0000 -0.427721    
 1989.0834 -0.194818    
 1989.1666 -0.258089    
 1989.2500 -0.289309    
 1989.3334  -1.00791    
 1989.4166 -0.935869    
 1989.5000 -0.684488    
 1989.5834 -0.374916    
 1989.6666 -0.680830    
 1989.7500 -0.450325    
 1989.8334 -0.225088    
 1989.9166 -0.445658    
 1990.0000 -0.450071    
 1990.0834  0.224724E-01
 1990.1666 -0.297449    
 1990.2500 -0.547659    
 1990.3334 -0.397366    
 1990.4166 -0.373138    
 1990.5000 -0.645529    
 1990.5834 -0.404957    
 1990.6666 -0.707241    
 1990.7500 -0.737364    
 1990.8334 -0.527748    
 1990.9166 -0.354069    
 1991.0000 -0.404972    
 1991.0834 -0.205948    
 1991.1666 -0.130440    
 1991.2500 -0.227808    
 1991.3334 -0.241474    
 1991.4166 -0.299587E-01
 1991.5000  0.464243    
 1991.5834  0.342903    
 1991.6666  0.494770    
 1991.7500  0.548346    
 1991.8334  0.564392    
 1991.9166  0.634211    
 1992.0000  0.431870    
 1992.0834  0.684782    
 1992.1666   1.03718    
 1992.2500   1.69737    
 1992.3334   1.85284    
 1992.4166  0.892380    
 1992.5000  0.126812    
 1992.5834 -0.341663E-01
 1992.6666  0.184931    
 1992.7500  0.103956    
 1992.8334 -0.616283E-01
 1992.9166 -0.129028    
 1993.0000 -0.353222E-01
 1993.0834  0.245312    
 1993.1666  0.309361    
 1993.2500  0.921131    
 1993.3334  0.964636    
 1993.4166  0.911091    
 1993.5000  0.637413    
 1993.5834  0.401314    
 1993.6666  0.188999    
 1993.7500  0.406746    
 1993.8334  0.247992    
 1993.9166  0.512218E-01
 1994.0000 -0.803013E-01
 1994.0834 -0.242178    
 1994.1666 -0.731150    
 1994.2500 -0.853937    
 1994.3334 -0.676636    
 1994.4166 -0.618279    
 1994.5000 -0.653498    
 1994.5834 -0.739676    
 1994.6666 -0.253851    
 1994.7500  0.619347    
 1994.8334  0.471172    
 1994.9166  0.680101    
 1995.0000  0.670759    
 1995.0834  0.431309E-01
 1995.1666 -0.369120    
 1995.2500 -0.899529    
 1995.3334 -0.871885    
 1995.4166 -0.614849    
 1995.5000 -0.676937    
 1995.5834 -0.502926    
 1995.6666 -0.374660    
 1995.7500 -0.555433    
 1995.8334 -0.215757    
 1995.9166 -0.804218    
 1996.0000 -0.700752    
 1996.0834 -0.402599    
 1996.1666 -0.246710    
 1996.2500  -1.33770    
 1996.3334  -1.05141    
 1996.4166  -1.45532    
 1996.5000  -1.04243    
 1996.5834 -0.864147    
 1996.6666 -0.565060    
 1996.7500 -0.650774    
 1996.8334  -1.08564    
 1996.9166  -1.18216    
 1997.0000 -0.770662    
 1997.0834 -0.143986E-01
 1997.1666  0.505232    
 1997.2500  0.823202    
 1997.3334   1.92123    
 1997.4166   2.75733    
 1997.5000   3.30017    
 1997.5834   3.57326    
 1997.6666   3.63605    
 1997.7500   3.48763    
 1997.8334   3.89589    
 1997.9166   3.91667    
 1998.0000   3.27903    
 1998.0834   2.64249    
 1998.1666   2.54229    
 1998.2500   2.54384    
 1998.3334   2.69884    
 1998.4166   2.16773    
 1998.5000   1.35896    
 1998.5834  0.992825    
 1998.6666  0.393000    
 1998.7500  0.385777    
 1998.8334 -0.203257    
 1998.9166 -0.690689E-01
 1999.0000 -0.532640    
 1999.0834 -0.469479    
 1999.1666 -0.389540    
 1999.2500  -1.00959    
 1999.3334 -0.635386    
 1999.4166 -0.740709    
 1999.5000 -0.272528    
 1999.5834 -0.248856    
 1999.6666  -1.01949    
 1999.7500 -0.942314    
 1999.8334  -1.32930    
 1999.9166 -0.786459    
 2000.0000 -0.916311    
 2000.0834 -0.698549    
 2000.1666 -0.735659    
 2000.2500 -0.248657    
 2000.3334 -0.266834    
 2000.4166 -0.426908    
 2000.5000 -0.411577    
 2000.5834 -0.801277    
 2000.6666 -0.289221    
 2000.7500 -0.385645    
 2000.8334 -0.996347    
 2000.9166 -0.902079    
 2001.0000 -0.561031    
 2001.0834 -0.451418    
 2001.1666  0.156422    
 2001.2500  0.324312    
 2001.3334 -0.412584    
 2001.4166 -0.402260    
 2001.5000 -0.565798    
 2001.5834 -0.801237    
 2001.6666 -0.879910    
 2001.7500  -1.03732    
 2001.8334 -0.774797    
 2001.9166 -0.964968    
 2002.0000 -0.522312    
 2002.0834  0.174892    
 2002.1666  0.580372    
 2002.2500  0.418802    
 2002.3334  0.663546    
 2002.4166  0.501261    
 2002.5000 -0.120218    
 2002.5834 -0.273197    
 2002.6666  0.242100E-01
 2002.7500  0.389246    
 2002.8334  0.784683    
 2002.9166  0.502621    
 2003.0000 -0.101181    
 2003.0834 -0.167639    
 2003.1666  0.430107E-01
 2003.2500 -0.527437    
 2003.3334  -1.35988    
 2003.4166 -0.976009    
 2003.5000 -0.779247    
 2003.5834 -0.829754E-01
 2003.6666 -0.400810    
 2003.7500  0.836964E-01
 2003.8334  0.460129E-01
 2003.9166 -0.279808E-02
 2004.0000  0.348682E-01
 2004.0834  0.211561    
 2004.1666 -0.684118    
 2004.2500 -0.211767    
 2004.3334 -0.761625    
 2004.4166 -0.597029    
 2004.5000 -0.933819    
 2004.5834 -0.555876    
 2004.6666 -0.161221    
 2004.7500  0.139437    
 2004.8334  0.586472    
 2004.9166  0.375332    
 2005.0000  0.138189    
 2005.0834 -0.684818    
 2005.1666 -0.839779    
 2005.2500 -0.241379    
 2005.3334 -0.190756    
 2005.4166 -0.586880    
 2005.5000 -0.373959    
 2005.5834 -0.471416    
 2005.6666 -0.755409    
 2005.7500  -1.09897    
 2005.8334  -1.03137    
 2005.9166 -0.756668    
 2006.0000 -0.175772    
 2006.0834  0.216982    
 2006.1666 -0.144869    
 2006.2500 -0.992739    
 2006.3334 -0.300865    
 2006.4166 -0.179520    
 2006.5000 -0.749779E-02
 2006.5834  0.651604    
 2006.6666  0.842131    
 2006.7500  0.891056    
 2006.8334  0.621353    
 2006.9166  0.601442    
 2007.0000  0.616638    
 2007.0834  0.198332    
 2007.1666 -0.254068    
 2007.2500 -0.773619    
 2007.3334  -1.18789    
 2007.4166  -1.27917    
 2007.5000 -0.807537    
 2007.5834 -0.851397    
 2007.6666 -0.744070    
 2007.7500  -1.46993    
 2007.8334  -1.65094    
 2007.9166  -1.44700    
 2008.0000 -0.381351    
 2008.0834  0.286072    
 2008.1666  0.322721    
 2008.2500  0.243416E-01
 2008.3334 -0.122452E-02
 2008.4166  0.823708E-01
 2008.5000  0.779032    
 2008.5834  0.770224    
 2008.6666  0.586130    
 2008.7500  0.776958E-01
 2008.8334 -0.175228    
 2008.9166 -0.171978    
 2009.0000 -0.479126E-02
 2009.0834 -0.331348    
 2009.1666 -0.461649    
 2009.2500  0.396042    
 2009.3334  0.427105    
 2009.4166  0.770300    
 2009.5000  0.938162    
 2009.5834  0.633675    
 2009.6666  0.314360    
 2009.7500  0.544968E-01
 2009.8334  0.792217E-01
 2009.9166  0.818920E-01
 2010.0000  0.722981E-01
 2010.0834  0.188272    
 2010.1666  0.145222    
 2010.2500  0.377401    
 2010.3334  0.323774    
 2010.4166  0.463104E-01
 2010.5000 -0.801477    
 2010.5834  -1.27297    
 2010.6666  -1.24269    
 2010.7500  -1.22510    
 2010.8334  -1.29746    
 2010.9166 -0.828878    
 2011.0000 -0.550213E-01
 2011.0834  0.104542    
 2011.1666 -0.641748    
 2011.2500 -0.228458    
 2011.3334  0.522347E-01
 2011.4166  0.342421    
 2011.5000  0.309715E-01
 2011.5834 -0.415846    
 2011.6666 -0.757801    
 2011.7500 -0.743155    
 2011.8334 -0.787067    
 2011.9166  -1.03977    
 2012.0000 -0.533991    
 2012.0834  0.177441    
 2012.1666  0.107941    
 2012.2500  0.550312    
 2012.3334  0.990246    
 2012.4166   1.26831    
 2012.5000  0.492311    
 2012.5834  0.451153    
 2012.6666  0.476070    
 2012.7500 -0.165085    
 2012.8334 -0.497278    
 2012.9166 -0.633959    
 2013.0000 -0.293901    
 2013.0834 -0.254179    
 2013.1666 -0.525509    
 2013.2500  -1.05561    
 2013.3334  -1.04214    
 2013.4166  -1.51783    
 2013.5000  -1.40448    
 2013.5834 -0.812737    
 2013.6666 -0.595581    
 2013.7500 -0.593235    
 2013.8334 -0.293148    
 2013.9166 -0.280909    
 2014.0000  0.113487E-01
 2014.0834 -0.430319    
 2014.1666 -0.293949    
 2014.2500 -0.106028    
 2014.3334  0.682735    
 2014.4166   1.16722    
 2014.5000   1.07800    
 2014.5834  0.919254    
 2014.6666  0.616051    
 2014.7500  0.506367    
 2014.8334  0.591213    
 2014.9166  0.354902    
 2015.0000 -0.371513E-01
 2015.0834 -0.338438    
 2015.1666  0.123310    
 2015.2500  0.613543    
 2015.3334   1.20185    
 2015.4166   1.96672    
 2015.5000   2.24404    
 2015.5834   1.71556    
 2015.6666   2.08518    
 2015.7500   1.90082    
 2015.8334   2.01681    
 2015.9166   1.77351    
 2016.0000   1.48674    
 2016.0834   1.11564    
 2016.1666  0.904310    

