# cutting out region defined by mask ersstv4_nino3_mask.nc
# sst [degree_C] from NOAA Extended Reconstructed Sea Surface Temperature (ERSSTA), Version 4 (in situ only)
# SSTA normalized to 1981-2010
# plotdat anomal 1981 2010 ersst_nino3.dat
# cutting out region defined by mask ersstv4_nino3_mask.nc
# sst [degree_C] from NOAA Extended Reconstructed Sea Surface Temperature (ERSST), Version 4 (in situ only)
 1854.0000 -0.247301    
 1854.0834 -0.329405    
 1854.1666 -0.756420    
 1854.2500 -0.851450    
 1854.3334 -0.842974    
 1854.4166 -0.201176    
 1854.5000 -0.335508    
 1854.5834  -1.11484    
 1854.6666 -0.715132    
 1854.7500 -0.831875    
 1854.8334  -1.10174    
 1854.9166  -1.25209    
 1855.0000 -0.793352    
 1855.0834  0.673561E-01
 1855.1666 -0.243481    
 1855.2500 -0.271839    
 1855.3334 -0.164293    
 1855.4166 -0.481087    
 1855.5000  0.923920E-01
 1855.5834  0.236149E-01
 1855.6666  0.334038    
 1855.7500  0.574453    
 1855.8334  0.424814    
 1855.9166  0.416424    
 1856.0000  0.398899    
 1856.0834 -0.518150E-01
 1856.1666  0.225149    
 1856.2500 -0.506979    
 1856.3334 -0.955683    
 1856.4166  -1.20442    
 1856.5000  -1.48785    
 1856.5834  -1.76167    
 1856.6666  -1.87863    
 1856.7500  -1.78897    
 1856.8334  -1.79596    
 1856.9166  -1.63314    
 1857.0000  -1.92379    
 1857.0834  -1.48709    
 1857.1666  -1.48198    
 1857.2500  -1.53675    
 1857.3334 -0.918203    
 1857.4166 -0.276236    
 1857.5000  0.920124E-01
 1857.5834  0.180315    
 1857.6666 -0.213242E-02
 1857.7500  0.581551E-01
 1857.8334 -0.165863E-01
 1857.9166  0.410271E-02
 1858.0000  0.692482E-01
 1858.0834 -0.359076    
 1858.1666 -0.397902    
 1858.2500 -0.424799    
 1858.3334 -0.237934    
 1858.4166 -0.313196    
 1858.5000 -0.207779    
 1858.5834 -0.220375    
 1858.6666  0.589275E-01
 1858.7500 -0.411453E-01
 1858.8334 -0.203054    
 1858.9166 -0.525957    
 1859.0000 -0.689661    
 1859.0834 -0.723175    
 1859.1666  -1.11143    
 1859.2500  -1.56151    
 1859.3334  -1.15590    
 1859.4166 -0.570076    
 1859.5000 -0.270498    
 1859.5834 -0.735584    
 1859.6666 -0.782673    
 1859.7500 -0.708555    
 1859.8334  -1.05267    
 1859.9166 -0.816406    
 1860.0000  -1.02900    
 1860.0834 -0.944645    
 1860.1666  -1.23903    
 1860.2500  -1.37933    
 1860.3334  -1.42814    
 1860.4166  -1.71561    
 1860.5000  -1.42499    
 1860.5834  -1.31586    
 1860.6666  -1.17716    
 1860.7500  -1.02631    
 1860.8334 -0.916306    
 1860.9166 -0.874987    
 1861.0000 -0.819372    
 1861.0834 -0.928005    
 1861.1666 -0.885481    
 1861.2500 -0.907959    
 1861.3334 -0.863163    
 1861.4166 -0.828476    
 1861.5000 -0.776897    
 1861.5834 -0.659554    
 1861.6666 -0.656572    
 1861.7500 -0.733566    
 1861.8334 -0.600574    
 1861.9166 -0.600348    
 1862.0000 -0.646973    
 1862.0834 -0.640715    
 1862.1666 -0.616941    
 1862.2500 -0.637920    
 1862.3334 -0.635094    
 1862.4166 -0.599136    
 1862.5000 -0.569798    
 1862.5834 -0.527834    
 1862.6666 -0.272552    
 1862.7500 -0.318316    
 1862.8334 -0.367546    
 1862.9166 -0.203157    
 1863.0000 -0.629242    
 1863.0834 -0.652266    
 1863.1666 -0.562271    
 1863.2500 -0.500879    
 1863.3334 -0.617504    
 1863.4166 -0.823847    
 1863.5000 -0.714628    
 1863.5834 -0.600815    
 1863.6666 -0.559032    
 1863.7500 -0.546806    
 1863.8334 -0.558435    
 1863.9166 -0.369526    
 1864.0000 -0.553541    
 1864.0834 -0.550234    
 1864.1666 -0.608921    
 1864.2500 -0.678720    
 1864.3334 -0.622694    
 1864.4166 -0.682577    
 1864.5000 -0.504099    
 1864.5834 -0.249704    
 1864.6666  0.312176E-01
 1864.7500  0.822544    
 1864.8334  0.583105    
 1864.9166  0.617384    
 1865.0000  0.347097    
 1865.0834  0.124165    
 1865.1666  0.122429    
 1865.2500  0.550404E-01
 1865.3334  0.919571E-01
 1865.4166 -0.758171E-01
 1865.5000 -0.142174E-01
 1865.5834 -0.365993    
 1865.6666 -0.236193    
 1865.7500 -0.253096    
 1865.8334 -0.252016    
 1865.9166 -0.237177    
 1866.0000 -0.560242    
 1866.0834 -0.561764    
 1866.1666 -0.525742    
 1866.2500 -0.555250    
 1866.3334 -0.513643    
 1866.4166 -0.450197    
 1866.5000 -0.499308    
 1866.5834 -0.515965    
 1866.6666 -0.511822    
 1866.7500 -0.548546    
 1866.8334 -0.551065    
 1866.9166 -0.581408    
 1867.0000 -0.614071    
 1867.0834 -0.629204    
 1867.1666 -0.578201    
 1867.2500 -0.597849    
 1867.3334 -0.567513    
 1867.4166 -0.544176    
 1867.5000 -0.531538    
 1867.5834 -0.603104    
 1867.6666 -0.604172    
 1867.7500 -0.635715    
 1867.8334 -0.673244    
 1867.9166 -0.658457    
 1868.0000 -0.691381    
 1868.0834 -0.632915    
 1868.1666 -0.700661    
 1868.2500 -0.714420    
 1868.3334 -0.618553    
 1868.4166 -0.458887    
 1868.5000 -0.197878    
 1868.5834  0.359137    
 1868.6666   1.59901    
 1868.7500   1.14161    
 1868.8334   1.41403    
 1868.9166   1.52504    
 1869.0000  0.901438    
 1869.0834  0.618155    
 1869.1666  0.483219    
 1869.2500  0.349590    
 1869.3334  0.342674E-01
 1869.4166 -0.356617    
 1869.5000 -0.620708    
 1869.5834  -2.09958    
 1869.6666  -2.06067    
 1869.7500  -2.04386    
 1869.8334  -1.46992    
 1869.9166  -2.03446    
 1870.0000 -0.986351    
 1870.0834 -0.970894    
 1870.1666 -0.736080    
 1870.2500 -0.791359    
 1870.3334  -1.23880    
 1870.4166  -1.50222    
 1870.5000  -1.64435    
 1870.5834  -1.50897    
 1870.6666  -1.31530    
 1870.7500  -1.51338    
 1870.8334  -1.42759    
 1870.9166  -1.47364    
 1871.0000 -0.846062    
 1871.0834 -0.214334    
 1871.1666  0.133249    
 1871.2500  0.499020    
 1871.3334 -0.184937E-01
 1871.4166 -0.392727    
 1871.5000 -0.350788    
 1871.5834 -0.273405    
 1871.6666 -0.303942    
 1871.7500 -0.465937    
 1871.8334 -0.535635    
 1871.9166  -1.03445    
 1872.0000  -1.12153    
 1872.0834  -1.21944    
 1872.1666 -0.989491    
 1872.2500  -1.11970    
 1872.3334  -1.08478    
 1872.4166 -0.965576    
 1872.5000 -0.412619    
 1872.5834 -0.957394    
 1872.6666 -0.865133    
 1872.7500  -1.29310    
 1872.8334  -1.31874    
 1872.9166  -1.50905    
 1873.0000  -1.29623    
 1873.0834  -1.54387    
 1873.1666  -2.40840    
 1873.2500  -1.98558    
 1873.3334  -1.33028    
 1873.4166 -0.523066    
 1873.5000 -0.408438    
 1873.5834 -0.370874    
 1873.6666 -0.882292    
 1873.7500  -1.26412    
 1873.8334  -1.30544    
 1873.9166  -1.33015    
 1874.0000  -1.51398    
 1874.0834  -1.60926    
 1874.1666  -1.53148    
 1874.2500  -1.66684    
 1874.3334  -1.58566    
 1874.4166  -1.38474    
 1874.5000  -1.33040    
 1874.5834  -1.15407    
 1874.6666  -1.05133    
 1874.7500  -1.35614    
 1874.8334  -1.79291    
 1874.9166  -1.45550    
 1875.0000  -1.11382    
 1875.0834 -0.962854    
 1875.1666 -0.870461    
 1875.2500 -0.934650    
 1875.3334  -1.05448    
 1875.4166 -0.925196    
 1875.5000 -0.747318    
 1875.5834 -0.930843    
 1875.6666 -0.626333    
 1875.7500  -1.11197    
 1875.8334  -1.27645    
 1875.9166  -1.25381    
 1876.0000  -1.57219    
 1876.0834  -1.85378    
 1876.1666  -1.83785    
 1876.2500  -2.07129    
 1876.3334  -1.66692    
 1876.4166 -0.392796    
 1876.5000 -0.383148    
 1876.5834 -0.486244    
 1876.6666 -0.393263    
 1876.7500  0.210264    
 1876.8334  0.250744    
 1876.9166  0.369883    
 1877.0000  0.240309    
 1877.0834  0.383846    
 1877.1666  0.559889    
 1877.2500 -0.496597E-01
 1877.3334  0.145046    
 1877.4166  0.601635E-01
 1877.5000  0.601202    
 1877.5834   1.97482    
 1877.6666   2.28065    
 1877.7500   2.27893    
 1877.8334   2.50136    
 1877.9166   2.82829    
 1878.0000   2.76077    
 1878.0834   2.71909    
 1878.1666   1.22365    
 1878.2500   1.08872    
 1878.3334   1.06031    
 1878.4166  0.544033E-01
 1878.5000 -0.388288    
 1878.5834 -0.241264    
 1878.6666 -0.431143    
 1878.7500 -0.514965    
 1878.8334 -0.631445    
 1878.9166 -0.674326    
 1879.0000 -0.609451    
 1879.0834 -0.303455    
 1879.1666 -0.389700    
 1879.2500 -0.537939    
 1879.3334 -0.659184    
 1879.4166 -0.904896    
 1879.5000  -1.13679    
 1879.5834  -1.20978    
 1879.6666  -1.07712    
 1879.7500  -1.31485    
 1879.8334  -1.68186    
 1879.9166  -1.54370    
 1880.0000  -1.65144    
 1880.0834 -0.914614    
 1880.1666 -0.561750    
 1880.2500 -0.529049    
 1880.3334 -0.538223    
 1880.4166 -0.566666    
 1880.5000 -0.329268    
 1880.5834 -0.160244    
 1880.6666  0.190577    
 1880.7500  0.229753    
 1880.8334  0.219055    
 1880.9166 -0.890465E-01
 1881.0000  0.329380E-01
 1881.0834  0.357647E-01
 1881.1666 -0.111071    
 1881.2500 -0.184910    
 1881.3334 -0.260763    
 1881.4166 -0.252346    
 1881.5000 -0.291258    
 1881.5834 -0.455004    
 1881.6666 -0.454943    
 1881.7500 -0.751186    
 1881.8334 -0.604485    
 1881.9166 -0.661766    
 1882.0000 -0.519873    
 1882.0834 -0.590984    
 1882.1666 -0.647621    
 1882.2500 -0.384720    
 1882.3334 -0.517883    
 1882.4166  -1.17581    
 1882.5000  -1.28153    
 1882.5834  -1.04451    
 1882.6666 -0.843193    
 1882.7500 -0.860975    
 1882.8334 -0.979626    
 1882.9166  -1.04395    
 1883.0000 -0.967962    
 1883.0834 -0.643885    
 1883.1666 -0.471840    
 1883.2500 -0.516989    
 1883.3334 -0.347454    
 1883.4166 -0.154497    
 1883.5000 -0.296528    
 1883.5834 -0.487494    
 1883.6666 -0.566822    
 1883.7500 -0.406656    
 1883.8334 -0.160336    
 1883.9166 -0.518457    
 1884.0000 -0.743492    
 1884.0834 -0.649965    
 1884.1666 -0.681921    
 1884.2500 -0.327169    
 1884.3334  0.106007    
 1884.4166  0.649738E-01
 1884.5000 -0.310459    
 1884.5834 -0.208735    
 1884.6666  0.307617    
 1884.7500  0.244884    
 1884.8334  0.510025    
 1884.9166  0.485172    
 1885.0000  0.257309    
 1885.0834 -0.189816    
 1885.1666 -0.400560    
 1885.2500 -0.603270    
 1885.3334 -0.394293    
 1885.4166 -0.346487    
 1885.5000 -0.733538    
 1885.5834 -0.429165    
 1885.6666  0.207808    
 1885.7500  0.505585    
 1885.8334  0.561474    
 1885.9166  0.375683    
 1886.0000  0.737762E-02
 1886.0834 -0.704985    
 1886.1666  -1.14118    
 1886.2500 -0.991619    
 1886.3334  -1.21313    
 1886.4166  -1.61461    
 1886.5000  -1.47565    
 1886.5834  -1.51155    
 1886.6666  -1.20695    
 1886.7500  -1.26667    
 1886.8334  -1.34987    
 1886.9166  -1.51109    
 1887.0000  -1.53558    
 1887.0834  -1.53571    
 1887.1666 -0.976740    
 1887.2500 -0.509020    
 1887.3334 -0.676662    
 1887.4166 -0.569927    
 1887.5000 -0.506319    
 1887.5834 -0.265123    
 1887.6666 -0.119864    
 1887.7500 -0.308685    
 1887.8334 -0.314665    
 1887.9166 -0.624371E-01
 1888.0000  0.255238    
 1888.0834  0.198536    
 1888.1666  0.149960    
 1888.2500  0.949402E-01
 1888.3334  0.362757    
 1888.4166  0.478193    
 1888.5000  0.466862    
 1888.5834  0.611586    
 1888.6666   1.00138    
 1888.7500   1.31344    
 1888.8334   1.59205    
 1888.9166   1.87760    
 1889.0000   2.00382    
 1889.0834   1.57043    
 1889.1666  0.837139    
 1889.2500  0.427570    
 1889.3334 -0.981426E-01
 1889.4166 -0.595917    
 1889.5000  -1.27110    
 1889.5834  -1.45794    
 1889.6666  -1.84445    
 1889.7500  -2.25696    
 1889.8334  -1.75900    
 1889.9166  -1.37309    
 1890.0000  -1.61458    
 1890.0834  -2.12436    
 1890.1666  -1.57965    
 1890.2500  -1.37706    
 1890.3334  -1.01868    
 1890.4166 -0.886286    
 1890.5000  -1.08483    
 1890.5834  -1.10921    
 1890.6666  -1.26219    
 1890.7500  -1.41619    
 1890.8334  -1.53389    
 1890.9166 -0.684418    
 1891.0000 -0.320461    
 1891.0834 -0.346045    
 1891.1666 -0.174662    
 1891.2500  0.296301    
 1891.3334  0.276186    
 1891.4166  0.248055    
 1891.5000  0.124842    
 1891.5834 -0.321283    
 1891.6666 -0.482683    
 1891.7500 -0.328846    
 1891.8334 -0.174116    
 1891.9166 -0.334936    
 1892.0000 -0.340431    
 1892.0834 -0.399755    
 1892.1666 -0.652971    
 1892.2500 -0.675489    
 1892.3334 -0.895063    
 1892.4166  -1.56307    
 1892.5000  -1.60747    
 1892.5834  -1.78012    
 1892.6666  -1.96499    
 1892.7500  -2.10114    
 1892.8334  -1.91553    
 1892.9166  -2.07583    
 1893.0000  -1.76033    
 1893.0834  -1.70732    
 1893.1666  -1.68493    
 1893.2500  -1.81958    
 1893.3334  -1.55064    
 1893.4166  -1.49592    
 1893.5000  -1.20113    
 1893.5834  -1.28945    
 1893.6666  -1.22986    
 1893.7500  -1.39954    
 1893.8334  -1.31411    
 1893.9166  -1.35360    
 1894.0000  -1.32555    
 1894.0834  -1.42344    
 1894.1666  -1.19223    
 1894.2500  -1.13151    
 1894.3334 -0.708443    
 1894.4166 -0.620476    
 1894.5000 -0.973078    
 1894.5834  -1.03306    
 1894.6666  -1.03156    
 1894.7500  -1.12129    
 1894.8334  -1.11903    
 1894.9166  -1.18425    
 1895.0000  -1.00909    
 1895.0834 -0.728374    
 1895.1666 -0.856852    
 1895.2500 -0.602551    
 1895.3334 -0.268444    
 1895.4166 -0.441946    
 1895.5000 -0.128628    
 1895.5834 -0.458946E-01
 1895.6666  0.767365E-01
 1895.7500  0.468044E-01
 1895.8334  0.190384    
 1895.9166  0.231342    
 1896.0000  0.755482E-01
 1896.0834 -0.182745    
 1896.1666 -0.145271    
 1896.2500 -0.878201E-01
 1896.3334 -0.270063    
 1896.4166 -0.136871E-01
 1896.5000  0.626251    
 1896.5834  0.901196    
 1896.6666  0.849848    
 1896.7500   1.00231    
 1896.8334   1.39491    
 1896.9166   1.57697    
 1897.0000   1.39410    
 1897.0834   1.02920    
 1897.1666  0.462809    
 1897.2500 -0.325640    
 1897.3334 -0.396103    
 1897.4166 -0.313456    
 1897.5000 -0.349518    
 1897.5834 -0.470514    
 1897.6666 -0.438902    
 1897.7500 -0.658165    
 1897.8334 -0.862816    
 1897.9166 -0.852617    
 1898.0000 -0.553421    
 1898.0834 -0.682514    
 1898.1666  -1.03913    
 1898.2500 -0.923910    
 1898.3334 -0.701704    
 1898.4166 -0.811777    
 1898.5000 -0.944998    
 1898.5834  -1.13350    
 1898.6666  -1.07331    
 1898.7500  -1.06209    
 1898.8334  -1.18042    
 1898.9166  -1.12961    
 1899.0000 -0.892302    
 1899.0834 -0.764704    
 1899.1666 -0.809931    
 1899.2500 -0.221500E-01
 1899.3334 -0.276432E-01
 1899.4166  0.641937E-01
 1899.5000  0.193491    
 1899.5834  0.598116    
 1899.6666  0.911057    
 1899.7500   1.03580    
 1899.8334   1.39141    
 1899.9166   1.30876    
 1900.0000   1.13946    
 1900.0834  0.835476    
 1900.1666  0.765129    
 1900.2500  0.502390    
 1900.3334  0.540127    
 1900.4166  0.307293    
 1900.5000  0.439171    
 1900.5834 -0.636940E-01
 1900.6666 -0.290743    
 1900.7500 -0.210876    
 1900.8334 -0.318235    
 1900.9166 -0.227787    
 1901.0000 -0.223803    
 1901.0834 -0.286875    
 1901.1666 -0.448410    
 1901.2500 -0.494499    
 1901.3334 -0.610394    
 1901.4166 -0.748177    
 1901.5000 -0.761669    
 1901.5834 -0.742495    
 1901.6666 -0.624582    
 1901.7500 -0.579906    
 1901.8334 -0.177216    
 1901.9166 -0.234436    
 1902.0000 -0.156151    
 1902.0834 -0.195974    
 1902.1666 -0.146231    
 1902.2500  0.247471    
 1902.3334  0.498516    
 1902.4166  0.743603    
 1902.5000   1.04956    
 1902.5834   1.19294    
 1902.6666   1.12162    
 1902.7500   1.16059    
 1902.8334   1.32706    
 1902.9166   1.16794    
 1903.0000  0.958668    
 1903.0834  0.471695    
 1903.1666 -0.241230    
 1903.2500 -0.689100    
 1903.3334 -0.972773    
 1903.4166  -1.10773    
 1903.5000  -1.21973    
 1903.5834  -1.65221    
 1903.6666  -1.46070    
 1903.7500  -1.48935    
 1903.8334  -1.52933    
 1903.9166  -1.47040    
 1904.0000  -1.27560    
 1904.0834 -0.732014    
 1904.1666 -0.820320    
 1904.2500 -0.732609    
 1904.3334 -0.463114    
 1904.4166 -0.117277    
 1904.5000  0.185911    
 1904.5834  0.299107    
 1904.6666  0.115488    
 1904.7500  0.172455    
 1904.8334  0.421885    
 1904.9166  0.510683    
 1905.0000  0.430908    
 1905.0834  0.278755    
 1905.1666  0.322489    
 1905.2500  0.891460    
 1905.3334  0.972227    
 1905.4166  0.910484    
 1905.5000  0.887531    
 1905.5834  0.951555    
 1905.6666   1.06729    
 1905.7500  0.565615    
 1905.8334  0.486876    
 1905.9166  0.551594    
 1906.0000  0.474468    
 1906.0834  0.112936    
 1906.1666 -0.122351    
 1906.2500 -0.520960    
 1906.3334  -1.00673    
 1906.4166  -1.35028    
 1906.5000  -1.37419    
 1906.5834  -1.43648    
 1906.6666  -1.41213    
 1906.7500  -1.23079    
 1906.8334  -1.26408    
 1906.9166  -1.19250    
 1907.0000  -1.09050    
 1907.0834  -1.25625    
 1907.1666  -1.11509    
 1907.2500 -0.948000    
 1907.3334 -0.575773    
 1907.4166 -0.632215    
 1907.5000 -0.468868    
 1907.5834 -0.362274    
 1907.6666 -0.553242    
 1907.7500 -0.635906    
 1907.8334 -0.568325    
 1907.9166 -0.695208    
 1908.0000 -0.752663    
 1908.0834 -0.757204    
 1908.1666 -0.895231    
 1908.2500  -1.02265    
 1908.3334  -1.14839    
 1908.4166  -1.13020    
 1908.5000 -0.983139    
 1908.5834 -0.964594    
 1908.6666  -1.26398    
 1908.7500  -1.41518    
 1908.8334  -1.37224    
 1908.9166  -1.55815    
 1909.0000  -1.73662    
 1909.0834  -1.54985    
 1909.1666  -1.20562    
 1909.2500  -1.30992    
 1909.3334  -1.24277    
 1909.4166  -1.11590    
 1909.5000  -1.06117    
 1909.5834  -1.15932    
 1909.6666  -1.86131    
 1909.7500  -1.92698    
 1909.8334  -1.93468    
 1909.9166  -1.97049    
 1910.0000  -1.78953    
 1910.0834  -1.63893    
 1910.1666  -2.03420    
 1910.2500  -1.94996    
 1910.3334  -1.32474    
 1910.4166  -1.17331    
 1910.5000  -1.17689    
 1910.5834  -1.30483    
 1910.6666  -1.38567    
 1910.7500  -1.19740    
 1910.8334  -1.20225    
 1910.9166  -1.32785    
 1911.0000  -1.23844    
 1911.0834  -1.45530    
 1911.1666  -1.47667    
 1911.2500  -1.36506    
 1911.3334 -0.942713    
 1911.4166 -0.136866    
 1911.5000  0.124512    
 1911.5834  0.123196    
 1911.6666  0.386810E-02
 1911.7500  0.803595    
 1911.8334  0.986855    
 1911.9166   1.24456    
 1912.0000   1.14710    
 1912.0834  0.928755    
 1912.1666  0.533369    
 1912.2500  0.323471    
 1912.3334 -0.920734E-01
 1912.4166 -0.451946    
 1912.5000 -0.492178    
 1912.5834 -0.510824    
 1912.6666 -0.755753    
 1912.7500 -0.787577    
 1912.8334 -0.879555    
 1912.9166 -0.867506    
 1913.0000 -0.646202    
 1913.0834 -0.484035    
 1913.1666 -0.784922    
 1913.2500 -0.573339    
 1913.3334 -0.432623    
 1913.4166 -0.242306    
 1913.5000 -0.111818    
 1913.5834  0.430565E-01
 1913.6666 -0.204220E-01
 1913.7500 -0.191046    
 1913.8334  0.180365    
 1913.9166  0.743723    
 1914.0000  0.812088    
 1914.0834  0.369345    
 1914.1666  0.113859    
 1914.2500 -0.693703E-01
 1914.3334  0.116568    
 1914.4166  0.926132E-01
 1914.5000  0.336641    
 1914.5834  0.453196    
 1914.6666  0.863688    
 1914.7500  0.704374    
 1914.8334  0.775215    
 1914.9166  0.740923    
 1915.0000  0.738678    
 1915.0834  0.372545    
 1915.1666 -0.264561    
 1915.2500 -0.624390E-01
 1915.3334  0.225126    
 1915.4166  0.444923    
 1915.5000  0.136473    
 1915.5834 -0.307964    
 1915.6666 -0.494802    
 1915.7500 -0.897676    
 1915.8334  -1.38490    
 1915.9166  -1.53174    
 1916.0000 -0.964252    
 1916.0834  -1.16817    
 1916.1666  -1.06462    
 1916.2500  -1.25654    
 1916.3334 -0.897633    
 1916.4166  -1.65056    
 1916.5000  -1.76468    
 1916.5834  -1.73984    
 1916.6666  -1.47281    
 1916.7500  -1.84096    
 1916.8334  -2.22535    
 1916.9166  -2.06140    
 1917.0000  -2.22527    
 1917.0834  -2.12761    
 1917.1666  -1.98376    
 1917.2500 -0.984009    
 1917.3334 -0.427874    
 1917.4166 -0.858826    
 1917.5000 -0.860558    
 1917.5834  -1.74368    
 1917.6666  -1.72243    
 1917.7500  -2.23221    
 1917.8334  -1.99018    
 1917.9166  -1.53928    
 1918.0000  -1.40444    
 1918.0834  -1.09117    
 1918.1666  -1.32586    
 1918.2500 -0.978350    
 1918.3334  0.855560E-01
 1918.4166  0.425434    
 1918.5000  0.699921E-01
 1918.5834  0.198727    
 1918.6666  0.358307    
 1918.7500   1.20152    
 1918.8334   1.77695    
 1918.9166   1.15460    
 1919.0000  0.930008    
 1919.0834  0.653675    
 1919.1666  0.688553E-03
 1919.2500  -1.15631    
 1919.3334 -0.597664    
 1919.4166  -1.04044    
 1919.5000 -0.981258    
 1919.5834 -0.941355    
 1919.6666 -0.114653    
 1919.7500 -0.662613E-02
 1919.8334 -0.214815    
 1919.9166  0.248493    
 1920.0000 -0.331432    
 1920.0834 -0.867538E-01
 1920.1666 -0.214722    
 1920.2500 -0.297230    
 1920.3334 -0.253933    
 1920.4166 -0.645561E-01
 1920.5000 -0.450317    
 1920.5834 -0.254145    
 1920.6666 -0.287882    
 1920.7500  -1.32462    
 1920.8334 -0.811186    
 1920.9166 -0.806887    
 1921.0000 -0.835133    
 1921.0834  -1.62535    
 1921.1666  -2.63876    
 1921.2500  -2.20548    
 1921.3334  -1.14892    
 1921.4166 -0.847055    
 1921.5000 -0.508789    
 1921.5834 -0.143583    
 1921.6666 -0.168482    
 1921.7500  0.570095    
 1921.8334   1.14944    
 1921.9166  0.246063    
 1922.0000 -0.352020E-01
 1922.0834  -1.30490    
 1922.1666 -0.805010    
 1922.2500 -0.844549    
 1922.3334  -1.10907    
 1922.4166  -1.40865    
 1922.5000  -1.67638    
 1922.5834  -1.81508    
 1922.6666  -1.86228    
 1922.7500  -1.28715    
 1922.8334  -1.00603    
 1922.9166  -1.28277    
 1923.0000  -1.16789    
 1923.0834  -1.19839    
 1923.1666 -0.343040    
 1923.2500 -0.251400    
 1923.3334 -0.211594    
 1923.4166 -0.946159E-01
 1923.5000  0.508118E-02
 1923.5834  0.113985    
 1923.6666  0.977573E-01
 1923.7500  0.479240E-01
 1923.8334 -0.526962E-01
 1923.9166 -0.221897    
 1924.0000 -0.106031    
 1924.0834 -0.377384    
 1924.1666 -0.418461    
 1924.2500 -0.585659    
 1924.3334 -0.737062    
 1924.4166  -1.40462    
 1924.5000  -1.55154    
 1924.5834  -1.75570    
 1924.6666  -1.73948    
 1924.7500  -1.60737    
 1924.8334  -1.57522    
 1924.9166  -1.79690    
 1925.0000  -1.58999    
 1925.0834  -1.63095    
 1925.1666 -0.763910    
 1925.2500 -0.597359    
 1925.3334 -0.617033    
 1925.4166 -0.364727    
 1925.5000  0.165991    
 1925.5834  0.262085    
 1925.6666  0.790367E-01
 1925.7500  0.359844    
 1925.8334  0.628565    
 1925.9166  0.789972    
 1926.0000  0.856779    
 1926.0834  0.422955    
 1926.1666  0.425259    
 1926.2500  0.462660    
 1926.3334  0.142897    
 1926.4166 -0.319376    
 1926.5000 -0.399017    
 1926.5834 -0.652494    
 1926.6666 -0.907793    
 1926.7500  -1.33425    
 1926.8334  -1.16480    
 1926.9166 -0.792477    
 1927.0000 -0.531033    
 1927.0834 -0.286194    
 1927.1666 -0.461290    
 1927.2500 -0.797091    
 1927.3334 -0.775454    
 1927.4166 -0.560606    
 1927.5000 -0.665079    
 1927.5834 -0.610945    
 1927.6666 -0.165703    
 1927.7500  0.334835E-01
 1927.8334 -0.276995    
 1927.9166 -0.605936    
 1928.0000 -0.399601    
 1928.0834 -0.519314    
 1928.1666 -0.399830    
 1928.2500 -0.430769    
 1928.3334 -0.340094    
 1928.4166 -0.772457    
 1928.5000 -0.561218    
 1928.5834 -0.617174    
 1928.6666 -0.721663    
 1928.7500 -0.839466    
 1928.8334 -0.726845    
 1928.9166 -0.796816    
 1929.0000  -1.12729    
 1929.0834  -1.04590    
 1929.1666 -0.639151    
 1929.2500 -0.556360    
 1929.3334 -0.514482    
 1929.4166 -0.436447    
 1929.5000 -0.290369    
 1929.5834 -0.192274    
 1929.6666 -0.224802    
 1929.7500 -0.271225    
 1929.8334 -0.203646    
 1929.9166 -0.347338    
 1930.0000 -0.357092    
 1930.0834 -0.384394    
 1930.1666 -0.279810    
 1930.2500 -0.272930    
 1930.3334 -0.668926E-01
 1930.4166  0.293644    
 1930.5000  0.479101    
 1930.5834  0.611647    
 1930.6666  0.796398    
 1930.7500  0.882524    
 1930.8334   1.21988    
 1930.9166   1.12562    
 1931.0000   1.04797    
 1931.0834  0.838446    
 1931.1666  0.493979    
 1931.2500  0.331350    
 1931.3334  0.273361E-01
 1931.4166 -0.361856    
 1931.5000 -0.338198    
 1931.5834 -0.610933    
 1931.6666  -1.05110    
 1931.7500  -1.24664    
 1931.8334  -1.26213    
 1931.9166 -0.961487    
 1932.0000 -0.820131    
 1932.0834 -0.497015    
 1932.1666 -0.228180    
 1932.2500  0.590401E-01
 1932.3334  0.111416    
 1932.4166 -0.878067E-01
 1932.5000 -0.183147    
 1932.5834 -0.437075    
 1932.6666 -0.445942    
 1932.7500 -0.365976    
 1932.8334 -0.351196    
 1932.9166 -0.560707    
 1933.0000 -0.674831    
 1933.0834 -0.619034    
 1933.1666 -0.559940    
 1933.2500 -0.492739    
 1933.3334 -0.662703    
 1933.4166  -1.04893    
 1933.5000  -1.21281    
 1933.5834  -1.41777    
 1933.6666  -1.50751    
 1933.7500  -1.64783    
 1933.8334  -1.90281    
 1933.9166  -1.65953    
 1934.0000  -1.45020    
 1934.0834  -1.10571    
 1934.1666  -1.00424    
 1934.2500 -0.932320    
 1934.3334 -0.714024    
 1934.4166 -0.374157    
 1934.5000 -0.244818    
 1934.5834 -0.205664    
 1934.6666 -0.477022    
 1934.7500 -0.560415    
 1934.8334 -0.849606    
 1934.9166  -1.06158    
 1935.0000  -1.14428    
 1935.0834  -1.21977    
 1935.1666 -0.983131    
 1935.2500 -0.632370    
 1935.3334 -0.644484    
 1935.4166 -0.572086    
 1935.5000 -0.356308    
 1935.5834 -0.301474    
 1935.6666 -0.362352    
 1935.7500 -0.219486    
 1935.8334 -0.330296    
 1935.9166 -0.510206    
 1936.0000 -0.516222    
 1936.0834 -0.351204    
 1936.1666 -0.394171    
 1936.2500 -0.296560    
 1936.3334 -0.517303    
 1936.4166 -0.924416    
 1936.5000 -0.695148    
 1936.5834 -0.527685    
 1936.6666 -0.459612    
 1936.7500 -0.667446    
 1936.8334 -0.964165    
 1936.9166  -1.20159    
 1937.0000 -0.811121    
 1937.0834 -0.501995    
 1937.1666 -0.411430    
 1937.2500 -0.480989    
 1937.3334 -0.324493    
 1937.4166 -0.283987    
 1937.5000 -0.242249    
 1937.5834  0.760651E-02
 1937.6666 -0.160803    
 1937.7500 -0.316025    
 1937.8334 -0.495365    
 1937.9166 -0.788918    
 1938.0000  -1.03228    
 1938.0834  -1.33484    
 1938.1666  -1.38791    
 1938.2500  -1.50552    
 1938.3334  -1.27806    
 1938.4166  -1.44659    
 1938.5000  -1.51218    
 1938.5834  -1.47261    
 1938.6666  -1.19221    
 1938.7500  -1.02451    
 1938.8334 -0.975056    
 1938.9166  -1.21601    
 1939.0000  -1.23048    
 1939.0834  -1.30350    
 1939.1666 -0.974390    
 1939.2500 -0.541790    
 1939.3334  0.175571E-01
 1939.4166  0.193714    
 1939.5000  0.535061    
 1939.5834  0.613256    
 1939.6666  0.564957    
 1939.7500  0.864553    
 1939.8334  0.101114    
 1939.9166  0.252674    
 1940.0000  0.891619    
 1940.0834  0.755226    
 1940.1666  0.837040    
 1940.2500  0.230700    
 1940.3334  0.465918    
 1940.4166  0.355703    
 1940.5000  0.636826E-01
 1940.5834  0.304396    
 1940.6666  0.354387    
 1940.7500  0.504074    
 1940.8334  0.913334    
 1940.9166   1.21718    
 1941.0000   1.51088    
 1941.0834   1.22205    
 1941.1666  0.681759    
 1941.2500  0.596281    
 1941.3334  0.749607    
 1941.4166  0.555655    
 1941.5000  0.249002    
 1941.5834 -0.202637E-01
 1941.6666  0.829468E-01
 1941.7500  0.292173    
 1941.8334  0.504534    
 1941.9166  0.914633    
 1942.0000  0.546919    
 1942.0834  0.886860E-01
 1942.1666 -0.105831    
 1942.2500 -0.292219    
 1942.3334 -0.391983    
 1942.4166  -1.01065    
 1942.5000  -1.66413    
 1942.5834  -1.95313    
 1942.6666  -2.47642    
 1942.7500  -2.05573    
 1942.8334  -2.04633    
 1942.9166  -1.96063    
 1943.0000  -1.84686    
 1943.0834  -1.73809    
 1943.1666  -1.35123    
 1943.2500 -0.865389    
 1943.3334 -0.515003    
 1943.4166 -0.274385    
 1943.5000 -0.283308    
 1943.5834 -0.257423    
 1943.6666 -0.695612    
 1943.7500 -0.906315    
 1943.8334 -0.726675    
 1943.9166 -0.905117    
 1944.0000 -0.900442    
 1944.0834 -0.375875    
 1944.1666  0.300299    
 1944.2500  0.517700    
 1944.3334 -0.211914    
 1944.4166 -0.190346    
 1944.5000 -0.467377E-01
 1944.5834 -0.254213    
 1944.6666 -0.723732    
 1944.7500  -1.01200    
 1944.8334  -1.24812    
 1944.9166  -1.23551    
 1945.0000  -1.04675    
 1945.0834 -0.774174    
 1945.1666 -0.836102    
 1945.2500 -0.735090    
 1945.3334  0.144028    
 1945.4166 -0.297337    
 1945.5000 -0.494759    
 1945.5834 -0.572803    
 1945.6666  0.402565E-01
 1945.7500  0.871143E-01
 1945.8334   1.02547    
 1945.9166  0.972363    
 1946.0000  0.282518    
 1946.0834 -0.134985    
 1946.1666  0.235418    
 1946.2500  0.264490    
 1946.3334  0.310459E-01
 1946.4166  -1.23242    
 1946.5000  -1.68312    
 1946.5834  -1.81950    
 1946.6666  -1.58553    
 1946.7500  -1.23041    
 1946.8334 -0.727396    
 1946.9166 -0.440546    
 1947.0000 -0.508331    
 1947.0834 -0.427275    
 1947.1666 -0.508242    
 1947.2500 -0.606630    
 1947.3334 -0.946163    
 1947.4166 -0.299986    
 1947.5000 -0.415138    
 1947.5834 -0.846245    
 1947.6666  -1.16657    
 1947.7500  -1.15119    
 1947.8334  -1.82364    
 1947.9166 -0.966146    
 1948.0000  -1.22414    
 1948.0834 -0.769005    
 1948.1666 -0.876492    
 1948.2500 -0.444010    
 1948.3334 -0.471714    
 1948.4166  -1.16948    
 1948.5000  -1.22386    
 1948.5834  -1.17785    
 1948.6666  -1.32715    
 1948.7500  -1.63922    
 1948.8334  -1.19328    
 1948.9166 -0.894897    
 1949.0000 -0.864361    
 1949.0834 -0.777966    
 1949.1666 -0.445490    
 1949.2500 -0.367350    
 1949.3334 -0.891424    
 1949.4166  -1.29970    
 1949.5000  -1.32040    
 1949.5834  -1.08106    
 1949.6666  -1.15214    
 1949.7500  -1.57527    
 1949.8334  -1.92365    
 1949.9166  -2.10695    
 1950.0000  -1.95522    
 1950.0834  -1.48651    
 1950.1666 -0.760820    
 1950.2500 -0.974220    
 1950.3334  -1.42204    
 1950.4166 -0.996557    
 1950.5000 -0.799988    
 1950.5834 -0.713745    
 1950.6666 -0.903652    
 1950.7500 -0.707426    
 1950.8334 -0.980255    
 1950.9166  -1.00262    
 1951.0000 -0.838932    
 1951.0834 -0.727705    
 1951.1666 -0.243921    
 1951.2500 -0.184969    
 1951.3334 -0.141014    
 1951.4166 -0.524712E-02
 1951.5000  0.748472    
 1951.5834  0.628725    
 1951.6666  0.659218    
 1951.7500  0.615065    
 1951.8334  0.798235    
 1951.9166  0.481434    
 1952.0000  0.159439    
 1952.0834 -0.505142E-01
 1952.1666 -0.149155E-02
 1952.2500 -0.222187E-01
 1952.3334 -0.140133    
 1952.4166 -0.519516    
 1952.5000 -0.582438    
 1952.5834 -0.603455    
 1952.6666 -0.617113    
 1952.7500 -0.532616    
 1952.8334 -0.836285    
 1952.9166 -0.539236    
 1953.0000 -0.792122E-02
 1953.0834  0.225685    
 1953.1666  0.230509    
 1953.2500  0.214350    
 1953.3334  0.164967    
 1953.4166  0.274834    
 1953.5000  0.144102    
 1953.5834  0.321255E-01
 1953.6666  0.299198    
 1953.7500  0.122314    
 1953.8334  0.644493E-02
 1953.9166  0.922928E-01
 1954.0000 -0.171072    
 1954.0834 -0.188015    
 1954.1666 -0.469021    
 1954.2500  -1.53493    
 1954.3334  -1.42873    
 1954.4166  -1.27409    
 1954.5000  -1.15888    
 1954.5834  -1.36797    
 1954.6666  -1.51702    
 1954.7500  -1.38251    
 1954.8334  -1.15397    
 1954.9166  -1.36135    
 1955.0000 -0.834131    
 1955.0834 -0.763584    
 1955.1666 -0.901941    
 1955.2500  -1.16067    
 1955.3334  -1.54947    
 1955.4166  -1.30626    
 1955.5000  -1.05328    
 1955.5834  -1.23777    
 1955.6666  -1.52686    
 1955.7500  -2.28312    
 1955.8334  -2.21050    
 1955.9166  -2.02817    
 1956.0000 -0.975132    
 1956.0834 -0.616116    
 1956.1666 -0.486990    
 1956.2500 -0.733570    
 1956.3334 -0.505274    
 1956.4166 -0.532267    
 1956.5000 -0.716078    
 1956.5834 -0.873224    
 1956.6666 -0.923893    
 1956.7500  -1.05173    
 1956.8334  -1.17257    
 1956.9166  -1.17830    
 1957.0000 -0.861952    
 1957.0834 -0.432524    
 1957.1666  0.102449    
 1957.2500  0.224981    
 1957.3334  0.493668    
 1957.4166  0.712564    
 1957.5000   1.18691    
 1957.5834  0.944077    
 1957.6666  0.593027    
 1957.7500  0.548725    
 1957.8334  0.993345    
 1957.9166   1.19073    
 1958.0000   1.11736    
 1958.0834  0.819025    
 1958.1666  0.388100    
 1958.2500  0.164949    
 1958.3334  0.577660E-01
 1958.4166  0.779743E-01
 1958.5000 -0.653687E-01
 1958.5834 -0.141813    
 1958.6666 -0.359453    
 1958.7500 -0.316576    
 1958.8334 -0.299759E-01
 1958.9166 -0.374847    
 1959.0000 -0.210093    
 1959.0834 -0.200315    
 1959.1666 -0.336111    
 1959.2500 -0.153210    
 1959.3334 -0.434603    
 1959.4166 -0.506706    
 1959.5000 -0.822689    
 1959.5834 -0.815605    
 1959.6666 -0.763773    
 1959.7500 -0.522717    
 1959.8334 -0.601395    
 1959.9166 -0.564827    
 1960.0000 -0.383612    
 1960.0834 -0.522345    
 1960.1666 -0.381021    
 1960.2500 -0.322130    
 1960.3334 -0.501802    
 1960.4166 -0.704447    
 1960.5000 -0.454208    
 1960.5834 -0.255165    
 1960.6666 -0.357264    
 1960.7500 -0.837696    
 1960.8334 -0.801315    
 1960.9166 -0.748938    
 1961.0000 -0.643181    
 1961.0834 -0.302465    
 1961.1666 -0.439430    
 1961.2500 -0.158129    
 1961.3334 -0.209524    
 1961.4166 -0.210266    
 1961.5000 -0.767899    
 1961.5834 -0.959724    
 1961.6666  -1.33600    
 1961.7500  -1.23749    
 1961.8334 -0.762295    
 1961.9166 -0.657547    
 1962.0000 -0.548141    
 1962.0834 -0.512835    
 1962.1666 -0.713850    
 1962.2500 -0.941040    
 1962.3334 -0.956583    
 1962.4166 -0.786137    
 1962.5000 -0.642838    
 1962.5834 -0.503695    
 1962.6666 -0.870773    
 1962.7500 -0.850706    
 1962.8334  -1.05499    
 1962.9166  -1.15032    
 1963.0000 -0.863802    
 1963.0834 -0.727474    
 1963.1666 -0.370920    
 1963.2500 -0.919304E-01
 1963.3334 -0.269403    
 1963.4166  0.307827E-01
 1963.5000  0.467031    
 1963.5834  0.469706    
 1963.6666  0.345627    
 1963.7500  0.380064    
 1963.8334  0.479004    
 1963.9166  0.600933    
 1964.0000  0.211729    
 1964.0834 -0.197065    
 1964.1666 -0.562170    
 1964.2500  -1.22512    
 1964.3334  -1.60260    
 1964.4166  -1.43913    
 1964.5000  -1.06521    
 1964.5834  -1.53605    
 1964.6666  -1.13980    
 1964.7500  -1.18189    
 1964.8334  -1.14122    
 1964.9166  -1.49763    
 1965.0000  -1.03396    
 1965.0834 -0.599434    
 1965.1666 -0.350260    
 1965.2500 -0.126120    
 1965.3334  0.264616    
 1965.4166  0.490274    
 1965.5000  0.665762    
 1965.5834  0.860435    
 1965.6666  0.844276    
 1965.7500   1.00941    
 1965.8334   1.12066    
 1965.9166   1.05819    
 1966.0000  0.791658    
 1966.0834  0.274096    
 1966.1666 -0.738106E-01
 1966.2500 -0.200769    
 1966.3334 -0.890882    
 1966.4166 -0.618456    
 1966.5000 -0.444529    
 1966.5834 -0.712595    
 1966.6666 -0.860872    
 1966.7500 -0.705265    
 1966.8334 -0.871235    
 1966.9166  -1.06534    
 1967.0000 -0.716911    
 1967.0834 -0.450144    
 1967.1666 -0.858940    
 1967.2500  -1.03372    
 1967.3334 -0.540974    
 1967.4166 -0.232466    
 1967.5000 -0.536259    
 1967.5834 -0.927633    
 1967.6666  -1.35170    
 1967.7500  -1.30436    
 1967.8334  -1.21678    
 1967.9166  -1.22429    
 1968.0000  -1.43168    
 1968.0834  -1.61059    
 1968.1666  -1.44317    
 1968.2500 -0.978689    
 1968.3334  -1.04052    
 1968.4166 -0.264996    
 1968.5000  0.142073    
 1968.5834  0.291061E-01
 1968.6666 -0.111572    
 1968.7500 -0.640850E-01
 1968.8334  0.626354E-01
 1968.9166  0.346992    
 1969.0000  0.359909    
 1969.0834  0.244884    
 1969.1666  0.236269    
 1969.2500  0.231810    
 1969.3334  0.536646    
 1969.4166  0.330633    
 1969.5000  0.215626E-01
 1969.5834  0.220226    
 1969.6666  0.356438    
 1969.7500  0.489594    
 1969.8334  0.521414    
 1969.9166  0.591843    
 1970.0000  0.394829    
 1970.0834  0.179558E-01
 1970.1666 -0.349211    
 1970.2500 -0.368031    
 1970.3334 -0.749393    
 1970.4166  -1.22996    
 1970.5000  -1.77673    
 1970.5834  -1.77244    
 1970.6666  -1.32642    
 1970.7500  -1.40167    
 1970.8334  -1.42818    
 1970.9166  -1.33817    
 1971.0000  -1.57259    
 1971.0834  -1.62651    
 1971.1666  -1.28582    
 1971.2500  -1.00570    
 1971.3334  -1.01152    
 1971.4166  -1.13773    
 1971.5000  -1.00334    
 1971.5834  -1.22326    
 1971.6666  -1.03120    
 1971.7500  -1.34604    
 1971.8334  -1.21695    
 1971.9166  -1.48400    
 1972.0000 -0.808453    
 1972.0834 -0.613264    
 1972.1666 -0.353340    
 1972.2500 -0.375099E-01
 1972.3334  0.182158    
 1972.4166  0.530483    
 1972.5000   1.15929    
 1972.5834   1.47755    
 1972.6666   1.26394    
 1972.7500   1.60984    
 1972.8334   1.82320    
 1972.9166   1.96192    
 1973.0000   1.47745    
 1973.0834  0.680046    
 1973.1666  0.102900    
 1973.2500 -0.659260    
 1973.3334  -1.09936    
 1973.4166  -1.14618    
 1973.5000  -1.46254    
 1973.5834  -1.51155    
 1973.6666  -1.55036    
 1973.7500  -1.71670    
 1973.8334  -1.74162    
 1973.9166  -1.71085    
 1974.0000  -1.70080    
 1974.0834  -1.31202    
 1974.1666 -0.986301    
 1974.2500 -0.749090    
 1974.3334 -0.804453    
 1974.4166 -0.752476    
 1974.5000 -0.497618    
 1974.5834 -0.362305    
 1974.6666 -0.614752    
 1974.7500 -0.954395    
 1974.8334 -0.983995    
 1974.9166 -0.962206    
 1975.0000 -0.544453    
 1975.0834 -0.862185    
 1975.1666 -0.921701    
 1975.2500 -0.589920    
 1975.3334 -0.959513    
 1975.4166  -1.26176    
 1975.5000  -1.05171    
 1975.5834  -1.06110    
 1975.6666  -1.35645    
 1975.7500  -1.57122    
 1975.8334  -1.45926    
 1975.9166  -1.80225    
 1976.0000  -1.85597    
 1976.0834  -1.21861    
 1976.1666 -0.734060    
 1976.2500 -0.688540    
 1976.3334 -0.378323    
 1976.4166  0.202953    
 1976.5000  0.330671    
 1976.5834  0.568436    
 1976.6666  0.564877    
 1976.7500  0.766193    
 1976.8334  0.640285    
 1976.9166  0.481844    
 1977.0000  0.673288    
 1977.0834  0.402966    
 1977.1666  0.198559    
 1977.2500 -0.552031    
 1977.3334 -0.269184    
 1977.4166 -0.982761E-01
 1977.5000 -0.226349    
 1977.5834 -0.469053    
 1977.6666 -0.185312    
 1977.7500  0.124763    
 1977.8334  0.117414    
 1977.9166  0.188253    
 1978.0000  0.738487E-01
 1978.0834 -0.949249E-01
 1978.1666 -0.416500    
 1978.2500 -0.842051    
 1978.3334 -0.994583    
 1978.4166 -0.853886    
 1978.5000 -0.744698    
 1978.5834 -0.979574    
 1978.6666 -0.774502    
 1978.7500 -0.472416    
 1978.8334 -0.313745    
 1978.9166 -0.106367    
 1979.0000 -0.409422    
 1979.0834 -0.370474    
 1979.1666 -0.168610E-01
 1979.2500  0.151060    
 1979.3334  0.456276E-01
 1979.4166  0.158310E-02
 1979.5000 -0.156149    
 1979.5834  0.649052E-01
 1979.6666  0.525057    
 1979.7500  0.379953    
 1979.8334  0.455296    
 1979.9166  0.367783    
 1980.0000  0.383188    
 1980.0834  0.326252E-01
 1980.1666 -0.171240    
 1980.2500 -0.989990E-01
 1980.3334  0.167370E-01
 1980.4166  0.204144    
 1980.5000 -0.997086E-01
 1980.5834 -0.250395    
 1980.6666 -0.192173    
 1980.7500 -0.422855    
 1980.8334 -0.121826    
 1980.9166 -0.191574E-01
 1981.0000 -0.630951    
 1981.0834 -0.828405    
 1981.1666 -0.567211    
 1981.2500 -0.453850    
 1981.3334 -0.462574    
 1981.4166 -0.307587    
 1981.5000 -0.448708    
 1981.5834 -0.658215    
 1981.6666 -0.281502    
 1981.7500 -0.216215    
 1981.8334 -0.339985    
 1981.9166 -0.474472E-01
 1982.0000  0.201658    
 1982.0834 -0.341949E-01
 1982.1666 -0.464916E-01
 1982.2500  0.105640    
 1982.3334  0.446608    
 1982.4166  0.606163    
 1982.5000  0.473791    
 1982.5834  0.845346    
 1982.6666   1.63961    
 1982.7500   2.08910    
 1982.8334   2.35180    
 1982.9166   2.68373    
 1983.0000   2.67507    
 1983.0834   2.09134    
 1983.1666   1.56484    
 1983.2500   1.47457    
 1983.3334   1.65682    
 1983.4166   1.50019    
 1983.5000  0.943993    
 1983.5834  0.771965    
 1983.6666  0.224007    
 1983.7500 -0.382265    
 1983.8334 -0.773455    
 1983.9166 -0.631287    
 1984.0000 -0.483862    
 1984.0834 -0.837040E-01
 1984.1666 -0.171051    
 1984.2500 -0.384239    
 1984.3334 -0.803303    
 1984.4166 -0.975897    
 1984.5000 -0.627558    
 1984.5834 -0.396345    
 1984.6666 -0.394192    
 1984.7500 -0.690376    
 1984.8334 -0.937445    
 1984.9166  -1.18122    
 1985.0000  -1.15185    
 1985.0834 -0.785755    
 1985.1666 -0.788460    
 1985.2500 -0.942289    
 1985.3334 -0.890062    
 1985.4166 -0.846037    
 1985.5000 -0.901789    
 1985.5834 -0.848795    
 1985.6666 -0.873232    
 1985.7500 -0.776066    
 1985.8334 -0.680346    
 1985.9166 -0.737816    
 1986.0000 -0.875622    
 1986.0834 -0.518875    
 1986.1666 -0.302080    
 1986.2500 -0.295460    
 1986.3334 -0.561913    
 1986.4166 -0.375366    
 1986.5000 -0.844078E-01
 1986.5834  0.601463E-01
 1986.6666  0.184017    
 1986.7500  0.390135    
 1986.8334  0.641634    
 1986.9166  0.732504    
 1987.0000  0.900969    
 1987.0834  0.996435    
 1987.1666   1.03690    
 1987.2500  0.883820    
 1987.3334  0.846697    
 1987.4166  0.892834    
 1987.5000   1.16512    
 1987.5834   1.38739    
 1987.6666   1.53368    
 1987.7500   1.14709    
 1987.8334   1.00663    
 1987.9166  0.980333    
 1988.0000  0.711468    
 1988.0834  0.550156E-01
 1988.1666 -0.483112E-01
 1988.2500 -0.418749    
 1988.3334  -1.16503    
 1988.4166  -1.73973    
 1988.5000  -1.78754    
 1988.5834  -1.43629    
 1988.6666  -1.06841    
 1988.7500  -1.48442    
 1988.8334  -1.53125    
 1988.9166  -1.50907    
 1989.0000  -1.36470    
 1989.0834 -0.966595    
 1989.1666 -0.980742    
 1989.2500 -0.816650    
 1989.3334 -0.709843    
 1989.4166 -0.225506    
 1989.5000 -0.371378    
 1989.5834 -0.392754    
 1989.6666 -0.311592    
 1989.7500 -0.424946    
 1989.8334 -0.520706    
 1989.9166 -0.407787    
 1990.0000 -0.306643    
 1990.0834 -0.231647E-01
 1990.1666 -0.312340    
 1990.2500 -0.855103E-01
 1990.3334  0.152456    
 1990.4166  0.415039E-01
 1990.5000  0.843010E-01
 1990.5834  0.664063E-01
 1990.6666  0.849876E-01
 1990.7500 -0.122316    
 1990.8334 -0.169876    
 1990.9166 -0.742359E-01
 1991.0000  0.395679E-01
 1991.0834 -0.105536    
 1991.1666 -0.178320    
 1991.2500  0.356102E-01
 1991.3334  0.280756    
 1991.4166  0.654243    
 1991.5000  0.848722    
 1991.5834  0.586966    
 1991.6666  0.289637    
 1991.7500  0.573355    
 1991.8334  0.887045    
 1991.9166   1.10108    
 1992.0000   1.18297    
 1992.0834   1.03061    
 1992.1666  0.874279    
 1992.2500   1.05421    
 1992.3334   1.09788    
 1992.4166  0.662624    
 1992.5000  0.939922E-01
 1992.5834 -0.120144E-01
 1992.6666 -0.805130E-01
 1992.7500 -0.236567    
 1992.8334 -0.267906    
 1992.9166 -0.196636    
 1993.0000 -0.973415E-01
 1993.0834  0.327675    
 1993.1666  0.351688    
 1993.2500  0.820400    
 1993.3334   1.02139    
 1993.4166  0.490484    
 1993.5000  0.266472    
 1993.5834  0.130365    
 1993.6666  0.174047    
 1993.7500  0.159575    
 1993.8334  0.434837E-01
 1993.9166  0.787125E-01
 1994.0000  0.165808    
 1994.0834 -0.860138E-01
 1994.1666 -0.304710    
 1994.2500 -0.229090    
 1994.3334 -0.176029E-01
 1994.4166 -0.370598E-02
 1994.5000 -0.168928    
 1994.5834 -0.200603    
 1994.6666 -0.108183    
 1994.7500  0.421614    
 1994.8334  0.794525    
 1994.9166  0.801304    
 1995.0000  0.723438    
 1995.0834  0.373495    
 1995.1666 -0.546608E-01
 1995.2500 -0.278210    
 1995.3334 -0.481323    
 1995.4166 -0.273436    
 1995.5000 -0.315708    
 1995.5834 -0.774954    
 1995.6666 -0.964222    
 1995.7500 -0.899626    
 1995.8334 -0.960125    
 1995.9166 -0.935997    
 1996.0000 -0.769531    
 1996.0834 -0.692385    
 1996.1666 -0.431820    
 1996.2500 -0.616510    
 1996.3334 -0.578524    
 1996.4166 -0.579077    
 1996.5000 -0.420168    
 1996.5834 -0.344715    
 1996.6666 -0.451023    
 1996.7500 -0.536446    
 1996.8334 -0.543465    
 1996.9166 -0.928337    
 1997.0000 -0.826012    
 1997.0834 -0.709064    
 1997.1666 -0.377291    
 1997.2500 -0.867100E-01
 1997.3334  0.607357    
 1997.4166   1.38839    
 1997.5000   1.92938    
 1997.5834   2.35569    
 1997.6666   2.57510    
 1997.7500   2.88968    
 1997.8334   3.09877    
 1997.9166   3.08663    
 1998.0000   2.87256    
 1998.0834   2.27604    
 1998.1666   1.85641    
 1998.2500   1.62325    
 1998.3334   1.38773    
 1998.4166  0.481314    
 1998.5000 -0.101818    
 1998.5834 -0.471785    
 1998.6666 -0.839163    
 1998.7500 -0.756916    
 1998.8334 -0.598385    
 1998.9166 -0.907106    
 1999.0000  -1.05670    
 1999.0834 -0.736624    
 1999.1666 -0.405001    
 1999.2500 -0.664080    
 1999.3334 -0.713814    
 1999.4166 -0.817587    
 1999.5000 -0.705948    
 1999.5834 -0.791735    
 1999.6666  -1.00027    
 1999.7500  -1.22220    
 1999.8334  -1.39164    
 1999.9166  -1.45631    
 2000.0000  -1.56764    
 2000.0834  -1.03387    
 2000.1666 -0.483570    
 2000.2500 -0.206160    
 2000.3334 -0.403204    
 2000.4166 -0.569946    
 2000.5000 -0.585688    
 2000.5834 -0.548084    
 2000.6666 -0.432573    
 2000.7500 -0.493925    
 2000.8334 -0.622835    
 2000.9166 -0.576786    
 2001.0000 -0.420431    
 2001.0834 -0.232195    
 2001.1666  0.275288E-01
 2001.2500 -0.751305E-01
 2001.3334 -0.740738E-01
 2001.4166 -0.129717    
 2001.5000 -0.128109    
 2001.5834 -0.238924    
 2001.6666 -0.564203    
 2001.7500 -0.480967    
 2001.8334 -0.681406    
 2001.9166 -0.660187    
 2002.0000 -0.549101    
 2002.0834 -0.356224    
 2002.1666  0.654488E-01
 2002.2500  0.577297E-01
 2002.3334  0.296677    
 2002.4166  0.643574    
 2002.5000  0.538971    
 2002.5834  0.529696    
 2002.6666  0.741388    
 2002.7500  0.866014    
 2002.8334   1.15567    
 2002.9166   1.08926    
 2003.0000  0.633898    
 2003.0834  0.410696    
 2003.1666  0.207569    
 2003.2500 -0.354750    
 2003.3334 -0.701794    
 2003.4166 -0.331396    
 2003.5000  0.231012    
 2003.5834  0.224747    
 2003.6666  0.871372E-01
 2003.7500  0.339415    
 2003.8334  0.639885    
 2003.9166  0.679964    
 2004.0000  0.407568    
 2004.0834  0.301655    
 2004.1666  0.164169    
 2004.2500  0.723095E-01
 2004.3334 -0.221603    
 2004.4166 -0.852070E-01
 2004.5000  0.168362    
 2004.5834  0.236425    
 2004.6666  0.340128    
 2004.7500  0.454485    
 2004.8334  0.595074    
 2004.9166  0.652742    
 2005.0000  0.380989    
 2005.0834  0.235348E-01
 2005.1666  0.149509    
 2005.2500  0.250170    
 2005.3334  0.356647    
 2005.4166  0.256474    
 2005.5000  0.214802    
 2005.5834  0.191265    
 2005.6666 -0.117113    
 2005.7500 -0.243786    
 2005.8334 -0.887625    
 2005.9166  -1.03770    
 2006.0000 -0.767002    
 2006.0834 -0.160555    
 2006.1666 -0.221771    
 2006.2500 -0.163980    
 2006.3334  0.662975E-01
 2006.4166  0.112164    
 2006.5000  0.579815E-01
 2006.5834  0.388256    
 2006.6666  0.773577    
 2006.7500  0.930513    
 2006.8334   1.14435    
 2006.9166   1.14758    
 2007.0000  0.867918    
 2007.0834  0.121475    
 2007.1666 -0.207251    
 2007.2500 -0.368120    
 2007.3334 -0.615364    
 2007.4166 -0.523996    
 2007.5000 -0.600008    
 2007.5834 -0.913435    
 2007.6666  -1.05716    
 2007.7500  -1.10752    
 2007.8334  -1.19810    
 2007.9166  -1.24414    
 2008.0000  -1.24301    
 2008.0834  -1.03988    
 2008.1666 -0.603621    
 2008.2500 -0.339329    
 2008.3334 -0.202873    
 2008.4166 -0.129576    
 2008.5000  0.221161    
 2008.5834  0.384336    
 2008.6666  0.267088    
 2008.7500  0.184145    
 2008.8334 -0.548744E-01
 2008.9166 -0.436108    
 2009.0000 -0.489922    
 2009.0834 -0.384254    
 2009.1666 -0.392441    
 2009.2500 -0.169487E-01
 2009.3334  0.331158    
 2009.4166  0.598444    
 2009.5000  0.705421    
 2009.5834  0.769806    
 2009.6666  0.690287    
 2009.7500  0.717314    
 2009.8334  0.955435    
 2009.9166  0.994694    
 2010.0000  0.836388    
 2010.0834  0.769196    
 2010.1666  0.578779    
 2010.2500  0.417980    
 2010.3334  0.544968E-01
 2010.4166 -0.414707    
 2010.5000 -0.695778    
 2010.5834 -0.900234    
 2010.6666  -1.06126    
 2010.7500  -1.08790    
 2010.8334  -1.15504    
 2010.9166  -1.06043    
 2011.0000  -1.13665    
 2011.0834 -0.685785    
 2011.1666 -0.579771    
 2011.2500 -0.194330    
 2011.3334 -0.225874    
 2011.4166  0.275040E-01
 2011.5000 -0.752392E-01
 2011.5834 -0.320784    
 2011.6666 -0.579403    
 2011.7500 -0.888515    
 2011.8334 -0.868135    
 2011.9166 -0.760218    
 2012.0000 -0.404062    
 2012.0834 -0.125546    
 2012.1666  0.108490E-01
 2012.2500  0.725403E-01
 2012.3334  0.106407    
 2012.4166  0.258774    
 2012.5000  0.513351    
 2012.5834  0.477057    
 2012.6666  0.492258    
 2012.7500  0.207754    
 2012.8334  0.890350E-01
 2012.9166 -0.467997    
 2013.0000 -0.691341    
 2013.0834 -0.516504    
 2013.1666 -0.212721    
 2013.2500 -0.181879    
 2013.3334 -0.406254    
 2013.4166 -0.615705    
 2013.5000 -0.469337    
 2013.5834 -0.478893    
 2013.6666 -0.321012    
 2013.7500 -0.149546    
 2013.8334 -0.120726    
 2013.9166 -0.913563E-01
 2014.0000 -0.355972    
 2014.0834 -0.557446    
 2014.1666 -0.194592    
 2014.2500  0.432796E-01
 2014.3334  0.389147    
 2014.4166  0.486843    
 2014.5000  0.491102    
 2014.5834  0.182856    
 2014.6666  0.291088    
 2014.7500  0.609425    
 2014.8334  0.844475    
 2014.9166  0.711103    
 2015.0000  0.456938    
 2015.0834  0.132006    
 2015.1666  0.217680    
 2015.2500  0.619131    
 2015.3334  0.894997    
 2015.4166   1.23775    
 2015.5000   1.59021    
 2015.5834   1.82598    
 2015.6666   2.04514    
 2015.7500   2.25037    
 2015.8334   2.52954    
 2015.9166   2.47583    
 2016.0000   2.33893    
 2016.0834   1.85393    
 2016.1666   1.49779    

