# cutting out region defined by mask ersstv4_nino3.4_mask.nc
# sst [degree_C] from NOAA Extended Reconstructed Sea Surface Temperature (ERSSTA), Version 4 (in situ only)
# SSTA normalized to 1981-2010
# plotdat anomal 1981 2010 ersst_nino3.4.dat
# cutting out region defined by mask ersstv4_nino3.4_mask.nc
# sst [degree_C] from NOAA Extended Reconstructed Sea Surface Temperature (ERSST), Version 4 (in situ only)
 1854.0000 -0.379320    
 1854.0834 -0.319153    
 1854.1666 -0.751442    
 1854.2500 -0.940556    
 1854.3334  -1.03401    
 1854.4166 -0.829832    
 1854.5000 -0.841206    
 1854.5834  -1.45011    
 1854.6666 -0.695831    
 1854.7500 -0.830101    
 1854.8334  -1.17224    
 1854.9166  -1.06147    
 1855.0000 -0.390949    
 1855.0834  0.315609    
 1855.1666  0.835972E-01
 1855.2500 -0.140125    
 1855.3334 -0.122805    
 1855.4166 -0.545752    
 1855.5000 -0.449636    
 1855.5834 -0.207577    
 1855.6666  0.740160    
 1855.7500  0.561739    
 1855.8334  0.429024    
 1855.9166  0.354723    
 1856.0000  0.354610    
 1856.0834  0.267979    
 1856.1666  0.629177    
 1856.2500 -0.352264    
 1856.3334 -0.610996    
 1856.4166 -0.700033    
 1856.5000 -0.942926    
 1856.5834  -1.49515    
 1856.6666  -1.87628    
 1856.7500  -2.17102    
 1856.8334  -1.95237    
 1856.9166  -1.87923    
 1857.0000  -1.99840    
 1857.0834  -1.72204    
 1857.1666  -1.37021    
 1857.2500  -1.19163    
 1857.3334 -0.400885    
 1857.4166 -0.330219E-01
 1857.5000 -0.478458E-01
 1857.5834 -0.497780E-01
 1857.6666 -0.732002E-01
 1857.7500 -0.150631    
 1857.8334 -0.202856    
 1857.9166 -0.295216    
 1858.0000 -0.294399    
 1858.0834 -0.424603    
 1858.1666 -0.673403    
 1858.2500 -0.673185    
 1858.3334 -0.397196    
 1858.4166 -0.762903    
 1858.5000 -0.722076    
 1858.5834 -0.791838    
 1858.6666 -0.669250    
 1858.7500 -0.563881    
 1858.8334 -0.309855    
 1858.9166 -0.376196    
 1859.0000 -0.500910    
 1859.0834 -0.699472    
 1859.1666 -0.813581    
 1859.2500 -0.870924    
 1859.3334 -0.890585    
 1859.4166 -0.367702    
 1859.5000 -0.307426    
 1859.5834 -0.676767    
 1859.6666 -0.754280    
 1859.7500 -0.839251    
 1859.8334  -1.03329    
 1859.9166 -0.603645    
 1860.0000 -0.664509    
 1860.0834 -0.731932    
 1860.1666  -1.06292    
 1860.2500  -1.11711    
 1860.3334  -1.02808    
 1860.4166  -1.35045    
 1860.5000  -1.13515    
 1860.5834  -1.10812    
 1860.6666  -1.01036    
 1860.7500  -1.01741    
 1860.8334 -0.962715    
 1860.9166 -0.878326    
 1861.0000 -0.870930    
 1861.0834 -0.892752    
 1861.1666 -0.864382    
 1861.2500 -0.903805    
 1861.3334 -0.837975    
 1861.4166 -0.831491    
 1861.5000 -0.807846    
 1861.5834 -0.829018    
 1861.6666 -0.779821    
 1861.7500 -0.829992    
 1861.8334 -0.676765    
 1861.9166 -0.657116    
 1862.0000 -0.707869    
 1862.0834 -0.697401    
 1862.1666 -0.701221    
 1862.2500 -0.740404    
 1862.3334 -0.722576    
 1862.4166 -0.726732    
 1862.5000 -0.723677    
 1862.5834 -0.701538    
 1862.6666 -0.717861    
 1862.7500 -0.780161    
 1862.8334 -0.764156    
 1862.9166 -0.812176    
 1863.0000 -0.756720    
 1863.0834 -0.813122    
 1863.1666 -0.771442    
 1863.2500 -0.793465    
 1863.3334 -0.716116    
 1863.4166 -0.646692    
 1863.5000 -0.658316    
 1863.5834 -0.694897    
 1863.6666 -0.670820    
 1863.7500 -0.694881    
 1863.8334 -0.686836    
 1863.9166 -0.741577    
 1864.0000 -0.619490    
 1864.0834 -0.609352    
 1864.1666 -0.611582    
 1864.2500 -0.634356    
 1864.3334 -0.630886    
 1864.4166 -0.632183    
 1864.5000 -0.559425    
 1864.5834 -0.472948    
 1864.6666 -0.274061    
 1864.7500  0.220308    
 1864.8334  0.145435    
 1864.9166  0.152773    
 1865.0000 -0.978298E-01
 1865.0834 -0.110203    
 1865.1666 -0.230753    
 1865.2500 -0.315815    
 1865.3334 -0.365065    
 1865.4166 -0.387712    
 1865.5000 -0.446615    
 1865.5834 -0.343418    
 1865.6666 -0.388660    
 1865.7500 -0.443830    
 1865.8334 -0.460386    
 1865.9166 -0.497576    
 1866.0000 -0.491930    
 1866.0834 -0.497103    
 1866.1666 -0.535942    
 1866.2500 -0.592875    
 1866.3334 -0.609715    
 1866.4166 -0.659882    
 1866.5000 -0.641386    
 1866.5834 -0.632938    
 1866.6666 -0.606981    
 1866.7500 -0.630482    
 1866.8334 -0.626915    
 1866.9166 -0.627827    
 1867.0000 -0.677938    
 1867.0834 -0.664602    
 1867.1666 -0.699072    
 1867.2500 -0.754965    
 1867.3334 -0.743456    
 1867.4166 -0.774012    
 1867.5000 -0.761126    
 1867.5834 -0.732708    
 1867.6666 -0.695080    
 1867.7500 -0.712132    
 1867.8334 -0.693005    
 1867.9166 -0.702717    
 1868.0000 -0.699270    
 1868.0834 -0.689281    
 1868.1666 -0.723713    
 1868.2500 -0.766214    
 1868.3334 -0.724735    
 1868.4166 -0.662052    
 1868.5000 -0.497326    
 1868.5834 -0.131998    
 1868.6666  0.759239    
 1868.7500  0.512268    
 1868.8334  0.656284    
 1868.9166  0.737133    
 1869.0000  0.260801    
 1869.0834  0.239029    
 1869.1666  0.868778E-01
 1869.2500 -0.149334    
 1869.3334 -0.242516    
 1869.4166 -0.480223    
 1869.5000 -0.772156    
 1869.5834  -1.92215    
 1869.6666  -1.98272    
 1869.7500  -2.02135    
 1869.8334  -1.47042    
 1869.9166  -1.84342    
 1870.0000  -1.28845    
 1870.0834  -1.45932    
 1870.1666  -1.73651    
 1870.2500  -1.50770    
 1870.3334  -1.56452    
 1870.4166  -1.68907    
 1870.5000  -1.66896    
 1870.5834  -1.55857    
 1870.6666  -1.34089    
 1870.7500  -1.37708    
 1870.8334  -1.35962    
 1870.9166  -1.37338    
 1871.0000 -0.945389    
 1871.0834 -0.492002    
 1871.1666 -0.247532    
 1871.2500  0.871048E-01
 1871.3334 -0.422775    
 1871.4166 -0.713743    
 1871.5000 -0.666937    
 1871.5834 -0.580517    
 1871.6666 -0.583101    
 1871.7500 -0.761662    
 1871.8334 -0.882116    
 1871.9166  -1.07898    
 1872.0000  -1.17630    
 1872.0834  -1.27756    
 1872.1666  -1.29194    
 1872.2500  -1.31742    
 1872.3334  -1.18777    
 1872.4166 -0.870111    
 1872.5000 -0.406046    
 1872.5834 -0.873678    
 1872.6666 -0.939150    
 1872.7500  -1.42525    
 1872.8334  -1.31828    
 1872.9166  -1.36605    
 1873.0000  -1.41740    
 1873.0834  -1.51515    
 1873.1666  -1.81494    
 1873.2500  -1.57026    
 1873.3334  -1.23444    
 1873.4166 -0.798882    
 1873.5000 -0.595716    
 1873.5834 -0.697807    
 1873.6666 -0.663540    
 1873.7500  -1.03319    
 1873.8334 -0.921816    
 1873.9166  -1.01390    
 1874.0000  -1.36453    
 1874.0834  -1.44494    
 1874.1666  -1.76894    
 1874.2500  -1.70639    
 1874.3334  -1.64725    
 1874.4166  -1.50182    
 1874.5000  -1.49935    
 1874.5834  -1.51506    
 1874.6666  -1.48577    
 1874.7500  -1.41406    
 1874.8334  -1.49790    
 1874.9166  -1.29984    
 1875.0000  -1.00220    
 1875.0834 -0.967882    
 1875.1666 -0.820612    
 1875.2500 -0.841866    
 1875.3334 -0.900206    
 1875.4166 -0.843431    
 1875.5000 -0.759476    
 1875.5834  -1.15244    
 1875.6666  -1.35569    
 1875.7500  -1.68778    
 1875.8334  -1.65687    
 1875.9166  -1.69023    
 1876.0000  -1.32786    
 1876.0834  -1.45656    
 1876.1666  -1.48817    
 1876.2500  -1.74123    
 1876.3334  -1.41628    
 1876.4166 -0.399893    
 1876.5000 -0.433657    
 1876.5834 -0.718777    
 1876.6666 -0.707460    
 1876.7500 -0.459681    
 1876.8334 -0.470825    
 1876.9166 -0.451996    
 1877.0000 -0.853386E-01
 1877.0834  0.906277E-01
 1877.1666  0.478737    
 1877.2500  0.911350E-01
 1877.3334  0.326414    
 1877.4166  0.751286E-01
 1877.5000  0.546703    
 1877.5834   1.69751    
 1877.6666   1.75642    
 1877.7500   1.83278    
 1877.8334   1.92603    
 1877.9166   2.00408    
 1878.0000   2.07955    
 1878.0834   1.85614    
 1878.1666  0.917007    
 1878.2500   1.16483    
 1878.3334   1.16460    
 1878.4166 -0.421829E-01
 1878.5000 -0.757366    
 1878.5834 -0.742828    
 1878.6666  -1.12544    
 1878.7500  -1.11329    
 1878.8334  -1.37526    
 1878.9166  -1.59888    
 1879.0000  -1.45887    
 1879.0834 -0.925632    
 1879.1666  -1.07326    
 1879.2500  -1.07606    
 1879.3334 -0.809166    
 1879.4166 -0.602201    
 1879.5000  -1.13453    
 1879.5834  -1.58012    
 1879.6666  -1.95134    
 1879.7500  -1.62516    
 1879.8334  -1.76311    
 1879.9166  -1.57032    
 1880.0000  -1.76871    
 1880.0834  -1.37223    
 1880.1666 -0.925083    
 1880.2500 -0.807055    
 1880.3334 -0.693195    
 1880.4166 -0.588322    
 1880.5000 -0.436096    
 1880.5834 -0.243067    
 1880.6666  0.170870    
 1880.7500  0.569988    
 1880.8334   1.00150    
 1880.9166  0.402575    
 1881.0000  0.641880    
 1881.0834  0.893974E-01
 1881.1666 -0.530262    
 1881.2500 -0.761095    
 1881.3334 -0.683596    
 1881.4166 -0.454653    
 1881.5000 -0.213696    
 1881.5834 -0.249638    
 1881.6666 -0.320200    
 1881.7500 -0.525791    
 1881.8334 -0.523415    
 1881.9166 -0.300116    
 1882.0000 -0.300760    
 1882.0834 -0.744522    
 1882.1666 -0.684532    
 1882.2500 -0.343834    
 1882.3334 -0.824146E-01
 1882.4166 -0.639502    
 1882.5000 -0.880257    
 1882.5834 -0.724258    
 1882.6666 -0.937090    
 1882.7500  -1.05282    
 1882.8334  -1.08813    
 1882.9166 -0.331827    
 1883.0000 -0.624329    
 1883.0834 -0.887642    
 1883.1666  -1.12552    
 1883.2500  -1.08827    
 1883.3334 -0.872875    
 1883.4166 -0.347822    
 1883.5000 -0.234316    
 1883.5834 -0.516167    
 1883.6666 -0.643261    
 1883.7500 -0.672482    
 1883.8334 -0.435905    
 1883.9166 -0.613815    
 1884.0000 -0.354969    
 1884.0834 -0.317442    
 1884.1666 -0.502592    
 1884.2500  0.903149E-01
 1884.3334 -0.393562E-01
 1884.4166 -0.125603    
 1884.5000 -0.442026    
 1884.5834 -0.548168    
 1884.6666  0.163193E-01
 1884.7500 -0.329723E-01
 1884.8334  0.306814    
 1884.9166  0.259403    
 1885.0000  0.175190    
 1885.0834 -0.157923    
 1885.1666 -0.278563    
 1885.2500 -0.525324    
 1885.3334 -0.373575    
 1885.4166 -0.260763    
 1885.5000 -0.340466    
 1885.5834 -0.379128    
 1885.6666  0.138729    
 1885.7500  0.610249    
 1885.8334  0.668205    
 1885.9166  0.520374    
 1886.0000  0.238411    
 1886.0834 -0.378813    
 1886.1666 -0.925272    
 1886.2500 -0.811165    
 1886.3334  -1.14692    
 1886.4166  -1.71917    
 1886.5000  -1.57191    
 1886.5834  -1.42095    
 1886.6666  -1.29473    
 1886.7500  -1.54103    
 1886.8334  -1.75455    
 1886.9166  -2.19855    
 1887.0000  -2.15253    
 1887.0834  -1.83935    
 1887.1666  -1.39734    
 1887.2500  -1.28691    
 1887.3334  -1.14328    
 1887.4166 -0.773262    
 1887.5000 -0.603367    
 1887.5834 -0.537987    
 1887.6666 -0.523861    
 1887.7500 -0.512691    
 1887.8334 -0.240866    
 1887.9166 -0.988655E-01
 1888.0000  0.471516E-01
 1888.0834  0.694609    
 1888.1666  0.359428    
 1888.2500  0.327549E-01
 1888.3334  0.114624    
 1888.4166  0.440157    
 1888.5000  0.463373    
 1888.5834  0.574293    
 1888.6666   1.01498    
 1888.7500   1.36997    
 1888.8334   1.51468    
 1888.9166   1.75257    
 1889.0000   1.89732    
 1889.0834   1.64650    
 1889.1666  0.797829    
 1889.2500  0.584085    
 1889.3334  0.437935    
 1889.4166 -0.200722    
 1889.5000  -1.54107    
 1889.5834  -1.60647    
 1889.6666  -1.81492    
 1889.7500  -2.23189    
 1889.8334  -1.90372    
 1889.9166  -1.59782    
 1890.0000  -1.87097    
 1890.0834  -2.18394    
 1890.1666  -1.52381    
 1890.2500  -1.39314    
 1890.3334  -1.09616    
 1890.4166 -0.823723    
 1890.5000 -0.954416    
 1890.5834  -1.18530    
 1890.6666  -1.31397    
 1890.7500  -1.30986    
 1890.8334  -1.23461    
 1890.9166 -0.581905    
 1891.0000 -0.373070    
 1891.0834 -0.354733    
 1891.1666 -0.142342    
 1891.2500  0.270535    
 1891.3334  0.266438E-01
 1891.4166 -0.692730E-01
 1891.5000 -0.302795    
 1891.5834 -0.410858    
 1891.6666 -0.402771    
 1891.7500 -0.365520    
 1891.8334 -0.283066    
 1891.9166 -0.811296    
 1892.0000 -0.872129    
 1892.0834 -0.557962    
 1892.1666 -0.268162    
 1892.2500 -0.612576    
 1892.3334 -0.525175    
 1892.4166  -1.14641    
 1892.5000  -1.35560    
 1892.5834  -1.55895    
 1892.6666  -1.92872    
 1892.7500  -2.20362    
 1892.8334  -2.03065    
 1892.9166  -1.92463    
 1893.0000  -1.47487    
 1893.0834  -1.84088    
 1893.1666  -1.88999    
 1893.2500  -1.95289    
 1893.3334  -1.75548    
 1893.4166  -1.59977    
 1893.5000  -1.37732    
 1893.5834  -1.58512    
 1893.6666  -1.48553    
 1893.7500  -1.71674    
 1893.8334  -1.52974    
 1893.9166  -1.53131    
 1894.0000  -1.46575    
 1894.0834  -1.50006    
 1894.1666  -1.07944    
 1894.2500  -1.05886    
 1894.3334 -0.805725    
 1894.4166 -0.988583    
 1894.5000  -1.49148    
 1894.5834  -1.14930    
 1894.6666 -0.799541    
 1894.7500 -0.936651    
 1894.8334 -0.965425    
 1894.9166 -0.957956    
 1895.0000 -0.740530    
 1895.0834 -0.712893    
 1895.1666 -0.686663    
 1895.2500 -0.533785    
 1895.3334 -0.256516    
 1895.4166 -0.712742    
 1895.5000 -0.749996    
 1895.5834 -0.640638    
 1895.6666  0.114029    
 1895.7500 -0.192511    
 1895.8334 -0.366276    
 1895.9166 -0.174356    
 1896.0000 -0.152109    
 1896.0834 -0.168093    
 1896.1666 -0.409317E-01
 1896.2500 -0.711155E-01
 1896.3334 -0.313856    
 1896.4166 -0.151953    
 1896.5000  0.250963    
 1896.5834  0.193642    
 1896.6666  0.534510    
 1896.7500  0.706009    
 1896.8334   1.10748    
 1896.9166   1.28779    
 1897.0000   1.31299    
 1897.0834  0.778698    
 1897.1666  0.500957    
 1897.2500 -0.248194    
 1897.3334 -0.269285    
 1897.4166 -0.248392    
 1897.5000 -0.291716    
 1897.5834 -0.585337    
 1897.6666 -0.535181    
 1897.7500 -0.837042    
 1897.8334  -1.11995    
 1897.9166 -0.762096    
 1898.0000 -0.498009    
 1898.0834 -0.732342    
 1898.1666  -1.09900    
 1898.2500 -0.796324    
 1898.3334 -0.555216    
 1898.4166 -0.603773    
 1898.5000  -1.04790    
 1898.5834  -1.12972    
 1898.6666  -1.11397    
 1898.7500  -1.19049    
 1898.8334  -1.35966    
 1898.9166  -1.33083    
 1899.0000 -0.995049    
 1899.0834 -0.809591    
 1899.1666 -0.798382    
 1899.2500 -0.148184    
 1899.3334 -0.344566    
 1899.4166 -0.335833    
 1899.5000 -0.670662E-01
 1899.5834  0.960617E-01
 1899.6666  0.259209    
 1899.7500  0.304729    
 1899.8334   1.07646    
 1899.9166  0.900854    
 1900.0000  0.639671    
 1900.0834 -0.642529E-01
 1900.1666  0.638227    
 1900.2500  0.649006    
 1900.3334  0.776525    
 1900.4166  0.576477E-01
 1900.5000  0.354115    
 1900.5834 -0.698776E-01
 1900.6666 -0.160070    
 1900.7500 -0.301302    
 1900.8334 -0.468056    
 1900.9166  0.337444    
 1901.0000  0.226801    
 1901.0834 -0.106962    
 1901.1666 -0.127533    
 1901.2500 -0.221184    
 1901.3334 -0.509056    
 1901.4166 -0.595783    
 1901.5000 -0.715336    
 1901.5834 -0.497198    
 1901.6666 -0.652290    
 1901.7500 -0.654911    
 1901.8334 -0.341986    
 1901.9166 -0.481176    
 1902.0000 -0.588890    
 1902.0834 -0.322351    
 1902.1666 -0.751019E-01
 1902.2500  0.406025    
 1902.3334  0.437904    
 1902.4166  0.691217    
 1902.5000   1.00493    
 1902.5834   1.29266    
 1902.6666   1.17603    
 1902.7500   1.44957    
 1902.8334   1.49587    
 1902.9166   1.38326    
 1903.0000   1.25853    
 1903.0834  0.948318    
 1903.1666  0.434408    
 1903.2500 -0.601845E-01
 1903.3334 -0.379955    
 1903.4166 -0.504463    
 1903.5000  -1.02824    
 1903.5834  -1.94425    
 1903.6666  -1.80537    
 1903.7500  -1.50543    
 1903.8334  -1.43693    
 1903.9166  -1.39333    
 1904.0000  -1.42443    
 1904.0834  -1.26959    
 1904.1666  -1.24196    
 1904.2500 -0.818764    
 1904.3334 -0.568325    
 1904.4166 -0.397572    
 1904.5000 -0.234516    
 1904.5834 -0.164707    
 1904.6666 -0.200851    
 1904.7500 -0.292816E-01
 1904.8334  0.418554    
 1904.9166  0.631853    
 1905.0000  0.727140    
 1905.0834  0.732517    
 1905.1666  0.718237    
 1905.2500  0.854425    
 1905.3334  0.870644    
 1905.4166  0.923767    
 1905.5000   1.05740    
 1905.5834   1.16110    
 1905.6666   1.31710    
 1905.7500  0.660368    
 1905.8334  0.589615    
 1905.9166  0.788013    
 1906.0000  0.543282    
 1906.0834  0.784683E-01
 1906.1666  0.122871E-01
 1906.2500 -0.299074    
 1906.3334 -0.443476    
 1906.4166 -0.727333    
 1906.5000 -0.965027    
 1906.5834  -1.27634    
 1906.6666  -1.22875    
 1906.7500 -0.811460    
 1906.8334 -0.828495    
 1906.9166 -0.880756    
 1907.0000 -0.959290    
 1907.0834  -1.20896    
 1907.1666 -0.934252    
 1907.2500 -0.702105    
 1907.3334 -0.381775    
 1907.4166 -0.580462    
 1907.5000 -0.489466    
 1907.5834 -0.268427    
 1907.6666 -0.329151    
 1907.7500 -0.290981    
 1907.8334 -0.430775    
 1907.9166 -0.554947    
 1908.0000 -0.394390    
 1908.0834 -0.356081    
 1908.1666 -0.595333    
 1908.2500 -0.994345    
 1908.3334  -1.00904    
 1908.4166 -0.873663    
 1908.5000 -0.784966    
 1908.5834 -0.827917    
 1908.6666  -1.17267    
 1908.7500  -1.31842    
 1908.8334  -1.30968    
 1908.9166  -1.68324    
 1909.0000  -1.77063    
 1909.0834  -1.42715    
 1909.1666  -1.04096    
 1909.2500  -1.03261    
 1909.3334 -0.968996    
 1909.4166 -0.966473    
 1909.5000  -1.04913    
 1909.5834  -1.03826    
 1909.6666  -1.85843    
 1909.7500  -1.84673    
 1909.8334  -1.69199    
 1909.9166  -1.65260    
 1910.0000  -1.81331    
 1910.0834  -1.88245    
 1910.1666  -2.36699    
 1910.2500  -1.45277    
 1910.3334  -1.16318    
 1910.4166  -1.13437    
 1910.5000  -1.32811    
 1910.5834  -1.52803    
 1910.6666  -2.27799    
 1910.7500  -1.46550    
 1910.8334  -1.47654    
 1910.9166  -1.34231    
 1911.0000  -1.10729    
 1911.0834  -1.19512    
 1911.1666  -1.11650    
 1911.2500 -0.853806    
 1911.3334 -0.879885    
 1911.4166 -0.236612    
 1911.5000 -0.149317    
 1911.5834 -0.474197    
 1911.6666 -0.552382    
 1911.7500  0.203249    
 1911.8334  0.503035    
 1911.9166   1.24020    
 1912.0000   1.33835    
 1912.0834   1.17325    
 1912.1666  0.861498    
 1912.2500  0.575254    
 1912.3334  0.212175    
 1912.4166 -0.361792    
 1912.5000 -0.423065    
 1912.5834 -0.380917    
 1912.6666  -1.13173    
 1912.7500  -1.02277    
 1912.8334 -0.802696    
 1912.9166 -0.831985    
 1913.0000 -0.659580    
 1913.0834 -0.555342    
 1913.1666 -0.638052    
 1913.2500 -0.234905    
 1913.3334 -0.259195    
 1913.4166 -0.267262    
 1913.5000 -0.240246    
 1913.5834 -0.289978    
 1913.6666 -0.227520    
 1913.7500 -0.240572    
 1913.8334  0.318554    
 1913.9166   1.02438    
 1914.0000  0.988741    
 1914.0834  0.334509    
 1914.1666  0.178047    
 1914.2500  0.100155E-01
 1914.3334  0.377504    
 1914.4166  0.254757    
 1914.5000  0.304674    
 1914.5834  0.560982    
 1914.6666   1.19094    
 1914.7500  0.903429    
 1914.8334  0.668015    
 1914.9166  0.838203    
 1915.0000   1.24578    
 1915.0834   1.24725    
 1915.1666  0.727386E-01
 1915.2500  0.393354    
 1915.3334  0.922215    
 1915.4166  0.404737    
 1915.5000 -0.114237    
 1915.5834 -0.538208    
 1915.6666 -0.674171    
 1915.7500  -1.38768    
 1915.8334  -1.68830    
 1915.9166  -1.77809    
 1916.0000  -1.41747    
 1916.0834  -1.71129    
 1916.1666  -1.51132    
 1916.2500  -1.40898    
 1916.3334 -0.701666    
 1916.4166  -1.25558    
 1916.5000  -1.14329    
 1916.5834  -1.21238    
 1916.6666  -1.20028    
 1916.7500  -1.88081    
 1916.8334  -2.50797    
 1916.9166  -2.36512    
 1917.0000  -2.89603    
 1917.0834  -2.60090    
 1917.1666  -2.08776    
 1917.2500  -1.22081    
 1917.3334 -0.959105    
 1917.4166  -1.57043    
 1917.5000  -1.64499    
 1917.5834  -2.04942    
 1917.6666  -1.61175    
 1917.7500  -2.00026    
 1917.8334  -1.80190    
 1917.9166  -1.37886    
 1918.0000 -0.817419    
 1918.0834 -0.704082    
 1918.1666  -1.22478    
 1918.2500  -1.02802    
 1918.3334 -0.391705    
 1918.4166  0.766754E-02
 1918.5000  0.596542E-01
 1918.5834 -0.207272E-01
 1918.6666  0.241899    
 1918.7500  0.886408    
 1918.8334  0.903315    
 1918.9166  0.723104    
 1919.0000  0.819010    
 1919.0834  0.599419    
 1919.1666 -0.626263    
 1919.2500  -2.43746    
 1919.3334 -0.797466    
 1919.4166 -0.646572    
 1919.5000 -0.769285    
 1919.5834 -0.720488    
 1919.6666 -0.147711    
 1919.7500 -0.106382    
 1919.8334 -0.813351E-01
 1919.9166  0.359903    
 1920.0000 -0.963802E-01
 1920.0834  0.447273E-01
 1920.1666  0.568886E-01
 1920.2500 -0.188814    
 1920.3334 -0.191616    
 1920.4166  0.197897    
 1920.5000  0.104685    
 1920.5834  0.201923    
 1920.6666  0.256439    
 1920.7500 -0.666481    
 1920.8334 -0.602945    
 1920.9166 -0.683016    
 1921.0000 -0.724060    
 1921.0834  -1.71305    
 1921.1666  -2.88524    
 1921.2500  -2.26933    
 1921.3334  -1.06067    
 1921.4166 -0.997812    
 1921.5000 -0.602606    
 1921.5834 -0.457573E-01
 1921.6666 -0.117880    
 1921.7500  0.215799    
 1921.8334  0.361244    
 1921.9166  0.703640E-01
 1922.0000 -0.465698E-01
 1922.0834 -0.742472    
 1922.1666 -0.384312    
 1922.2500 -0.877155    
 1922.3334  -1.05795    
 1922.4166  -1.17106    
 1922.5000  -1.55269    
 1922.5834  -1.68289    
 1922.6666  -1.58046    
 1922.7500 -0.984072    
 1922.8334 -0.791626    
 1922.9166 -0.967855    
 1923.0000  -1.08438    
 1923.0834  -1.28521    
 1923.1666 -0.707743    
 1923.2500 -0.547525    
 1923.3334 -0.348566    
 1923.4166 -0.220032    
 1923.5000 -0.263386    
 1923.5834 -0.957680E-01
 1923.6666 -0.338802E-01
 1923.7500  0.883179E-01
 1923.8334  0.574551E-01
 1923.9166  0.156704    
 1924.0000  0.429560    
 1924.0834  0.132748    
 1924.1666 -0.132113    
 1924.2500 -0.594494    
 1924.3334 -0.766365    
 1924.4166  -1.06054    
 1924.5000  -1.36303    
 1924.5834  -1.58429    
 1924.6666  -1.77327    
 1924.7500  -1.80394    
 1924.8334  -1.80136    
 1924.9166  -1.82068    
 1925.0000  -1.55831    
 1925.0834  -1.61118    
 1925.1666 -0.861002    
 1925.2500 -0.660666    
 1925.3334 -0.641186    
 1925.4166 -0.497393    
 1925.5000 -0.168446    
 1925.5834 -0.409870E-01
 1925.6666  0.394001E-01
 1925.7500  0.455109    
 1925.8334  0.750795    
 1925.9166  0.828924    
 1926.0000  0.881090    
 1926.0834  0.669298    
 1926.1666  0.530397    
 1926.2500  0.467665    
 1926.3334  0.204344    
 1926.4166 -0.939217E-01
 1926.5000  0.244541E-01
 1926.5834 -0.341797    
 1926.6666 -0.679100    
 1926.7500  -1.13401    
 1926.8334  -1.13550    
 1926.9166 -0.947237    
 1927.0000 -0.924599    
 1927.0834 -0.690151    
 1927.1666 -0.667883    
 1927.2500 -0.857635    
 1927.3334 -0.859926    
 1927.4166 -0.549452    
 1927.5000 -0.588896    
 1927.5834 -0.477367    
 1927.6666 -0.186621    
 1927.7500 -0.548611E-01
 1927.8334 -0.378576    
 1927.9166 -0.476936    
 1928.0000 -0.299509    
 1928.0834 -0.402632    
 1928.1666 -0.541142    
 1928.2500 -0.607994    
 1928.3334 -0.420275    
 1928.4166 -0.527552    
 1928.5000 -0.468746    
 1928.5834 -0.509377    
 1928.6666 -0.567110    
 1928.7500 -0.715162    
 1928.8334 -0.612305    
 1928.9166 -0.582857    
 1929.0000 -0.834339    
 1929.0834 -0.944292    
 1929.1666 -0.812483    
 1929.2500 -0.735905    
 1929.3334 -0.684616    
 1929.4166 -0.609472    
 1929.5000 -0.436617    
 1929.5834 -0.330387    
 1929.6666 -0.244471    
 1929.7500 -0.238451    
 1929.8334 -0.218216    
 1929.9166 -0.199337    
 1930.0000  0.115910E-01
 1930.0834 -0.241280E-02
 1930.1666 -0.864220E-01
 1930.2500 -0.201914    
 1930.3334 -0.920963E-01
 1930.4166  0.154297    
 1930.5000  0.186764    
 1930.5834  0.246153    
 1930.6666  0.485189    
 1930.7500  0.896479    
 1930.8334  0.983564    
 1930.9166  0.940495    
 1931.0000  0.800751    
 1931.0834  0.747099    
 1931.1666  0.319458    
 1931.2500  0.224356    
 1931.3334  0.156294    
 1931.4166 -0.501328E-01
 1931.5000 -0.338669E-01
 1931.5834 -0.420757    
 1931.6666  -1.04727    
 1931.7500  -1.20655    
 1931.8334 -0.959616    
 1931.9166 -0.974346    
 1932.0000 -0.990259    
 1932.0834 -0.631132    
 1932.1666 -0.291943    
 1932.2500 -0.684052E-01
 1932.3334 -0.801659E-01
 1932.4166 -0.207502    
 1932.5000 -0.322277    
 1932.5834 -0.568838    
 1932.6666 -0.896940    
 1932.7500 -0.723522    
 1932.8334 -0.692076    
 1932.9166 -0.827797    
 1933.0000 -0.796499    
 1933.0834 -0.835241    
 1933.1666 -0.857903    
 1933.2500 -0.955154    
 1933.3334 -0.994656    
 1933.4166  -1.27289    
 1933.5000  -1.53515    
 1933.5834  -1.73658    
 1933.6666  -1.80305    
 1933.7500  -1.71212    
 1933.8334  -1.85217    
 1933.9166  -1.90327    
 1934.0000  -1.87138    
 1934.0834  -1.38027    
 1934.1666  -1.26613    
 1934.2500  -1.16131    
 1934.3334 -0.859825    
 1934.4166 -0.514673    
 1934.5000 -0.487226    
 1934.5834 -0.548237    
 1934.6666 -0.846031    
 1934.7500 -0.606672    
 1934.8334 -0.553795    
 1934.9166 -0.558407    
 1935.0000 -0.681770    
 1935.0834 -0.685223    
 1935.1666 -0.636162    
 1935.2500 -0.890024    
 1935.3334 -0.885635    
 1935.4166 -0.753113    
 1935.5000 -0.609417    
 1935.5834 -0.382288    
 1935.6666 -0.246260    
 1935.7500 -0.276192    
 1935.8334 -0.570995    
 1935.9166 -0.534456    
 1936.0000 -0.352200    
 1936.0834 -0.341393    
 1936.1666 -0.495083    
 1936.2500 -0.470995    
 1936.3334 -0.410915    
 1936.4166 -0.417923    
 1936.5000 -0.594406    
 1936.5834 -0.647928    
 1936.6666 -0.610731    
 1936.7500 -0.703161    
 1936.8334 -0.845146    
 1936.9166 -0.972227    
 1937.0000 -0.964590    
 1937.0834 -0.500631    
 1937.1666 -0.437353    
 1937.2500 -0.736734    
 1937.3334 -0.694096    
 1937.4166 -0.499552    
 1937.5000 -0.583937    
 1937.5834 -0.399448    
 1937.6666 -0.406130    
 1937.7500 -0.367741    
 1937.8334 -0.418146    
 1937.9166 -0.626387    
 1938.0000 -0.926670    
 1938.0834  -1.13225    
 1938.1666  -1.14609    
 1938.2500  -1.31523    
 1938.3334  -1.22528    
 1938.4166  -1.63142    
 1938.5000  -1.90533    
 1938.5834  -1.79478    
 1938.6666  -1.39905    
 1938.7500  -1.22585    
 1938.8334  -1.29220    
 1938.9166  -1.47228    
 1939.0000  -1.65297    
 1939.0834  -1.60490    
 1939.1666 -0.736643    
 1939.2500 -0.652754    
 1939.3334 -0.258005    
 1939.4166 -0.273952    
 1939.5000  0.101738E-01
 1939.5834  0.548172E-02
 1939.6666 -0.266451    
 1939.7500 -0.154572    
 1939.8334 -0.707546    
 1939.9166 -0.252895    
 1940.0000  0.848661    
 1940.0834  0.729868    
 1940.1666   1.11863    
 1940.2500  0.215345    
 1940.3334  0.384895    
 1940.4166  0.242958    
 1940.5000  0.259314    
 1940.5834  0.639782    
 1940.6666  0.776209    
 1940.7500  0.431768    
 1940.8334   1.13410    
 1940.9166   1.35379    
 1941.0000   1.69064    
 1941.0834   1.42019    
 1941.1666   1.19884    
 1941.2500  0.721865    
 1941.3334  0.808825    
 1941.4166  0.717138    
 1941.5000  0.436874    
 1941.5834  0.375872    
 1941.6666  0.264969    
 1941.7500  0.445478    
 1941.8334  0.813046    
 1941.9166   1.00976    
 1942.0000  0.524101    
 1942.0834  0.320827    
 1942.1666  0.335918    
 1942.2500  0.314714    
 1942.3334  0.839252E-01
 1942.4166 -0.347572    
 1942.5000  -1.03982    
 1942.5834  -1.51150    
 1942.6666  -2.00113    
 1942.7500  -1.83506    
 1942.8334  -1.73322    
 1942.9166  -1.77773    
 1943.0000  -1.94961    
 1943.0834  -1.96759    
 1943.1666  -1.51102    
 1943.2500  -1.26735    
 1943.3334 -0.761585    
 1943.4166 -0.361492    
 1943.5000 -0.185986    
 1943.5834 -0.113918    
 1943.6666 -0.534842    
 1943.7500 -0.883581    
 1943.8334 -0.693985    
 1943.9166 -0.636166    
 1944.0000 -0.663620    
 1944.0834 -0.415651    
 1944.1666  0.549870E-01
 1944.2500  0.218904    
 1944.3334 -0.763950E-01
 1944.4166  0.792885E-01
 1944.5000 -0.159916    
 1944.5834 -0.516367    
 1944.6666 -0.884861    
 1944.7500  -1.25702    
 1944.8334  -1.00598    
 1944.9166  -1.01551    
 1945.0000 -0.904469    
 1945.0834  -1.00610    
 1945.1666  -1.00893    
 1945.2500  -1.00829    
 1945.3334 -0.198456    
 1945.4166 -0.622093    
 1945.5000 -0.849636    
 1945.5834 -0.990608    
 1945.6666 -0.349190    
 1945.7500 -0.359432    
 1945.8334  0.736954    
 1945.9166  0.941565    
 1946.0000  0.146740    
 1946.0834 -0.605812E-01
 1946.1666  0.371677    
 1946.2500  0.359795    
 1946.3334  0.258175    
 1946.4166 -0.498222    
 1946.5000  -1.07690    
 1946.5834  -1.14743    
 1946.6666  -1.06706    
 1946.7500 -0.790371    
 1946.8334 -0.394655    
 1946.9166 -0.267796    
 1947.0000 -0.395500    
 1947.0834 -0.426262    
 1947.1666 -0.546562    
 1947.2500 -0.298244    
 1947.3334 -0.620565    
 1947.4166  0.298607    
 1947.5000 -0.194054E-01
 1947.5834 -0.444197    
 1947.6666 -0.888241    
 1947.7500  -1.31636    
 1947.8334  -1.39083    
 1947.9166 -0.515707    
 1948.0000 -0.797960    
 1948.0834 -0.622143    
 1948.1666  -1.61079    
 1948.2500 -0.290754    
 1948.3334  0.171425    
 1948.4166 -0.177402    
 1948.5000 -0.528896    
 1948.5834  -1.28921    
 1948.6666  -1.14248    
 1948.7500  -1.36374    
 1948.8334 -0.182535    
 1948.9166 -0.872126    
 1949.0000 -0.855669    
 1949.0834 -0.878551    
 1949.1666 -0.278263    
 1949.2500 -0.298815    
 1949.3334 -0.936716    
 1949.4166  -1.17759    
 1949.5000 -0.996576    
 1949.5834 -0.770817    
 1949.6666 -0.701561    
 1949.7500 -0.995562    
 1949.8334  -1.51644    
 1949.9166  -1.88071    
 1950.0000  -1.80300    
 1950.0834  -1.62026    
 1950.1666  -1.28113    
 1950.2500  -1.46244    
 1950.3334  -1.71358    
 1950.4166  -1.13850    
 1950.5000 -0.905966    
 1950.5834  -1.06039    
 1950.6666  -1.13952    
 1950.7500 -0.966131    
 1950.8334  -1.06144    
 1950.9166  -1.29493    
 1951.0000  -1.31137    
 1951.0834  -1.09672    
 1951.1666 -0.342093    
 1951.2500 -0.215815    
 1951.3334  0.312843E-01
 1951.4166 -0.218172    
 1951.5000  0.270914    
 1951.5834  0.112873    
 1951.6666  0.405519    
 1951.7500  0.294889    
 1951.8334  0.352755    
 1951.9166  0.172335    
 1952.0000  0.504913E-01
 1952.0834 -0.137215E-01
 1952.1666 -0.248146E-02
 1952.2500  0.174065    
 1952.3334  0.204384    
 1952.4166 -0.251183    
 1952.5000 -0.377457    
 1952.5834 -0.479958    
 1952.6666 -0.343330    
 1952.7500 -0.271601    
 1952.8334 -0.379435    
 1952.9166 -0.155725    
 1953.0000  0.242340    
 1953.0834  0.370188    
 1953.1666  0.284098    
 1953.2500  0.373596    
 1953.3334  0.376554    
 1953.4166  0.453358    
 1953.5000  0.302753    
 1953.5834  0.173002    
 1953.6666  0.249929    
 1953.7500  0.316339    
 1953.8334  0.226215    
 1953.9166  0.357964    
 1954.0000  0.276480    
 1954.0834  0.236258    
 1954.1666 -0.317322    
 1954.2500 -0.952496    
 1954.3334 -0.842415    
 1954.4166 -0.687033    
 1954.5000 -0.871185    
 1954.5834  -1.21645    
 1954.6666  -1.34979    
 1954.7500  -1.14042    
 1954.8334 -0.833136    
 1954.9166  -1.02261    
 1955.0000 -0.833580    
 1955.0834 -0.956343    
 1955.1666 -0.954132    
 1955.2500  -1.14323    
 1955.3334 -0.988214    
 1955.4166 -0.904531    
 1955.5000 -0.871336    
 1955.5834  -1.08467    
 1955.6666  -1.23505    
 1955.7500  -2.13603    
 1955.8334  -2.25680    
 1955.9166  -1.91541    
 1956.0000  -1.01783    
 1956.0834 -0.756472    
 1956.1666 -0.737883    
 1956.2500  -1.02288    
 1956.3334 -0.611814    
 1956.4166 -0.653002    
 1956.5000 -0.796785    
 1956.5834  -1.02757    
 1956.6666 -0.881880    
 1956.7500 -0.948572    
 1956.8334 -0.972795    
 1956.9166 -0.808907    
 1957.0000 -0.619730    
 1957.0834 -0.350712    
 1957.1666  0.722084E-01
 1957.2500  0.296566    
 1957.3334  0.458775    
 1957.4166  0.554798    
 1957.5000  0.832134    
 1957.5834  0.747293    
 1957.6666  0.561319    
 1957.7500  0.562958    
 1957.8334  0.963484    
 1957.9166   1.15088    
 1958.0000   1.52430    
 1958.0834   1.37258    
 1958.1666  0.848679    
 1958.2500  0.424065    
 1958.3334  0.370935    
 1958.4166  0.433308    
 1958.5000  0.639534E-01
 1958.5834 -0.111927    
 1958.6666 -0.228580    
 1958.7500 -0.376110E-01
 1958.8334  0.275015    
 1958.9166  0.127123    
 1959.0000  0.341042    
 1959.0834  0.339489    
 1959.1666  0.757484E-01
 1959.2500  0.736618E-02
 1959.3334 -0.224705    
 1959.4166 -0.383383    
 1959.5000 -0.750557    
 1959.5834 -0.689718    
 1959.6666 -0.769411    
 1959.7500 -0.521622    
 1959.8334 -0.556684    
 1959.9166 -0.419697    
 1960.0000 -0.386660    
 1960.0834 -0.476473    
 1960.1666 -0.410872    
 1960.2500 -0.228485    
 1960.3334 -0.300745    
 1960.4166 -0.519512    
 1960.5000 -0.454065    
 1960.5834 -0.175627    
 1960.6666 -0.387901    
 1960.7500 -0.515032    
 1960.8334 -0.336185    
 1960.9166 -0.449535    
 1961.0000 -0.358740    
 1961.0834 -0.368511    
 1961.1666 -0.455853    
 1961.2500 -0.486954    
 1961.3334 -0.235586    
 1961.4166 -0.689316E-02
 1961.5000 -0.226646    
 1961.5834 -0.668777    
 1961.6666 -0.906240    
 1961.7500 -0.963661    
 1961.8334 -0.630276    
 1961.9166 -0.577606    
 1962.0000 -0.558800    
 1962.0834 -0.595802    
 1962.1666 -0.552273    
 1962.2500 -0.626905    
 1962.3334 -0.755175    
 1962.4166 -0.538443    
 1962.5000 -0.443195    
 1962.5834 -0.559757    
 1962.6666 -0.857061    
 1962.7500 -0.715172    
 1962.8334 -0.905756    
 1962.9166 -0.900776    
 1963.0000 -0.770039    
 1963.0834 -0.565983    
 1963.1666 -0.206032    
 1963.2500 -0.883141E-01
 1963.3334 -0.371155    
 1963.4166 -0.112122    
 1963.5000  0.475334    
 1963.5834  0.522802    
 1963.6666  0.572948    
 1963.7500  0.630768    
 1963.8334  0.653255    
 1963.9166  0.837494    
 1964.0000  0.621941    
 1964.0834  0.331228    
 1964.1666 -0.311691    
 1964.2500 -0.794485    
 1964.3334 -0.945705    
 1964.4166  -1.05574    
 1964.5000  -1.02438    
 1964.5834  -1.22740    
 1964.6666  -1.36380    
 1964.7500  -1.29409    
 1964.8334  -1.34261    
 1964.9166  -1.30482    
 1965.0000 -0.932270    
 1965.0834 -0.547901    
 1965.1666 -0.376202    
 1965.2500 -0.355755    
 1965.3334  0.112553E-01
 1965.4166  0.365849    
 1965.5000  0.629284    
 1965.5834  0.921593    
 1965.6666   1.04768    
 1965.7500   1.30971    
 1965.8334   1.28553    
 1965.9166   1.17278    
 1966.0000  0.947420    
 1966.0834  0.653057    
 1966.1666  0.736967    
 1966.2500  0.294044    
 1966.3334 -0.303776    
 1966.4166  0.235481E-01
 1966.5000 -0.351658E-01
 1966.5834 -0.385628    
 1966.6666 -0.424911    
 1966.7500 -0.416462    
 1966.8334 -0.390076    
 1966.9166 -0.564445    
 1967.0000 -0.656050    
 1967.0834 -0.659092    
 1967.1666 -0.853352    
 1967.2500  -1.01111    
 1967.3334 -0.532406    
 1967.4166 -0.156832    
 1967.5000 -0.300957    
 1967.5834 -0.472307    
 1967.6666 -0.895571    
 1967.7500 -0.748871    
 1967.8334 -0.621296    
 1967.9166 -0.742867    
 1968.0000 -0.982420    
 1968.0834  -1.17879    
 1968.1666  -1.08600    
 1968.2500 -0.766544    
 1968.3334 -0.652615    
 1968.4166  0.179077    
 1968.5000  0.250834    
 1968.5834  0.214920E-01
 1968.6666 -0.123571    
 1968.7500 -0.990715E-01
 1968.8334  0.422655    
 1968.9166  0.475834    
 1969.0000  0.695171    
 1969.0834  0.876339    
 1969.1666  0.511578    
 1969.2500  0.349716    
 1969.3334  0.350395    
 1969.4166  0.172867    
 1969.5000 -0.520267E-01
 1969.5834  0.198532    
 1969.6666  0.360849    
 1969.7500  0.574659    
 1969.8334  0.432735    
 1969.9166  0.425953    
 1970.0000  0.277411    
 1970.0834  0.240627    
 1970.1666  0.213985E-01
 1970.2500  0.410862E-01
 1970.3334 -0.193865    
 1970.4166 -0.574253    
 1970.5000 -0.906107    
 1970.5834  -1.26512    
 1970.6666  -1.15938    
 1970.7500  -1.21717    
 1970.8334  -1.15615    
 1970.9166  -1.34791    
 1971.0000  -1.74868    
 1971.0834  -1.53467    
 1971.1666  -1.32252    
 1971.2500  -1.15949    
 1971.3334 -0.913326    
 1971.4166  -1.06881    
 1971.5000  -1.00082    
 1971.5834 -0.994318    
 1971.6666  -1.03141    
 1971.7500  -1.15493    
 1971.8334 -0.972956    
 1971.9166  -1.20621    
 1972.0000 -0.935589    
 1972.0834 -0.543732    
 1972.1666 -0.231482    
 1972.2500  0.429554E-01
 1972.3334  0.316095    
 1972.4166  0.486898    
 1972.5000  0.844814    
 1972.5834   1.02328    
 1972.6666   1.11148    
 1972.7500   1.51677    
 1972.8334   1.80478    
 1972.9166   1.83475    
 1973.0000   1.49398    
 1973.0834   1.04502    
 1973.1666  0.340437    
 1973.2500 -0.306284    
 1973.3334 -0.804306    
 1973.4166 -0.951832    
 1973.5000  -1.32026    
 1973.5834  -1.44059    
 1973.6666  -1.67228    
 1973.7500  -1.93859    
 1973.8334  -2.25692    
 1973.9166  -2.15595    
 1974.0000  -2.00224    
 1974.0834  -1.65523    
 1974.1666  -1.41540    
 1974.2500  -1.20703    
 1974.3334  -1.17879    
 1974.4166  -1.08777    
 1974.5000 -0.834295    
 1974.5834 -0.554478    
 1974.6666 -0.618450    
 1974.7500 -0.908392    
 1974.8334 -0.999655    
 1974.9166 -0.908316    
 1975.0000 -0.503809    
 1975.0834 -0.705692    
 1975.1666 -0.974342    
 1975.2500 -0.829975    
 1975.3334 -0.904585    
 1975.4166  -1.24696    
 1975.5000  -1.15822    
 1975.5834  -1.42244    
 1975.6666  -1.63061    
 1975.7500  -1.76767    
 1975.8334  -1.58265    
 1975.9166  -1.85388    
 1976.0000  -1.92470    
 1976.0834  -1.31173    
 1976.1666 -0.778091    
 1976.2500 -0.784775    
 1976.3334 -0.619535    
 1976.4166 -0.358902    
 1976.5000 -0.153316    
 1976.5834 -0.461769E-02
 1976.6666  0.159779    
 1976.7500  0.668598    
 1976.8334  0.614784    
 1976.9166  0.537125    
 1977.0000  0.661690    
 1977.0834  0.340597    
 1977.1666  0.198418    
 1977.2500 -0.205675    
 1977.3334 -0.120945E-01
 1977.4166  0.199358    
 1977.5000  0.204865    
 1977.5834 -0.524082E-01
 1977.6666  0.210020    
 1977.7500  0.485748    
 1977.8334  0.506685    
 1977.9166  0.637474    
 1978.0000  0.527140    
 1978.0834  0.256279    
 1978.1666 -0.164722    
 1978.2500 -0.636015    
 1978.3334 -0.549295    
 1978.4166 -0.573883    
 1978.5000 -0.539816    
 1978.5834 -0.790977    
 1978.6666 -0.753250    
 1978.7500 -0.527191    
 1978.8334 -0.350426    
 1978.9166 -0.153637    
 1979.0000 -0.225979    
 1979.0834 -0.284342    
 1979.1666  0.546074E-01
 1979.2500  0.819244E-01
 1979.3334 -0.776863E-01
 1979.4166 -0.133902    
 1979.5000 -0.254436    
 1979.5834 -0.108408    
 1979.6666  0.274420    
 1979.7500  0.920181E-01
 1979.8334  0.326994    
 1979.9166  0.457994    
 1980.0000  0.443310    
 1980.0834  0.220078    
 1980.1666  0.178585E-01
 1980.2500  0.101547E-01
 1980.3334  0.185144    
 1980.4166  0.315659    
 1980.5000  0.159554    
 1980.5834 -0.215847    
 1980.6666 -0.239401    
 1980.7500 -0.257761    
 1980.8334 -0.864658E-01
 1980.9166  0.888329E-01
 1981.0000 -0.323589    
 1981.0834 -0.600851    
 1981.1666 -0.559542    
 1981.2500 -0.428986    
 1981.3334 -0.442875    
 1981.4166 -0.307663    
 1981.5000 -0.519547    
 1981.5834 -0.507738    
 1981.6666 -0.301060    
 1981.7500 -0.295961    
 1981.8334 -0.325125    
 1981.9166 -0.164156    
 1982.0000  0.131762    
 1982.0834 -0.187483    
 1982.1666  0.161518    
 1982.2500  0.281525    
 1982.3334  0.501564    
 1982.4166  0.599298    
 1982.5000  0.446995    
 1982.5834  0.708382    
 1982.6666   1.36109    
 1982.7500   1.84242    
 1982.8334   1.90776    
 1982.9166   2.14485    
 1983.0000   2.11315    
 1983.0834   1.80344    
 1983.1666   1.35682    
 1983.2500  0.983965    
 1983.3334  0.931705    
 1983.4166  0.599598    
 1983.5000 -0.618668E-01
 1983.5834 -0.197218    
 1983.6666 -0.450920    
 1983.7500 -0.940502    
 1983.8334  -1.03123    
 1983.9166 -0.849096    
 1984.0000 -0.630659    
 1984.0834 -0.161072    
 1984.1666 -0.378323    
 1984.2500 -0.541565    
 1984.3334 -0.544096    
 1984.4166 -0.654762    
 1984.5000 -0.346596    
 1984.5834 -0.281837    
 1984.6666 -0.405521    
 1984.7500 -0.649141    
 1984.8334  -1.13556    
 1984.9166  -1.27104    
 1985.0000  -1.03489    
 1985.0834 -0.648903    
 1985.1666 -0.710823    
 1985.2500 -0.998144    
 1985.3334 -0.846155    
 1985.4166 -0.760603    
 1985.5000 -0.511406    
 1985.5834 -0.507988    
 1985.6666 -0.693171    
 1985.7500 -0.444561    
 1985.8334 -0.287895    
 1985.9166 -0.348307    
 1986.0000 -0.589739    
 1986.0834 -0.628363    
 1986.1666 -0.341053    
 1986.2500 -0.217644    
 1986.3334 -0.321465    
 1986.4166 -0.158182    
 1986.5000 -0.368767E-01
 1986.5834  0.255123    
 1986.6666  0.497889    
 1986.7500  0.734039    
 1986.8334  0.880655    
 1986.9166  0.963804    
 1987.0000   1.02721    
 1987.0834   1.09340    
 1987.1666   1.11293    
 1987.2500  0.815916    
 1987.3334  0.641254    
 1987.4166  0.880438    
 1987.5000   1.22727    
 1987.5834   1.46200    
 1987.6666   1.50938    
 1987.7500   1.24402    
 1987.8334   1.08872    
 1987.9166  0.902615    
 1988.0000  0.786730    
 1988.0834  0.233707    
 1988.1666  0.418186E-01
 1988.2500 -0.312654    
 1988.3334  -1.00185    
 1988.4166  -1.45374    
 1988.5000  -1.56253    
 1988.5834  -1.23207    
 1988.6666  -1.07149    
 1988.7500  -1.81499    
 1988.8334  -1.93188    
 1988.9166  -1.83869    
 1989.0000  -1.89538    
 1989.0834  -1.45256    
 1989.1666  -1.16118    
 1989.2500  -1.05185    
 1989.3334 -0.767155    
 1989.4166 -0.514812    
 1989.5000 -0.447077    
 1989.5834 -0.486338    
 1989.6666 -0.366390    
 1989.7500 -0.417772    
 1989.8334 -0.458315    
 1989.9166 -0.116735    
 1990.0000 -0.340786E-01
 1990.0834  0.125738    
 1990.1666  0.820732E-02
 1990.2500  0.438347E-01
 1990.3334  0.908241E-01
 1990.4166 -0.805283E-02
 1990.5000  0.200943    
 1990.5834  0.160793    
 1990.6666  0.157389    
 1990.7500  0.249678    
 1990.8334  0.111555    
 1990.9166  0.314663    
 1991.0000  0.410671    
 1991.0834  0.301138    
 1991.1666  0.853271E-01
 1991.2500  0.288445    
 1991.3334  0.325514    
 1991.4166  0.540037    
 1991.5000  0.776144    
 1991.5834  0.755972    
 1991.6666  0.479019    
 1991.7500  0.878248    
 1991.8334   1.20218    
 1991.9166   1.56529    
 1992.0000   1.69512    
 1992.0834   1.64283    
 1992.1666   1.29083    
 1992.2500   1.19237    
 1992.3334   1.04120    
 1992.4166  0.776867    
 1992.5000  0.455303    
 1992.5834  0.142693    
 1992.6666 -0.864983E-02
 1992.7500 -0.154842    
 1992.8334 -0.955963E-01
 1992.9166  0.296745E-01
 1993.0000  0.163790    
 1993.0834  0.357538    
 1993.1666  0.417778    
 1993.2500  0.773136    
 1993.3334  0.907534    
 1993.4166  0.552948    
 1993.5000  0.283484    
 1993.5834  0.703125E-01
 1993.6666  0.317059    
 1993.7500  0.196749    
 1993.8334  0.118105    
 1993.9166  0.210524    
 1994.0000  0.148111    
 1994.0834  0.121008    
 1994.1666  0.131369    
 1994.2500  0.319456    
 1994.3334  0.399975    
 1994.4166  0.351997    
 1994.5000  0.326904    
 1994.5834  0.475702    
 1994.6666  0.261700    
 1994.7500  0.615149    
 1994.8334   1.08974    
 1994.9166   1.22169    
 1995.0000  0.968241    
 1995.0834  0.703709    
 1995.1666  0.439919    
 1995.2500  0.324184    
 1995.3334  0.382252E-01
 1995.4166  0.395470E-01
 1995.5000 -0.104727    
 1995.5834 -0.456337    
 1995.6666 -0.764080    
 1995.7500 -0.873291    
 1995.8334 -0.983376    
 1995.9166 -0.901596    
 1996.0000 -0.843390    
 1996.0834 -0.808372    
 1996.1666 -0.599493    
 1996.2500 -0.325634    
 1996.3334 -0.208345    
 1996.4166 -0.183872    
 1996.5000 -0.212107    
 1996.5834 -0.168657    
 1996.6666 -0.375210    
 1996.7500 -0.345152    
 1996.8334 -0.359266    
 1996.9166 -0.571377    
 1997.0000 -0.552279    
 1997.0834 -0.388382    
 1997.1666 -0.328882    
 1997.2500  0.165834    
 1997.3334  0.561344    
 1997.4166   1.09198    
 1997.5000   1.44208    
 1997.5834   1.74248    
 1997.6666   1.97841    
 1997.7500   2.24714    
 1997.8334   2.33212    
 1997.9166   2.23980    
 1998.0000   2.21996    
 1998.0834   1.89696    
 1998.1666   1.32287    
 1998.2500  0.869646    
 1998.3334  0.672525    
 1998.4166 -0.162102    
 1998.5000 -0.755756    
 1998.5834  -1.14084    
 1998.6666  -1.14728    
 1998.7500  -1.28056    
 1998.8334  -1.20628    
 1998.9166  -1.52001    
 1999.0000  -1.58047    
 1999.0834  -1.23964    
 1999.1666 -0.845642    
 1999.2500 -0.876295    
 1999.3334 -0.910435    
 1999.4166  -1.02676    
 1999.5000 -0.949436    
 1999.5834  -1.11023    
 1999.6666 -0.994871    
 1999.7500  -1.12889    
 1999.8334  -1.43130    
 1999.9166  -1.60103    
 2000.0000  -1.70503    
 2000.0834  -1.45389    
 2000.1666  -1.01276    
 2000.2500 -0.832645    
 2000.3334 -0.736725    
 2000.4166 -0.657202    
 2000.5000 -0.564167    
 2000.5834 -0.535038    
 2000.6666 -0.532410    
 2000.7500 -0.745752    
 2000.8334 -0.760025    
 2000.9166 -0.840536    
 2001.0000 -0.746599    
 2001.0834 -0.566841    
 2001.1666 -0.398012    
 2001.2500 -0.382334    
 2001.3334 -0.208626    
 2001.4166 -0.697918E-01
 2001.5000  0.678635E-01
 2001.5834 -0.767078E-01
 2001.6666 -0.161800    
 2001.7500 -0.131651    
 2001.8334 -0.273216    
 2001.9166 -0.440527    
 2002.0000 -0.159199    
 2002.0834 -0.311317E-01
 2002.1666  0.392685E-01
 2002.2500  0.125616    
 2002.3334  0.393705    
 2002.4166  0.770498    
 2002.5000  0.785124    
 2002.5834  0.859953    
 2002.6666  0.992760    
 2002.7500   1.18408    
 2002.8334   1.36917    
 2002.9166   1.28820    
 2003.0000  0.728271    
 2003.0834  0.667688    
 2003.1666  0.435177    
 2003.2500 -0.129337E-01
 2003.3334 -0.389355    
 2003.4166 -0.818920E-01
 2003.5000  0.261274    
 2003.5834  0.221193    
 2003.6666  0.229630    
 2003.7500  0.432348    
 2003.8334  0.421844    
 2003.9166  0.379333    
 2004.0000  0.239241    
 2004.0834  0.186388    
 2004.1666  0.865078E-01
 2004.2500  0.151936    
 2004.3334  0.174124    
 2004.4166  0.200558    
 2004.5000  0.588614    
 2004.5834  0.737843    
 2004.6666  0.781029    
 2004.7500  0.739809    
 2004.8334  0.711254    
 2004.9166  0.738054    
 2005.0000  0.678452    
 2005.0834  0.453518    
 2005.1666  0.529728    
 2005.2500  0.392826    
 2005.3334  0.448195    
 2005.4166  0.236137    
 2005.5000 -0.875664E-01
 2005.5834  0.570927E-01
 2005.6666  0.324898E-01
 2005.7500 -0.152016E-01
 2005.8334 -0.431955    
 2005.9166 -0.705086    
 2006.0000 -0.807980    
 2006.0834 -0.566841    
 2006.1666 -0.531733    
 2006.2500 -0.178785    
 2006.3334 -0.628471E-02
 2006.4166  0.114727    
 2006.5000  0.105534    
 2006.5834  0.333313    
 2006.6666  0.572329    
 2006.7500  0.698839    
 2006.8334   1.01068    
 2006.9166   1.08157    
 2007.0000  0.737291    
 2007.0834  0.215189    
 2007.1666  0.159779E-01
 2007.2500 -0.143015    
 2007.3334 -0.246826    
 2007.4166 -0.148182    
 2007.5000 -0.310146    
 2007.5834 -0.513617    
 2007.6666 -0.862810    
 2007.7500  -1.09279    
 2007.8334  -1.19201    
 2007.9166  -1.23804    
 2008.0000  -1.48813    
 2008.0834  -1.47510    
 2008.1666  -1.08650    
 2008.2500 -0.859144    
 2008.3334 -0.707035    
 2008.4166 -0.535242    
 2008.5000 -0.261406    
 2008.5834 -0.161638    
 2008.6666 -0.243330    
 2008.7500 -0.289421    
 2008.8334 -0.359695    
 2008.9166 -0.744486    
 2009.0000 -0.922220    
 2009.0834 -0.706701    
 2009.1666 -0.403963    
 2009.2500 -0.718250E-01
 2009.3334  0.196095    
 2009.4166  0.418697    
 2009.5000  0.549805    
 2009.5834  0.554642    
 2009.6666  0.626560    
 2009.7500  0.924129    
 2009.8334   1.33547    
 2009.9166   1.41967    
 2010.0000   1.26561    
 2010.0834   1.11404    
 2010.1666  0.881878    
 2010.2500  0.504715    
 2010.3334  0.135155E-01
 2010.4166 -0.450403    
 2010.5000 -0.786087    
 2010.5834  -1.16132    
 2010.6666  -1.41769    
 2010.7500  -1.36608    
 2010.8334  -1.31651    
 2010.9166  -1.34898    
 2011.0000  -1.46792    
 2011.0834  -1.06430    
 2011.1666 -0.769192    
 2011.2500 -0.559065    
 2011.3334 -0.342155    
 2011.4166 -0.128103    
 2011.5000 -0.204947    
 2011.5834 -0.520357    
 2011.6666 -0.795271    
 2011.7500 -0.860121    
 2011.8334 -0.914145    
 2011.9166 -0.857327    
 2012.0000 -0.762239    
 2012.0834 -0.599632    
 2012.1666 -0.431772    
 2012.2500 -0.439875    
 2012.3334 -0.316595    
 2012.4166 -0.108633    
 2012.5000  0.143885    
 2012.5834  0.286083    
 2012.6666  0.492420    
 2012.7500  0.449438    
 2012.8334  0.330784    
 2012.9166 -0.273046    
 2013.0000 -0.571459    
 2013.0834 -0.504412    
 2013.1666 -0.414362    
 2013.2500 -0.158085    
 2013.3334 -0.132786    
 2013.4166 -0.249641    
 2013.5000 -0.229136    
 2013.5834 -0.186998    
 2013.6666 -0.175480    
 2013.7500 -0.168812    
 2013.8334 -0.152916    
 2013.9166 -0.202017    
 2014.0000 -0.581299    
 2014.0834 -0.713102    
 2014.1666 -0.466482    
 2014.2500 -0.127905    
 2014.3334  0.618248E-01
 2014.4166 -0.450325E-01
 2014.5000 -0.347061E-01
 2014.5834 -0.633678E-01
 2014.6666  0.157290    
 2014.7500  0.418739    
 2014.8334  0.744474    
 2014.9166  0.671194    
 2015.0000  0.505341    
 2015.0834  0.355738    
 2015.1666  0.413408    
 2015.2500  0.729385    
 2015.3334  0.864664    
 2015.4166  0.968748    
 2015.5000   1.19409    
 2015.5834   1.50876    
 2015.6666   1.74809    
 2015.7500   2.04006    
 2015.8334   2.36814    
 2015.9166   2.32192    
 2016.0000   2.24029    
 2016.0834   2.01573    
 2016.1666   1.64057    

