# HadSST 3.1.1.0 nh averaged SST anomalies, median of ensemble
# source: <a href="http://www.metoffice.gov.uk/hadobs/hadsst3/data/download.html">Met Office</a>
# SSTa [K] nh SST anomalies
1850 01   -0.187 
1850 02   -0.173 
1850 03   -0.448 
1850 04   -0.310 
1850 05   -0.270 
1850 06   -0.074 
1850 07   -0.234 
1850 08   -0.268 
1850 09   -0.334 
1850 10   -0.400 
1850 11   -0.247 
1850 12   -0.234 
1851 01   -0.264 
1851 02   -0.449 
1851 03   -0.393 
1851 04   -0.310 
1851 05   -0.158 
1851 06   -0.093 
1851 07   -0.186 
1851 08   -0.257 
1851 09    0.027 
1851 10    0.024 
1851 11    0.153 
1851 12    0.160 
1852 01    0.160 
1852 02   -0.251 
1852 03   -0.163 
1852 04   -0.154 
1852 05   -0.160 
1852 06    0.190 
1852 07   -0.170 
1852 08    0.026 
1852 09    0.002 
1852 10   -0.038 
1852 11   -0.056 
1852 12    0.077 
1853 01    0.023 
1853 02    0.191 
1853 03    0.034 
1853 04   -0.015 
1853 05   -0.080 
1853 06   -0.018 
1853 07   -0.119 
1853 08   -0.220 
1853 09   -0.300 
1853 10   -0.400 
1853 11   -0.200 
1853 12   -0.082 
1854 01   -0.078 
1854 02   -0.154 
1854 03    0.005 
1854 04   -0.037 
1854 05   -0.030 
1854 06   -0.093 
1854 07   -0.086 
1854 08    0.125 
1854 09   -0.102 
1854 10   -0.194 
1854 11   -0.278 
1854 12    0.052 
1855 01    0.158 
1855 02   -0.149 
1855 03    0.075 
1855 04    0.038 
1855 05   -0.314 
1855 06   -0.026 
1855 07   -0.138 
1855 08   -0.208 
1855 09   -0.275 
1855 10   -0.007 
1855 11   -0.006 
1855 12   -0.171 
1856 01   -0.119 
1856 02   -0.246 
1856 03   -0.263 
1856 04   -0.383 
1856 05    0.110 
1856 06   -0.310 
1856 07   -0.393 
1856 08   -0.361 
1856 09   -0.369 
1856 10   -0.233 
1856 11   -0.607 
1856 12   -0.547 
1857 01   -0.431 
1857 02   -0.211 
1857 03   -0.260 
1857 04   -0.257 
1857 05   -0.430 
1857 06   -0.168 
1857 07   -0.555 
1857 08   -0.270 
1857 09   -0.272 
1857 10   -0.386 
1857 11   -0.493 
1857 12   -0.558 
1858 01   -0.380 
1858 02   -0.408 
1858 03   -0.459 
1858 04   -0.210 
1858 05   -0.443 
1858 06   -0.791 
1858 07   -0.370 
1858 08   -0.419 
1858 09   -0.616 
1858 10   -0.134 
1858 11   -0.350 
1858 12   -0.182 
1859 01   -0.488 
1859 02   -0.428 
1859 03   -0.389 
1859 04    0.037 
1859 05   -0.341 
1859 06   -0.370 
1859 07   -0.457 
1859 08   -0.080 
1859 09   -0.613 
1859 10   -0.144 
1859 11   -0.456 
1859 12   -0.508 
1860 01   -0.298 
1860 02   -0.393 
1860 03   -0.215 
1860 04   -0.232 
1860 05   -0.156 
1860 06   -0.558 
1860 07    0.195 
1860 08   -0.082 
1860 09   -0.229 
1860 10    0.149 
1860 11   -0.117 
1860 12   -0.119 
1861 01   -0.705 
1861 02   -1.114 
1861 03   -0.463 
1861 04    0.192 
1861 05   -0.282 
1861 06   -0.116 
1861 07    0.293 
1861 08    0.075 
1861 09   -0.228 
1861 10   -0.074 
1861 11   -0.034 
1861 12   -0.040 
1862 01   -0.302 
1862 02   -0.446 
1862 03   -0.486 
1862 04   -0.440 
1862 05   -0.392 
1862 06   -0.402 
1862 07   -0.477 
1862 08   -0.701 
1862 09   -0.352 
1862 10   -0.438 
1862 11   -0.616 
1862 12   -0.965 
1863 01   -0.565 
1863 02   -0.586 
1863 03   -0.602 
1863 04   -0.237 
1863 05   -0.199 
1863 06   -0.313 
1863 07   -0.562 
1863 08   -0.535 
1863 09   -0.423 
1863 10   -0.644 
1863 11   -0.760 
1863 12   -0.133 
1864 01   -0.613 
1864 02   -0.889 
1864 03   -0.742 
1864 04   -0.359 
1864 05   -0.043 
1864 06    0.024 
1864 07    0.177 
1864 08    0.400 
1864 09   -0.383 
1864 10   -0.282 
1864 11   -0.081 
1864 12   -0.263 
1865 01   -0.176 
1865 02    0.160 
1865 03   -0.157 
1865 04   -0.281 
1865 05   -0.197 
1865 06    0.133 
1865 07   -0.231 
1865 08   -0.317 
1865 09    0.069 
1865 10    0.091 
1865 11   -0.248 
1865 12   -0.240 
1866 01   -0.552 
1866 02    0.152 
1866 03   -0.341 
1866 04   -0.527 
1866 05   -0.470 
1866 06    0.539 
1866 07   -0.051 
1866 08   -0.021 
1866 09   -0.282 
1866 10   -0.125 
1866 11    0.028 
1866 12   -0.090 
1867 01    0.077 
1867 02   -0.016 
1867 03    0.081 
1867 04   -0.233 
1867 05   -0.145 
1867 06   -0.322 
1867 07    0.076 
1867 08   -0.032 
1867 09   -0.084 
1867 10   -0.260 
1867 11    0.278 
1867 12   -0.409 
1868 01   -0.074 
1868 02   -0.244 
1868 03    0.010 
1868 04    0.032 
1868 05    0.073 
1868 06    0.411 
1868 07    0.855 
1868 08    0.125 
1868 09   -0.093 
1868 10   -0.433 
1868 11   -0.166 
1868 12    0.149 
1869 01   -0.180 
1869 02   -0.043 
1869 03   -0.201 
1869 04    0.019 
1869 05    0.187 
1869 06   -0.166 
1869 07    0.038 
1869 08    0.070 
1869 09   -0.218 
1869 10   -0.090 
1869 11   -0.138 
1869 12   -0.092 
1870 01   -0.055 
1870 02    0.042 
1870 03   -0.010 
1870 04   -0.058 
1870 05   -0.124 
1870 06   -0.007 
1870 07    0.037 
1870 08    0.069 
1870 09   -0.077 
1870 10   -0.034 
1870 11   -0.117 
1870 12    0.005 
1871 01   -0.229 
1871 02   -0.280 
1871 03   -0.196 
1871 04    0.126 
1871 05    0.034 
1871 06   -0.105 
1871 07    0.045 
1871 08   -0.253 
1871 09   -0.511 
1871 10   -0.478 
1871 11   -0.452 
1871 12   -0.155 
1872 01   -0.467 
1872 02   -0.561 
1872 03   -0.448 
1872 04   -0.218 
1872 05   -0.122 
1872 06   -0.014 
1872 07    0.101 
1872 08    0.227 
1872 09    0.154 
1872 10   -0.191 
1872 11   -0.328 
1872 12   -0.348 
1873 01   -0.027 
1873 02   -0.521 
1873 03   -0.287 
1873 04   -0.281 
1873 05   -0.409 
1873 06   -0.371 
1873 07   -0.290 
1873 08   -0.188 
1873 09   -0.051 
1873 10   -0.247 
1873 11   -0.228 
1873 12   -0.160 
1874 01    0.175 
1874 02   -0.369 
1874 03   -0.405 
1874 04   -0.273 
1874 05   -0.247 
1874 06   -0.245 
1874 07   -0.290 
1874 08   -0.375 
1874 09   -0.159 
1874 10   -0.423 
1874 11   -0.417 
1874 12   -0.611 
1875 01   -0.375 
1875 02   -0.308 
1875 03   -0.384 
1875 04   -0.329 
1875 05   -0.142 
1875 06   -0.250 
1875 07   -0.251 
1875 08   -0.041 
1875 09    0.020 
1875 10    0.026 
1875 11   -0.310 
1875 12   -0.438 
1876 01   -0.536 
1876 02   -0.322 
1876 03   -0.332 
1876 04   -0.332 
1876 05   -0.506 
1876 06   -0.187 
1876 07    0.129 
1876 08   -0.084 
1876 09   -0.252 
1876 10   -0.414 
1876 11   -0.190 
1876 12   -0.043 
1877 01   -0.302 
1877 02    0.259 
1877 03   -0.120 
1877 04   -0.054 
1877 05   -0.076 
1877 06    0.157 
1877 07    0.192 
1877 08    0.346 
1877 09    0.266 
1877 10    0.302 
1877 11    0.312 
1877 12    0.336 
1878 01    0.308 
1878 02    0.276 
1878 03    0.206 
1878 04    0.559 
1878 05    0.342 
1878 06    0.342 
1878 07    0.045 
1878 08    0.187 
1878 09    0.218 
1878 10   -0.213 
1878 11   -0.216 
1878 12   -0.067 
1879 01    0.007 
1879 02    0.024 
1879 03   -0.005 
1879 04   -0.143 
1879 05   -0.033 
1879 06   -0.174 
1879 07   -0.275 
1879 08   -0.212 
1879 09   -0.204 
1879 10   -0.112 
1879 11   -0.299 
1879 12   -0.286 
1880 01   -0.081 
1880 02   -0.262 
1880 03    0.003 
1880 04    0.021 
1880 05   -0.298 
1880 06   -0.161 
1880 07   -0.095 
1880 08   -0.088 
1880 09   -0.260 
1880 10   -0.153 
1880 11   -0.156 
1880 12   -0.220 
1881 01    0.045 
1881 02    0.061 
1881 03    0.025 
1881 04   -0.004 
1881 05   -0.014 
1881 06   -0.055 
1881 07   -0.244 
1881 08   -0.196 
1881 09   -0.302 
1881 10   -0.366 
1881 11   -0.485 
1881 12   -0.237 
1882 01   -0.101 
1882 02   -0.228 
1882 03   -0.249 
1882 04   -0.252 
1882 05   -0.277 
1882 06   -0.259 
1882 07   -0.165 
1882 08   -0.269 
1882 09   -0.222 
1882 10   -0.268 
1882 11   -0.172 
1882 12   -0.238 
1883 01   -0.368 
1883 02   -0.205 
1883 03   -0.322 
1883 04   -0.225 
1883 05   -0.240 
1883 06   -0.132 
1883 07   -0.134 
1883 08   -0.039 
1883 09   -0.336 
1883 10   -0.478 
1883 11   -0.356 
1883 12   -0.210 
1884 01   -0.444 
1884 02   -0.075 
1884 03   -0.168 
1884 04   -0.339 
1884 05   -0.140 
1884 06   -0.348 
1884 07   -0.376 
1884 08   -0.285 
1884 09   -0.446 
1884 10   -0.348 
1884 11   -0.632 
1884 12   -0.419 
1885 01   -0.260 
1885 02   -0.368 
1885 03   -0.363 
1885 04   -0.334 
1885 05   -0.223 
1885 06   -0.365 
1885 07   -0.223 
1885 08   -0.150 
1885 09   -0.223 
1885 10    0.023 
1885 11   -0.232 
1885 12   -0.144 
1886 01   -0.021 
1886 02   -0.226 
1886 03   -0.169 
1886 04   -0.227 
1886 05   -0.191 
1886 06   -0.244 
1886 07   -0.189 
1886 08   -0.290 
1886 09   -0.417 
1886 10   -0.275 
1886 11   -0.409 
1886 12   -0.394 
1887 01   -0.420 
1887 02   -0.491 
1887 03   -0.334 
1887 04   -0.331 
1887 05   -0.403 
1887 06   -0.203 
1887 07   -0.155 
1887 08   -0.187 
1887 09   -0.437 
1887 10   -0.219 
1887 11   -0.306 
1887 12   -0.046 
1888 01   -0.092 
1888 02   -0.235 
1888 03   -0.146 
1888 04   -0.024 
1888 05   -0.132 
1888 06   -0.042 
1888 07   -0.186 
1888 08   -0.183 
1888 09   -0.196 
1888 10    0.061 
1888 11   -0.007 
1888 12   -0.009 
1889 01    0.216 
1889 02    0.080 
1889 03    0.007 
1889 04    0.043 
1889 05   -0.034 
1889 06    0.025 
1889 07   -0.146 
1889 08   -0.159 
1889 09   -0.237 
1889 10   -0.148 
1889 11   -0.176 
1889 12   -0.322 
1890 01   -0.315 
1890 02   -0.210 
1890 03   -0.286 
1890 04   -0.292 
1890 05   -0.266 
1890 06   -0.266 
1890 07   -0.482 
1890 08   -0.496 
1890 09   -0.542 
1890 10   -0.435 
1890 11   -0.426 
1890 12   -0.392 
1891 01   -0.454 
1891 02   -0.230 
1891 03   -0.162 
1891 04   -0.224 
1891 05   -0.092 
1891 06   -0.070 
1891 07   -0.099 
1891 08   -0.112 
1891 09   -0.056 
1891 10   -0.140 
1891 11   -0.362 
1891 12   -0.195 
1892 01   -0.133 
1892 02   -0.119 
1892 03   -0.334 
1892 04   -0.291 
1892 05   -0.302 
1892 06   -0.382 
1892 07   -0.539 
1892 08   -0.403 
1892 09   -0.349 
1892 10   -0.508 
1892 11   -0.670 
1892 12   -0.527 
1893 01   -0.532 
1893 02   -0.420 
1893 03   -0.477 
1893 04   -0.444 
1893 05   -0.472 
1893 06   -0.321 
1893 07   -0.143 
1893 08   -0.245 
1893 09   -0.531 
1893 10   -0.259 
1893 11   -0.524 
1893 12   -0.506 
1894 01   -0.600 
1894 02   -0.640 
1894 03   -0.625 
1894 04   -0.349 
1894 05   -0.425 
1894 06   -0.508 
1894 07   -0.166 
1894 08   -0.357 
1894 09   -0.284 
1894 10   -0.441 
1894 11   -0.378 
1894 12   -0.447 
1895 01   -0.271 
1895 02   -0.293 
1895 03   -0.576 
1895 04   -0.395 
1895 05   -0.287 
1895 06   -0.203 
1895 07   -0.211 
1895 08   -0.274 
1895 09   -0.114 
1895 10   -0.068 
1895 11   -0.128 
1895 12   -0.245 
1896 01   -0.293 
1896 02   -0.253 
1896 03   -0.154 
1896 04   -0.067 
1896 05   -0.030 
1896 06    0.022 
1896 07    0.024 
1896 08    0.035 
1896 09    0.146 
1896 10   -0.139 
1896 11   -0.016 
1896 12    0.050 
1897 01   -0.017 
1897 02   -0.073 
1897 03    0.162 
1897 04    0.050 
1897 05   -0.055 
1897 06   -0.049 
1897 07    0.007 
1897 08   -0.077 
1897 09   -0.197 
1897 10   -0.180 
1897 11   -0.233 
1897 12   -0.242 
1898 01   -0.186 
1898 02   -0.192 
1898 03   -0.177 
1898 04   -0.297 
1898 05   -0.346 
1898 06   -0.167 
1898 07   -0.169 
1898 08   -0.218 
1898 09   -0.207 
1898 10   -0.337 
1898 11   -0.302 
1898 12   -0.339 
1899 01   -0.217 
1899 02   -0.339 
1899 03   -0.432 
1899 04   -0.261 
1899 05   -0.154 
1899 06   -0.306 
1899 07   -0.072 
1899 08   -0.049 
1899 09   -0.150 
1899 10   -0.128 
1899 11   -0.122 
1899 12   -0.178 
1900 01   -0.063 
1900 02   -0.020 
1900 03   -0.071 
1900 04    0.043 
1900 05   -0.248 
1900 06   -0.017 
1900 07   -0.084 
1900 08   -0.045 
1900 09   -0.096 
1900 10    0.030 
1900 11   -0.076 
1900 12   -0.082 
1901 01   -0.086 
1901 02   -0.091 
1901 03   -0.315 
1901 04   -0.170 
1901 05   -0.177 
1901 06   -0.107 
1901 07   -0.119 
1901 08   -0.122 
1901 09   -0.291 
1901 10   -0.253 
1901 11   -0.330 
1901 12   -0.442 
1902 01   -0.475 
1902 02   -0.495 
1902 03   -0.405 
1902 04   -0.375 
1902 05   -0.384 
1902 06   -0.495 
1902 07   -0.457 
1902 08   -0.380 
1902 09   -0.254 
1902 10   -0.201 
1902 11   -0.194 
1902 12   -0.260 
1903 01   -0.136 
1903 02   -0.313 
1903 03   -0.187 
1903 04   -0.312 
1903 05   -0.356 
1903 06   -0.434 
1903 07   -0.489 
1903 08   -0.728 
1903 09   -0.489 
1903 10   -0.617 
1903 11   -0.675 
1903 12   -0.543 
1904 01   -0.623 
1904 02   -0.632 
1904 03   -0.609 
1904 04   -0.464 
1904 05   -0.483 
1904 06   -0.471 
1904 07   -0.445 
1904 08   -0.497 
1904 09   -0.456 
1904 10   -0.387 
1904 11   -0.459 
1904 12   -0.472 
1905 01   -0.495 
1905 02   -0.466 
1905 03   -0.520 
1905 04   -0.504 
1905 05   -0.288 
1905 06   -0.241 
1905 07   -0.069 
1905 08   -0.357 
1905 09   -0.353 
1905 10   -0.375 
1905 11   -0.371 
1905 12   -0.343 
1906 01   -0.166 
1906 02   -0.185 
1906 03   -0.141 
1906 04   -0.246 
1906 05   -0.368 
1906 06   -0.225 
1906 07   -0.244 
1906 08   -0.262 
1906 09   -0.371 
1906 10   -0.333 
1906 11   -0.382 
1906 12   -0.426 
1907 01   -0.374 
1907 02   -0.481 
1907 03   -0.373 
1907 04   -0.440 
1907 05   -0.312 
1907 06   -0.390 
1907 07   -0.309 
1907 08   -0.530 
1907 09   -0.479 
1907 10   -0.422 
1907 11   -0.413 
1907 12   -0.413 
1908 01   -0.475 
1908 02   -0.479 
1908 03   -0.616 
1908 04   -0.486 
1908 05   -0.442 
1908 06   -0.430 
1908 07   -0.479 
1908 08   -0.408 
1908 09   -0.487 
1908 10   -0.447 
1908 11   -0.502 
1908 12   -0.576 
1909 01   -0.374 
1909 02   -0.521 
1909 03   -0.629 
1909 04   -0.482 
1909 05   -0.427 
1909 06   -0.470 
1909 07   -0.537 
1909 08   -0.397 
1909 09   -0.495 
1909 10   -0.456 
1909 11   -0.611 
1909 12   -0.523 
1910 01   -0.418 
1910 02   -0.564 
1910 03   -0.639 
1910 04   -0.600 
1910 05   -0.492 
1910 06   -0.474 
1910 07   -0.640 
1910 08   -0.515 
1910 09   -0.411 
1910 10   -0.430 
1910 11   -0.521 
1910 12   -0.608 
1911 01   -0.405 
1911 02   -0.615 
1911 03   -0.479 
1911 04   -0.657 
1911 05   -0.537 
1911 06   -0.476 
1911 07   -0.506 
1911 08   -0.376 
1911 09   -0.294 
1911 10   -0.384 
1911 11   -0.361 
1911 12   -0.377 
1912 01   -0.395 
1912 02   -0.325 
1912 03   -0.223 
1912 04   -0.282 
1912 05   -0.277 
1912 06   -0.248 
1912 07   -0.323 
1912 08   -0.488 
1912 09   -0.595 
1912 10   -0.639 
1912 11   -0.618 
1912 12   -0.673 
1913 01   -0.554 
1913 02   -0.561 
1913 03   -0.547 
1913 04   -0.578 
1913 05   -0.524 
1913 06   -0.555 
1913 07   -0.569 
1913 08   -0.565 
1913 09   -0.563 
1913 10   -0.428 
1913 11   -0.454 
1913 12   -0.407 
1914 01   -0.437 
1914 02   -0.377 
1914 03   -0.456 
1914 04   -0.372 
1914 05   -0.271 
1914 06   -0.350 
1914 07   -0.329 
1914 08   -0.309 
1914 09   -0.330 
1914 10   -0.190 
1914 11   -0.275 
1914 12   -0.211 
1915 01   -0.201 
1915 02   -0.325 
1915 03   -0.237 
1915 04   -0.288 
1915 05   -0.265 
1915 06   -0.046 
1915 07   -0.004 
1915 08    0.087 
1915 09   -0.062 
1915 10   -0.151 
1915 11   -0.153 
1915 12   -0.265 
1916 01   -0.377 
1916 02   -0.314 
1916 03   -0.407 
1916 04   -0.377 
1916 05   -0.385 
1916 06   -0.348 
1916 07   -0.259 
1916 08   -0.336 
1916 09   -0.363 
1916 10   -0.430 
1916 11   -0.548 
1916 12   -0.518 
1917 01   -0.645 
1917 02   -0.544 
1917 03   -0.499 
1917 04   -0.412 
1917 05   -0.522 
1917 06   -0.298 
1917 07   -0.408 
1917 08   -0.299 
1917 09   -0.297 
1917 10   -0.327 
1917 11   -0.461 
1917 12   -0.388 
1918 01   -0.488 
1918 02   -0.506 
1918 03   -0.497 
1918 04   -0.360 
1918 05   -0.321 
1918 06   -0.440 
1918 07   -0.429 
1918 08   -0.353 
1918 09   -0.394 
1918 10   -0.337 
1918 11   -0.261 
1918 12   -0.260 
1919 01   -0.305 
1919 02   -0.262 
1919 03   -0.318 
1919 04   -0.202 
1919 05   -0.400 
1919 06   -0.394 
1919 07   -0.394 
1919 08   -0.457 
1919 09   -0.415 
1919 10   -0.332 
1919 11   -0.420 
1919 12   -0.586 
1920 01   -0.431 
1920 02   -0.292 
1920 03   -0.303 
1920 04   -0.349 
1920 05   -0.232 
1920 06   -0.241 
1920 07   -0.221 
1920 08   -0.357 
1920 09   -0.383 
1920 10   -0.276 
1920 11   -0.278 
1920 12   -0.311 
1921 01   -0.315 
1921 02   -0.222 
1921 03   -0.305 
1921 04   -0.147 
1921 05   -0.247 
1921 06   -0.222 
1921 07   -0.146 
1921 08   -0.206 
1921 09   -0.155 
1921 10   -0.101 
1921 11   -0.275 
1921 12   -0.150 
1922 01   -0.246 
1922 02   -0.190 
1922 03   -0.168 
1922 04   -0.243 
1922 05   -0.277 
1922 06   -0.290 
1922 07   -0.271 
1922 08   -0.306 
1922 09   -0.299 
1922 10   -0.365 
1922 11   -0.342 
1922 12   -0.366 
1923 01   -0.403 
1923 02   -0.409 
1923 03   -0.463 
1923 04   -0.290 
1923 05   -0.256 
1923 06   -0.291 
1923 07   -0.247 
1923 08   -0.325 
1923 09   -0.259 
1923 10   -0.257 
1923 11   -0.127 
1923 12   -0.151 
1924 01   -0.214 
1924 02   -0.201 
1924 03   -0.208 
1924 04   -0.110 
1924 05   -0.082 
1924 06   -0.109 
1924 07   -0.122 
1924 08   -0.233 
1924 09   -0.189 
1924 10   -0.298 
1924 11   -0.392 
1924 12   -0.457 
1925 01   -0.333 
1925 02   -0.420 
1925 03   -0.304 
1925 04   -0.290 
1925 05   -0.090 
1925 06   -0.201 
1925 07   -0.099 
1925 08   -0.116 
1925 09   -0.095 
1925 10   -0.131 
1925 11   -0.139 
1925 12   -0.131 
1926 01   -0.054 
1926 02   -0.048 
1926 03   -0.084 
1926 04   -0.021 
1926 05   -0.102 
1926 06   -0.022 
1926 07   -0.044 
1926 08   -0.009 
1926 09    0.074 
1926 10    0.063 
1926 11   -0.042 
1926 12   -0.087 
1927 01   -0.083 
1927 02   -0.146 
1927 03   -0.141 
1927 04   -0.125 
1927 05   -0.113 
1927 06   -0.137 
1927 07   -0.092 
1927 08    0.071 
1927 09   -0.098 
1927 10    0.019 
1927 11    0.001 
1927 12   -0.046 
1928 01   -0.011 
1928 02   -0.166 
1928 03   -0.116 
1928 04   -0.152 
1928 05   -0.159 
1928 06   -0.202 
1928 07   -0.078 
1928 08   -0.131 
1928 09   -0.086 
1928 10   -0.165 
1928 11   -0.271 
1928 12   -0.285 
1929 01   -0.325 
1929 02   -0.299 
1929 03   -0.346 
1929 04   -0.259 
1929 05   -0.252 
1929 06   -0.243 
1929 07   -0.228 
1929 08   -0.082 
1929 09   -0.078 
1929 10   -0.122 
1929 11   -0.154 
1929 12   -0.163 
1930 01   -0.149 
1930 02   -0.166 
1930 03   -0.145 
1930 04   -0.069 
1930 05   -0.105 
1930 06   -0.111 
1930 07   -0.016 
1930 08    0.049 
1930 09    0.184 
1930 10    0.098 
1930 11    0.090 
1930 12    0.052 
1931 01    0.036 
1931 02   -0.024 
1931 03   -0.007 
1931 04   -0.059 
1931 05    0.032 
1931 06    0.069 
1931 07   -0.007 
1931 08    0.080 
1931 09    0.053 
1931 10   -0.041 
1931 11   -0.110 
1931 12   -0.114 
1932 01   -0.130 
1932 02   -0.093 
1932 03   -0.172 
1932 04   -0.174 
1932 05   -0.095 
1932 06   -0.142 
1932 07   -0.086 
1932 08   -0.024 
1932 09   -0.008 
1932 10   -0.086 
1932 11   -0.142 
1932 12   -0.119 
1933 01   -0.084 
1933 02   -0.102 
1933 03   -0.101 
1933 04   -0.032 
1933 05   -0.086 
1933 06   -0.173 
1933 07   -0.086 
1933 08   -0.144 
1933 09   -0.238 
1933 10   -0.166 
1933 11   -0.265 
1933 12   -0.250 
1934 01   -0.261 
1934 02   -0.322 
1934 03   -0.323 
1934 04   -0.208 
1934 05   -0.137 
1934 06    0.003 
1934 07    0.013 
1934 08   -0.036 
1934 09    0.020 
1934 10   -0.175 
1934 11   -0.154 
1934 12   -0.159 
1935 01   -0.149 
1935 02   -0.170 
1935 03   -0.188 
1935 04   -0.092 
1935 05   -0.080 
1935 06   -0.080 
1935 07   -0.079 
1935 08   -0.056 
1935 09   -0.152 
1935 10   -0.066 
1935 11   -0.131 
1935 12   -0.105 
1936 01   -0.148 
1936 02   -0.074 
1936 03   -0.064 
1936 04   -0.015 
1936 05   -0.021 
1936 06    0.031 
1936 07    0.062 
1936 08    0.097 
1936 09    0.103 
1936 10   -0.130 
1936 11   -0.161 
1936 12   -0.084 
1937 01   -0.091 
1937 02    0.032 
1937 03    0.086 
1937 04    0.010 
1937 05    0.053 
1937 06    0.118 
1937 07    0.249 
1937 08    0.220 
1937 09    0.222 
1937 10    0.116 
1937 11    0.125 
1937 12    0.088 
1938 01    0.008 
1938 02    0.008 
1938 03    0.042 
1938 04   -0.024 
1938 05   -0.048 
1938 06   -0.023 
1938 07   -0.022 
1938 08    0.111 
1938 09    0.035 
1938 10   -0.060 
1938 11   -0.157 
1938 12   -0.158 
1939 01   -0.198 
1939 02   -0.147 
1939 03   -0.167 
1939 04   -0.176 
1939 05   -0.108 
1939 06   -0.119 
1939 07    0.022 
1939 08    0.040 
1939 09    0.184 
1939 10   -0.012 
1939 11   -0.015 
1939 12   -0.179 
1940 01   -0.074 
1940 02   -0.200 
1940 03   -0.091 
1940 04   -0.113 
1940 05   -0.013 
1940 06    0.020 
1940 07    0.085 
1940 08    0.022 
1940 09    0.032 
1940 10    0.078 
1940 11    0.086 
1940 12    0.088 
1941 01   -0.006 
1941 02    0.013 
1941 03   -0.034 
1941 04    0.047 
1941 05   -0.001 
1941 06    0.049 
1941 07    0.034 
1941 08   -0.013 
1941 09    0.016 
1941 10    0.214 
1941 11    0.201 
1941 12    0.240 
1942 01    0.117 
1942 02    0.299 
1942 03    0.065 
1942 04    0.085 
1942 05    0.154 
1942 06    0.069 
1942 07    0.141 
1942 08    0.043 
1942 09    0.062 
1942 10    0.024 
1942 11    0.142 
1942 12    0.038 
1943 01   -0.014 
1943 02    0.011 
1943 03   -0.058 
1943 04    0.031 
1943 05    0.040 
1943 06    0.074 
1943 07   -0.109 
1943 08    0.106 
1943 09    0.124 
1943 10    0.160 
1943 11    0.128 
1943 12    0.224 
1944 01    0.126 
1944 02    0.203 
1944 03    0.095 
1944 04    0.036 
1944 05    0.165 
1944 06    0.080 
1944 07    0.161 
1944 08    0.224 
1944 09    0.250 
1944 10    0.304 
1944 11    0.162 
1944 12    0.276 
1945 01    0.300 
1945 02    0.150 
1945 03    0.150 
1945 04    0.094 
1945 05    0.127 
1945 06    0.154 
1945 07    0.122 
1945 08    0.145 
1945 09    0.163 
1945 10    0.176 
1945 11    0.202 
1945 12    0.236 
1946 01    0.149 
1946 02    0.035 
1946 03    0.175 
1946 04    0.095 
1946 05    0.121 
1946 06   -0.070 
1946 07    0.025 
1946 08    0.010 
1946 09    0.132 
1946 10    0.083 
1946 11    0.117 
1946 12    0.087 
1947 01    0.145 
1947 02    0.016 
1947 03   -0.034 
1947 04   -0.017 
1947 05   -0.087 
1947 06   -0.039 
1947 07   -0.040 
1947 08    0.015 
1947 09    0.007 
1947 10   -0.098 
1947 11   -0.004 
1947 12    0.045 
1948 01    0.017 
1948 02   -0.113 
1948 03    0.014 
1948 04    0.014 
1948 05    0.053 
1948 06    0.205 
1948 07    0.024 
1948 08    0.144 
1948 09   -0.002 
1948 10   -0.039 
1948 11   -0.058 
1948 12    0.057 
1949 01    0.056 
1949 02    0.118 
1949 03   -0.075 
1949 04   -0.018 
1949 05    0.005 
1949 06   -0.141 
1949 07   -0.068 
1949 08   -0.006 
1949 09   -0.109 
1949 10   -0.051 
1949 11   -0.010 
1949 12    0.054 
1950 01    0.056 
1950 02   -0.009 
1950 03   -0.007 
1950 04   -0.027 
1950 05   -0.036 
1950 06   -0.102 
1950 07   -0.013 
1950 08   -0.001 
1950 09   -0.029 
1950 10   -0.027 
1950 11    0.007 
1950 12    0.040 
1951 01    0.054 
1951 02   -0.037 
1951 03   -0.031 
1951 04   -0.073 
1951 05    0.072 
1951 06    0.110 
1951 07    0.170 
1951 08    0.297 
1951 09    0.289 
1951 10    0.250 
1951 11    0.180 
1951 12    0.213 
1952 01    0.183 
1952 02    0.166 
1952 03    0.133 
1952 04    0.131 
1952 05    0.189 
1952 06    0.160 
1952 07    0.100 
1952 08    0.175 
1952 09    0.093 
1952 10    0.140 
1952 11    0.025 
1952 12    0.081 
1953 01    0.046 
1953 02    0.069 
1953 03    0.118 
1953 04    0.133 
1953 05    0.137 
1953 06    0.135 
1953 07    0.150 
1953 08    0.239 
1953 09    0.182 
1953 10    0.117 
1953 11    0.136 
1953 12    0.130 
1954 01    0.219 
1954 02    0.083 
1954 03    0.017 
1954 04    0.043 
1954 05   -0.007 
1954 06    0.014 
1954 07   -0.091 
1954 08   -0.031 
1954 09   -0.023 
1954 10   -0.094 
1954 11   -0.079 
1954 12   -0.010 
1955 01   -0.023 
1955 02   -0.016 
1955 03   -0.017 
1955 04   -0.074 
1955 05   -0.105 
1955 06   -0.131 
1955 07    0.006 
1955 08    0.039 
1955 09   -0.010 
1955 10   -0.127 
1955 11   -0.031 
1955 12    0.043 
1956 01    0.044 
1956 02   -0.018 
1956 03   -0.025 
1956 04   -0.067 
1956 05   -0.124 
1956 06   -0.258 
1956 07   -0.189 
1956 08   -0.129 
1956 09   -0.193 
1956 10   -0.115 
1956 11   -0.146 
1956 12   -0.063 
1957 01   -0.093 
1957 02    0.004 
1957 03    0.020 
1957 04    0.013 
1957 05    0.079 
1957 06    0.097 
1957 07    0.156 
1957 08    0.264 
1957 09    0.161 
1957 10    0.123 
1957 11    0.193 
1957 12    0.232 
1958 01    0.202 
1958 02    0.268 
1958 03    0.245 
1958 04    0.221 
1958 05    0.144 
1958 06    0.239 
1958 07    0.125 
1958 08    0.187 
1958 09    0.197 
1958 10    0.161 
1958 11    0.129 
1958 12    0.212 
1959 01    0.164 
1959 02    0.191 
1959 03    0.098 
1959 04    0.131 
1959 05    0.144 
1959 06    0.122 
1959 07    0.172 
1959 08    0.146 
1959 09    0.157 
1959 10    0.106 
1959 11    0.056 
1959 12    0.078 
1960 01    0.076 
1960 02    0.082 
1960 03    0.088 
1960 04    0.055 
1960 05    0.062 
1960 06    0.058 
1960 07    0.201 
1960 08    0.137 
1960 09    0.147 
1960 10    0.072 
1960 11    0.089 
1960 12    0.083 
1961 01    0.120 
1961 02    0.154 
1961 03    0.164 
1961 04    0.148 
1961 05    0.124 
1961 06    0.105 
1961 07    0.171 
1961 08    0.144 
1961 09    0.018 
1961 10    0.131 
1961 11    0.070 
1961 12    0.105 
1962 01    0.051 
1962 02    0.096 
1962 03    0.066 
1962 04    0.095 
1962 05    0.059 
1962 06   -0.030 
1962 07    0.135 
1962 08    0.124 
1962 09    0.097 
1962 10    0.047 
1962 11    0.055 
1962 12    0.079 
1963 01    0.065 
1963 02    0.049 
1963 03    0.047 
1963 04    0.088 
1963 05    0.075 
1963 06    0.064 
1963 07    0.184 
1963 08    0.239 
1963 09    0.162 
1963 10    0.240 
1963 11    0.284 
1963 12    0.244 
1964 01    0.190 
1964 02    0.114 
1964 03    0.016 
1964 04    0.029 
1964 05    0.060 
1964 06    0.074 
1964 07    0.019 
1964 08   -0.174 
1964 09   -0.185 
1964 10   -0.126 
1964 11   -0.116 
1964 12   -0.120 
1965 01   -0.122 
1965 02   -0.094 
1965 03   -0.150 
1965 04   -0.146 
1965 05   -0.136 
1965 06   -0.157 
1965 07   -0.148 
1965 08   -0.046 
1965 09   -0.031 
1965 10    0.077 
1965 11    0.143 
1965 12    0.133 
1966 01    0.154 
1966 02    0.154 
1966 03    0.187 
1966 04    0.122 
1966 05    0.027 
1966 06    0.058 
1966 07    0.102 
1966 08    0.128 
1966 09    0.093 
1966 10    0.206 
1966 11    0.193 
1966 12    0.156 
1967 01    0.032 
1967 02    0.045 
1967 03    0.037 
1967 04    0.096 
1967 05    0.110 
1967 06    0.128 
1967 07    0.148 
1967 08    0.208 
1967 09    0.100 
1967 10    0.105 
1967 11    0.066 
1967 12   -0.027 
1968 01   -0.103 
1968 02   -0.114 
1968 03   -0.146 
1968 04   -0.050 
1968 05    0.068 
1968 06    0.159 
1968 07    0.104 
1968 08    0.094 
1968 09    0.109 
1968 10    0.138 
1968 11    0.119 
1968 12    0.147 
1969 01    0.223 
1969 02    0.180 
1969 03    0.133 
1969 04    0.146 
1969 05    0.198 
1969 06    0.044 
1969 07    0.057 
1969 08    0.072 
1969 09    0.065 
1969 10   -0.005 
1969 11    0.040 
1969 12    0.066 
1970 01    0.081 
1970 02    0.050 
1970 03    0.058 
1970 04    0.084 
1970 05    0.011 
1970 06    0.022 
1970 07   -0.094 
1970 08   -0.001 
1970 09   -0.016 
1970 10    0.014 
1970 11   -0.041 
1970 12   -0.007 
1971 01   -0.044 
1971 02   -0.150 
1971 03   -0.199 
1971 04   -0.162 
1971 05   -0.224 
1971 06   -0.236 
1971 07   -0.152 
1971 08   -0.241 
1971 09   -0.263 
1971 10   -0.269 
1971 11   -0.269 
1971 12   -0.213 
1972 01   -0.238 
1972 02   -0.194 
1972 03   -0.215 
1972 04   -0.085 
1972 05   -0.087 
1972 06   -0.054 
1972 07   -0.018 
1972 08   -0.135 
1972 09   -0.142 
1972 10   -0.110 
1972 11   -0.052 
1972 12    0.036 
1973 01    0.045 
1973 02    0.058 
1973 03    0.028 
1973 04    0.014 
1973 05   -0.017 
1973 06   -0.015 
1973 07   -0.040 
1973 08   -0.035 
1973 09   -0.111 
1973 10   -0.169 
1973 11   -0.153 
1973 12   -0.257 
1974 01   -0.221 
1974 02   -0.174 
1974 03   -0.188 
1974 04   -0.242 
1974 05   -0.301 
1974 06   -0.234 
1974 07   -0.217 
1974 08   -0.125 
1974 09   -0.139 
1974 10   -0.160 
1974 11   -0.226 
1974 12   -0.141 
1975 01   -0.116 
1975 02   -0.063 
1975 03   -0.160 
1975 04   -0.256 
1975 05   -0.173 
1975 06   -0.266 
1975 07   -0.156 
1975 08   -0.129 
1975 09   -0.260 
1975 10   -0.295 
1975 11   -0.333 
1975 12   -0.305 
1976 01   -0.323 
1976 02   -0.326 
1976 03   -0.208 
1976 04   -0.269 
1976 05   -0.334 
1976 06   -0.247 
1976 07   -0.208 
1976 08   -0.172 
1976 09   -0.253 
1976 10   -0.141 
1976 11   -0.172 
1976 12   -0.148 
1977 01   -0.119 
1977 02   -0.120 
1977 03   -0.060 
1977 04   -0.100 
1977 05   -0.080 
1977 06   -0.026 
1977 07    0.008 
1977 08    0.025 
1977 09    0.068 
1977 10   -0.053 
1977 11   -0.054 
1977 12   -0.025 
1978 01    0.037 
1978 02   -0.026 
1978 03   -0.021 
1978 04   -0.079 
1978 05   -0.122 
1978 06   -0.118 
1978 07   -0.040 
1978 08   -0.089 
1978 09   -0.105 
1978 10   -0.096 
1978 11   -0.057 
1978 12   -0.043 
1979 01    0.006 
1979 02   -0.013 
1979 03    0.015 
1979 04    0.031 
1979 05   -0.102 
1979 06    0.062 
1979 07   -0.010 
1979 08    0.000 
1979 09    0.023 
1979 10    0.027 
1979 11    0.053 
1979 12    0.110 
1980 01    0.137 
1980 02    0.047 
1980 03    0.051 
1980 04    0.022 
1980 05    0.007 
1980 06    0.044 
1980 07    0.060 
1980 08    0.034 
1980 09   -0.000 
1980 10   -0.093 
1980 11   -0.103 
1980 12   -0.063 
1981 01   -0.074 
1981 02   -0.077 
1981 03    0.009 
1981 04    0.027 
1981 05    0.045 
1981 06    0.101 
1981 07    0.067 
1981 08    0.004 
1981 09    0.053 
1981 10    0.060 
1981 11    0.006 
1981 12    0.022 
1982 01    0.002 
1982 02    0.010 
1982 03    0.032 
1982 04   -0.007 
1982 05    0.051 
1982 06   -0.009 
1982 07   -0.084 
1982 08   -0.116 
1982 09   -0.100 
1982 10   -0.006 
1982 11    0.019 
1982 12   -0.007 
1983 01    0.072 
1983 02   -0.023 
1983 03    0.002 
1983 04   -0.041 
1983 05    0.078 
1983 06    0.088 
1983 07    0.043 
1983 08    0.021 
1983 09    0.072 
1983 10   -0.008 
1983 11   -0.019 
1983 12   -0.005 
1984 01   -0.065 
1984 02   -0.074 
1984 03   -0.020 
1984 04   -0.051 
1984 05   -0.022 
1984 06   -0.141 
1984 07   -0.003 
1984 08   -0.053 
1984 09   -0.038 
1984 10   -0.159 
1984 11   -0.183 
1984 12   -0.214 
1985 01   -0.208 
1985 02   -0.202 
1985 03   -0.226 
1985 04   -0.242 
1985 05   -0.163 
1985 06   -0.094 
1985 07   -0.134 
1985 08   -0.121 
1985 09   -0.045 
1985 10   -0.097 
1985 11   -0.079 
1985 12   -0.129 
1986 01   -0.170 
1986 02   -0.146 
1986 03   -0.144 
1986 04   -0.072 
1986 05   -0.019 
1986 06   -0.010 
1986 07   -0.061 
1986 08   -0.055 
1986 09   -0.048 
1986 10   -0.084 
1986 11   -0.091 
1986 12   -0.081 
1987 01   -0.149 
1987 02   -0.137 
1987 03   -0.059 
1987 04   -0.088 
1987 05    0.043 
1987 06    0.066 
1987 07    0.093 
1987 08    0.217 
1987 09    0.178 
1987 10    0.137 
1987 11    0.216 
1987 12    0.138 
1988 01    0.182 
1988 02    0.121 
1988 03    0.145 
1988 04    0.132 
1988 05    0.107 
1988 06    0.155 
1988 07    0.228 
1988 08    0.143 
1988 09    0.019 
1988 10   -0.005 
1988 11   -0.112 
1988 12   -0.134 
1989 01   -0.128 
1989 02   -0.068 
1989 03   -0.072 
1989 04    0.061 
1989 05    0.088 
1989 06    0.130 
1989 07    0.229 
1989 08    0.224 
1989 09    0.132 
1989 10    0.051 
1989 11    0.064 
1989 12    0.016 
1990 01    0.093 
1990 02    0.151 
1990 03    0.254 
1990 04    0.253 
1990 05    0.222 
1990 06    0.223 
1990 07    0.273 
1990 08    0.282 
1990 09    0.298 
1990 10    0.332 
1990 11    0.288 
1990 12    0.246 
1991 01    0.267 
1991 02    0.211 
1991 03    0.181 
1991 04    0.268 
1991 05    0.189 
1991 06    0.226 
1991 07    0.266 
1991 08    0.233 
1991 09    0.104 
1991 10    0.090 
1991 11    0.056 
1991 12    0.073 
1992 01    0.076 
1992 02    0.137 
1992 03    0.125 
1992 04    0.105 
1992 05    0.136 
1992 06    0.185 
1992 07    0.034 
1992 08   -0.038 
1992 09   -0.075 
1992 10   -0.046 
1992 11   -0.101 
1992 12   -0.023 
1993 01    0.118 
1993 02    0.076 
1993 03    0.025 
1993 04    0.077 
1993 05    0.122 
1993 06    0.141 
1993 07    0.076 
1993 08    0.024 
1993 09   -0.009 
1993 10   -0.014 
1993 11    0.030 
1993 12    0.024 
1994 01    0.068 
1994 02    0.119 
1994 03    0.123 
1994 04    0.189 
1994 05    0.169 
1994 06    0.170 
1994 07    0.205 
1994 08    0.264 
1994 09    0.251 
1994 10    0.279 
1994 11    0.234 
1994 12    0.226 
1995 01    0.178 
1995 02    0.198 
1995 03    0.197 
1995 04    0.207 
1995 05    0.140 
1995 06    0.296 
1995 07    0.346 
1995 08    0.411 
1995 09    0.234 
1995 10    0.220 
1995 11    0.202 
1995 12    0.221 
1996 01    0.133 
1996 02    0.099 
1996 03    0.072 
1996 04    0.115 
1996 05    0.157 
1996 06    0.211 
1996 07    0.158 
1996 08    0.231 
1996 09    0.141 
1996 10    0.082 
1996 11    0.014 
1996 12    0.058 
1997 01    0.119 
1997 02    0.203 
1997 03    0.203 
1997 04    0.174 
1997 05    0.313 
1997 06    0.394 
1997 07    0.438 
1997 08    0.427 
1997 09    0.396 
1997 10    0.435 
1997 11    0.382 
1997 12    0.391 
1998 01    0.385 
1998 02    0.441 
1998 03    0.396 
1998 04    0.430 
1998 05    0.428 
1998 06    0.463 
1998 07    0.543 
1998 08    0.580 
1998 09    0.345 
1998 10    0.347 
1998 11    0.336 
1998 12    0.277 
1999 01    0.223 
1999 02    0.209 
1999 03    0.228 
1999 04    0.231 
1999 05    0.234 
1999 06    0.224 
1999 07    0.234 
1999 08    0.242 
1999 09    0.224 
1999 10    0.225 
1999 11    0.157 
1999 12    0.136 
2000 01    0.153 
2000 02    0.127 
2000 03    0.199 
2000 04    0.217 
2000 05    0.324 
2000 06    0.236 
2000 07    0.270 
2000 08    0.371 
2000 09    0.296 
2000 10    0.252 
2000 11    0.283 
2000 12    0.216 
2001 01    0.175 
2001 02    0.203 
2001 03    0.285 
2001 04    0.288 
2001 05    0.311 
2001 06    0.370 
2001 07    0.436 
2001 08    0.475 
2001 09    0.416 
2001 10    0.431 
2001 11    0.356 
2001 12    0.363 
2002 01    0.289 
2002 02    0.279 
2002 03    0.359 
2002 04    0.399 
2002 05    0.400 
2002 06    0.426 
2002 07    0.366 
2002 08    0.359 
2002 09    0.363 
2002 10    0.402 
2002 11    0.343 
2002 12    0.385 
2003 01    0.302 
2003 02    0.275 
2003 03    0.354 
2003 04    0.313 
2003 05    0.402 
2003 06    0.486 
2003 07    0.524 
2003 08    0.621 
2003 09    0.653 
2003 10    0.577 
2003 11    0.496 
2003 12    0.394 
2004 01    0.405 
2004 02    0.365 
2004 03    0.364 
2004 04    0.475 
2004 05    0.402 
2004 06    0.432 
2004 07    0.578 
2004 08    0.593 
2004 09    0.547 
2004 10    0.514 
2004 11    0.501 
2004 12    0.451 
2005 01    0.392 
2005 02    0.368 
2005 03    0.338 
2005 04    0.441 
2005 05    0.534 
2005 06    0.603 
2005 07    0.646 
2005 08    0.644 
2005 09    0.605 
2005 10    0.497 
2005 11    0.455 
2005 12    0.333 
2006 01    0.286 
2006 02    0.243 
2006 03    0.217 
2006 04    0.346 
2006 05    0.351 
2006 06    0.452 
2006 07    0.517 
2006 08    0.621 
2006 09    0.589 
2006 10    0.618 
2006 11    0.570 
2006 12    0.469 
2007 01    0.457 
2007 02    0.447 
2007 03    0.372 
2007 04    0.350 
2007 05    0.346 
2007 06    0.430 
2007 07    0.455 
2007 08    0.468 
2007 09    0.407 
2007 10    0.383 
2007 11    0.284 
2007 12    0.273 
2008 01    0.230 
2008 02    0.219 
2008 03    0.238 
2008 04    0.282 
2008 05    0.286 
2008 06    0.386 
2008 07    0.525 
2008 08    0.485 
2008 09    0.530 
2008 10    0.436 
2008 11    0.340 
2008 12    0.275 
2009 01    0.261 
2009 02    0.233 
2009 03    0.222 
2009 04    0.276 
2009 05    0.347 
2009 06    0.603 
2009 07    0.666 
2009 08    0.624 
2009 09    0.476 
2009 10    0.479 
2009 11    0.399 
2009 12    0.467 
2010 01    0.421 
2010 02    0.434 
2010 03    0.418 
2010 04    0.484 
2010 05    0.475 
2010 06    0.543 
2010 07    0.664 
2010 08    0.607 
2010 09    0.499 
2010 10    0.399 
2010 11    0.296 
2010 12    0.245 
2011 01    0.215 
2011 02    0.208 
2011 03    0.174 
2011 04    0.243 
2011 05    0.317 
2011 06    0.381 
2011 07    0.459 
2011 08    0.488 
2011 09    0.425 
2011 10    0.340 
2011 11    0.300 
2011 12    0.295 
2012 01    0.310 
2012 02    0.219 
2012 03    0.214 
2012 04    0.279 
2012 05    0.394 
2012 06    0.415 
2012 07    0.549 
2012 08    0.587 
2012 09    0.585 
2012 10    0.511 
2012 11    0.488 
2012 12    0.439 
2013 01    0.311 
2013 02    0.341 
2013 03    0.264 
2013 04    0.374 
2013 05    0.434 
2013 06    0.440 
2013 07    0.639 
2013 08    0.626 
2013 09    0.598 
2013 10    0.519 
2013 11    0.496 
2013 12    0.407 
2014 01    0.368 
2014 02    0.387 
2014 03    0.343 
2014 04    0.488 
2014 05    0.549 
2014 06    0.731 
2014 07    0.825 
2014 08    0.926 
2014 09    0.888 
2014 10    0.738 
2014 11    0.633 
2014 12    0.553 
2015 01    0.499 
2015 02    0.498 
2015 03    0.461 
2015 04    0.607 
2015 05    0.708 
2015 06    0.732 
2015 07    0.786 
2015 08    0.949 
2015 09    0.963 
2015 10    0.919 
2015 11    0.873 
2015 12    0.865 
2016 01    0.775 
2016 02    0.621 
