# HadSST 3.1.1.0 tropics averaged SST anomalies, median of ensemble
# source: <a href="http://www.metoffice.gov.uk/hadobs/hadsst3/data/download.html">Met Office</a>
# SSTa [K] tropics SST anomalies
1850 01   -0.370 
1850 02   -0.444 
1850 03   -0.838 
1850 04   -0.432 
1850 05    0.027 
1850 06   -0.094 
1850 07   -0.116 
1850 08   -0.379 
1850 09   -0.229 
1850 10   -0.393 
1850 11   -0.094 
1850 12   -0.109 
1851 01   -0.327 
1851 02   -0.416 
1851 03   -0.586 
1851 04   -0.647 
1851 05   -0.365 
1851 06   -0.204 
1851 07   -0.141 
1851 08   -0.060 
1851 09    0.167 
1851 10   -0.232 
1851 11   -0.019 
1851 12   -0.056 
1852 01   -0.505 
1852 02   -0.637 
1852 03   -0.477 
1852 04   -0.281 
1852 05   -0.143 
1852 06    0.126 
1852 07    0.234 
1852 08   -0.099 
1852 09   -0.243 
1852 10   -0.004 
1852 11   -0.038 
1852 12   -0.047 
1853 01   -0.159 
1853 02   -0.011 
1853 03   -0.003 
1853 04   -0.276 
1853 05   -0.265 
1853 06   -0.334 
1853 07    0.078 
1853 08   -0.262 
1853 09   -0.346 
1853 10   -0.237 
1853 11   -0.002 
1853 12    0.034 
1854 01   -0.258 
1854 02   -0.215 
1854 03   -0.082 
1854 04   -0.207 
1854 05   -0.033 
1854 06   -0.043 
1854 07   -0.410 
1854 08   -0.235 
1854 09   -0.219 
1854 10   -0.064 
1854 11   -0.239 
1854 12   -0.214 
1855 01   -0.043 
1855 02   -0.122 
1855 03   -0.188 
1855 04   -0.121 
1855 05   -0.223 
1855 06   -0.193 
1855 07   -0.407 
1855 08   -0.215 
1855 09   -0.205 
1855 10   -0.263 
1855 11   -0.051 
1855 12   -0.168 
1856 01   -0.294 
1856 02   -0.194 
1856 03   -0.410 
1856 04   -0.531 
1856 05   -0.060 
1856 06   -0.399 
1856 07   -0.360 
1856 08   -0.302 
1856 09   -0.147 
1856 10   -0.229 
1856 11   -0.558 
1856 12   -0.342 
1857 01   -0.392 
1857 02   -0.505 
1857 03   -0.767 
1857 04   -0.652 
1857 05   -0.554 
1857 06   -0.401 
1857 07   -0.595 
1857 08   -0.566 
1857 09   -0.388 
1857 10   -0.586 
1857 11   -0.831 
1857 12   -0.626 
1858 01   -0.717 
1858 02   -0.559 
1858 03   -0.548 
1858 04   -0.698 
1858 05   -0.971 
1858 06   -0.864 
1858 07   -0.452 
1858 08   -0.336 
1858 09   -0.306 
1858 10   -0.098 
1858 11   -0.157 
1858 12   -0.420 
1859 01   -0.328 
1859 02   -0.338 
1859 03   -0.439 
1859 04   -0.250 
1859 05   -0.050 
1859 06   -0.003 
1859 07   -0.239 
1859 08   -0.092 
1859 09   -0.837 
1859 10   -0.258 
1859 11   -0.589 
1859 12   -0.262 
1860 01   -0.569 
1860 02   -0.498 
1860 03   -0.418 
1860 04   -0.264 
1860 05   -0.644 
1860 06   -0.357 
1860 07   -0.163 
1860 08   -0.185 
1860 09   -0.188 
1860 10   -0.110 
1860 11   -0.513 
1860 12   -0.462 
1861 01   -0.435 
1861 02   -1.190 
1861 03   -0.578 
1861 04   -0.130 
1861 05   -0.802 
1861 06   -0.435 
1861 07   -0.097 
1861 08   -0.300 
1861 09   -0.442 
1861 10   -0.296 
1861 11   -0.251 
1861 12   -0.226 
1862 01   -0.672 
1862 02   -0.401 
1862 03   -0.430 
1862 04   -0.226 
1862 05   -0.165 
1862 06   -0.365 
1862 07   -0.208 
1862 08   -0.456 
1862 09   -0.304 
1862 10   -0.260 
1862 11   -0.770 
1862 12   -0.617 
1863 01   -0.712 
1863 02   -0.411 
1863 03   -0.628 
1863 04   -0.407 
1863 05   -0.477 
1863 06   -0.278 
1863 07   -0.512 
1863 08   -0.508 
1863 09   -0.232 
1863 10   -0.273 
1863 11   -0.586 
1863 12   -0.345 
1864 01   -1.090 
1864 02   -1.130 
1864 03   -0.815 
1864 04   -0.756 
1864 05   -0.367 
1864 06   -0.386 
1864 07   -0.207 
1864 08   -0.624 
1864 09   -0.452 
1864 10   -0.405 
1864 11    0.020 
1864 12   -0.380 
1865 01   -0.234 
1865 02    0.004 
1865 03   -0.180 
1865 04   -0.067 
1865 05   -0.276 
1865 06    0.053 
1865 07   -0.176 
1865 08   -0.154 
1865 09   -0.105 
1865 10   -0.215 
1865 11    0.054 
1865 12   -0.279 
1866 01   -0.080 
1866 02   -0.002 
1866 03   -0.440 
1866 04   -0.038 
1866 05   -0.337 
1866 06    0.271 
1866 07   -0.057 
1866 08   -0.204 
1866 09   -0.339 
1866 10   -0.158 
1866 11   -0.176 
1866 12   -0.642 
1867 01   -0.286 
1867 02   -0.190 
1867 03    0.128 
1867 04   -0.172 
1867 05   -0.077 
1867 06   -0.134 
1867 07   -0.087 
1867 08   -0.087 
1867 09   -0.177 
1867 10   -0.259 
1867 11   -0.025 
1867 12   -0.259 
1868 01   -0.167 
1868 02   -0.059 
1868 03    0.186 
1868 04   -0.065 
1868 05   -0.017 
1868 06   -0.249 
1868 07   -0.296 
1868 08   -0.160 
1868 09    0.135 
1868 10   -0.153 
1868 11    0.019 
1868 12   -0.089 
1869 01   -0.327 
1869 02   -0.147 
1869 03   -0.201 
1869 04   -0.075 
1869 05   -0.075 
1869 06   -0.293 
1869 07   -0.241 
1869 08   -0.078 
1869 09   -0.317 
1869 10   -0.131 
1869 11   -0.184 
1869 12   -0.152 
1870 01   -0.177 
1870 02   -0.104 
1870 03   -0.291 
1870 04   -0.275 
1870 05   -0.394 
1870 06   -0.373 
1870 07   -0.227 
1870 08   -0.092 
1870 09   -0.213 
1870 10   -0.344 
1870 11   -0.619 
1870 12   -0.215 
1871 01   -0.394 
1871 02   -0.272 
1871 03   -0.063 
1871 04   -0.121 
1871 05   -0.148 
1871 06   -0.186 
1871 07    0.046 
1871 08   -0.186 
1871 09   -0.448 
1871 10   -0.265 
1871 11   -0.146 
1871 12   -0.162 
1872 01   -0.403 
1872 02   -0.329 
1872 03   -0.470 
1872 04   -0.321 
1872 05   -0.355 
1872 06   -0.240 
1872 07   -0.115 
1872 08    0.081 
1872 09   -0.312 
1872 10   -0.229 
1872 11   -0.326 
1872 12   -0.468 
1873 01   -0.274 
1873 02   -0.400 
1873 03   -0.336 
1873 04   -0.159 
1873 05   -0.195 
1873 06   -0.546 
1873 07   -0.415 
1873 08   -0.326 
1873 09   -0.142 
1873 10   -0.303 
1873 11   -0.416 
1873 12   -0.353 
1874 01   -0.161 
1874 02   -0.589 
1874 03   -0.525 
1874 04   -0.841 
1874 05   -0.370 
1874 06   -0.602 
1874 07   -0.223 
1874 08   -0.668 
1874 09   -0.364 
1874 10   -0.765 
1874 11   -0.728 
1874 12   -0.459 
1875 01   -0.320 
1875 02   -0.186 
1875 03   -0.327 
1875 04   -0.506 
1875 05   -0.250 
1875 06   -0.437 
1875 07   -0.377 
1875 08   -0.417 
1875 09   -0.041 
1875 10   -0.149 
1875 11    0.040 
1875 12   -0.179 
1876 01   -0.269 
1876 02   -0.315 
1876 03   -0.076 
1876 04   -0.243 
1876 05   -0.342 
1876 06   -0.375 
1876 07   -0.294 
1876 08   -0.470 
1876 09   -0.749 
1876 10   -0.469 
1876 11   -0.288 
1876 12   -0.303 
1877 01   -0.438 
1877 02    0.006 
1877 03   -0.274 
1877 04   -0.020 
1877 05   -0.262 
1877 06    0.060 
1877 07    0.147 
1877 08    0.262 
1877 09    0.501 
1877 10    0.504 
1877 11    0.253 
1877 12    0.541 
1878 01    0.995 
1878 02    0.786 
1878 03    0.407 
1878 04    0.590 
1878 05    0.461 
1878 06    0.432 
1878 07    0.263 
1878 08    0.059 
1878 09   -0.145 
1878 10   -0.067 
1878 11   -0.063 
1878 12   -0.199 
1879 01   -0.174 
1879 02   -0.053 
1879 03   -0.198 
1879 04   -0.294 
1879 05   -0.131 
1879 06   -0.213 
1879 07   -0.393 
1879 08   -0.127 
1879 09   -0.332 
1879 10   -0.399 
1879 11   -0.394 
1879 12   -0.504 
1880 01   -0.434 
1880 02   -0.045 
1880 03    0.214 
1880 04   -0.152 
1880 05   -0.303 
1880 06   -0.493 
1880 07   -0.565 
1880 08   -0.177 
1880 09   -0.359 
1880 10   -0.143 
1880 11   -0.180 
1880 12   -0.071 
1881 01   -0.153 
1881 02   -0.032 
1881 03    0.158 
1881 04    0.151 
1881 05    0.179 
1881 06   -0.062 
1881 07    0.007 
1881 08   -0.057 
1881 09   -0.114 
1881 10   -0.196 
1881 11   -0.139 
1881 12   -0.103 
1882 01   -0.119 
1882 02   -0.145 
1882 03   -0.111 
1882 04   -0.067 
1882 05   -0.304 
1882 06   -0.458 
1882 07   -0.373 
1882 08   -0.377 
1882 09   -0.349 
1882 10   -0.408 
1882 11   -0.199 
1882 12   -0.407 
1883 01   -0.192 
1883 02   -0.345 
1883 03   -0.256 
1883 04   -0.400 
1883 05   -0.153 
1883 06   -0.222 
1883 07   -0.326 
1883 08   -0.435 
1883 09   -0.373 
1883 10   -0.502 
1883 11   -0.378 
1883 12   -0.487 
1884 01   -0.575 
1884 02   -0.267 
1884 03   -0.433 
1884 04   -0.402 
1884 05   -0.371 
1884 06   -0.379 
1884 07   -0.465 
1884 08   -0.415 
1884 09   -0.250 
1884 10   -0.292 
1884 11   -0.425 
1884 12   -0.254 
1885 01   -0.210 
1885 02   -0.218 
1885 03   -0.330 
1885 04   -0.340 
1885 05   -0.333 
1885 06   -0.451 
1885 07   -0.505 
1885 08   -0.614 
1885 09   -0.291 
1885 10    0.137 
1885 11    0.012 
1885 12   -0.019 
1886 01   -0.080 
1886 02   -0.198 
1886 03   -0.112 
1886 04   -0.139 
1886 05    0.013 
1886 06   -0.338 
1886 07   -0.357 
1886 08   -0.395 
1886 09   -0.463 
1886 10   -0.456 
1886 11   -0.400 
1886 12   -0.668 
1887 01   -0.533 
1887 02   -0.539 
1887 03   -0.508 
1887 04   -0.550 
1887 05   -0.598 
1887 06   -0.571 
1887 07   -0.385 
1887 08   -0.433 
1887 09   -0.389 
1887 10   -0.285 
1887 11   -0.215 
1887 12   -0.207 
1888 01   -0.344 
1888 02   -0.215 
1888 03    0.049 
1888 04   -0.059 
1888 05   -0.091 
1888 06   -0.176 
1888 07   -0.059 
1888 08   -0.114 
1888 09    0.012 
1888 10    0.246 
1888 11    0.276 
1888 12    0.354 
1889 01    0.539 
1889 02    0.379 
1889 03    0.317 
1889 04    0.305 
1889 05    0.112 
1889 06    0.017 
1889 07   -0.045 
1889 08   -0.223 
1889 09   -0.235 
1889 10   -0.281 
1889 11   -0.377 
1889 12   -0.349 
1890 01   -0.464 
1890 02   -0.431 
1890 03   -0.373 
1890 04   -0.465 
1890 05   -0.357 
1890 06   -0.538 
1890 07   -0.588 
1890 08   -0.734 
1890 09   -0.786 
1890 10   -0.786 
1890 11   -0.736 
1890 12   -0.477 
1891 01   -0.424 
1891 02   -0.264 
1891 03   -0.150 
1891 04   -0.061 
1891 05   -0.013 
1891 06   -0.165 
1891 07   -0.296 
1891 08   -0.349 
1891 09   -0.326 
1891 10   -0.138 
1891 11   -0.272 
1891 12   -0.142 
1892 01   -0.210 
1892 02   -0.043 
1892 03   -0.217 
1892 04   -0.495 
1892 05   -0.389 
1892 06   -0.647 
1892 07   -0.688 
1892 08   -0.813 
1892 09   -0.688 
1892 10   -0.806 
1892 11   -0.841 
1892 12   -0.490 
1893 01   -0.577 
1893 02   -0.672 
1893 03   -0.492 
1893 04   -0.615 
1893 05   -0.584 
1893 06   -0.558 
1893 07   -0.398 
1893 08   -0.431 
1893 09   -0.582 
1893 10   -0.368 
1893 11   -0.509 
1893 12   -0.496 
1894 01   -0.515 
1894 02   -0.591 
1894 03   -0.542 
1894 04   -0.517 
1894 05   -0.554 
1894 06   -0.487 
1894 07   -0.463 
1894 08   -0.624 
1894 09   -0.505 
1894 10   -0.478 
1894 11   -0.482 
1894 12   -0.456 
1895 01   -0.143 
1895 02   -0.207 
1895 03   -0.318 
1895 04   -0.333 
1895 05   -0.273 
1895 06   -0.359 
1895 07   -0.382 
1895 08   -0.136 
1895 09   -0.195 
1895 10   -0.116 
1895 11    0.028 
1895 12   -0.086 
1896 01   -0.082 
1896 02   -0.080 
1896 03    0.079 
1896 04    0.109 
1896 05   -0.012 
1896 06   -0.075 
1896 07   -0.007 
1896 08    0.022 
1896 09    0.057 
1896 10   -0.004 
1896 11    0.383 
1896 12    0.445 
1897 01    0.390 
1897 02    0.312 
1897 03    0.412 
1897 04    0.254 
1897 05    0.156 
1897 06    0.017 
1897 07    0.064 
1897 08    0.108 
1897 09    0.004 
1897 10    0.021 
1897 11   -0.169 
1897 12   -0.381 
1898 01   -0.241 
1898 02   -0.413 
1898 03   -0.453 
1898 04   -0.491 
1898 05   -0.448 
1898 06   -0.442 
1898 07   -0.541 
1898 08   -0.612 
1898 09   -0.396 
1898 10   -0.447 
1898 11   -0.353 
1898 12   -0.438 
1899 01   -0.437 
1899 02   -0.507 
1899 03   -0.463 
1899 04   -0.390 
1899 05   -0.231 
1899 06   -0.277 
1899 07   -0.308 
1899 08   -0.084 
1899 09   -0.127 
1899 10   -0.017 
1899 11    0.093 
1899 12    0.141 
1900 01    0.101 
1900 02    0.170 
1900 03    0.008 
1900 04    0.179 
1900 05   -0.025 
1900 06    0.012 
1900 07    0.073 
1900 08   -0.167 
1900 09   -0.089 
1900 10    0.065 
1900 11    0.007 
1900 12    0.165 
1901 01    0.042 
1901 02   -0.080 
1901 03   -0.063 
1901 04   -0.019 
1901 05   -0.164 
1901 06   -0.229 
1901 07   -0.345 
1901 08   -0.155 
1901 09   -0.407 
1901 10   -0.311 
1901 11   -0.189 
1901 12   -0.251 
1902 01   -0.360 
1902 02   -0.343 
1902 03   -0.368 
1902 04   -0.283 
1902 05   -0.211 
1902 06   -0.322 
1902 07   -0.130 
1902 08   -0.189 
1902 09   -0.307 
1902 10   -0.303 
1902 11   -0.196 
1902 12   -0.094 
1903 01   -0.077 
1903 02   -0.096 
1903 03   -0.231 
1903 04   -0.297 
1903 05   -0.270 
1903 06   -0.271 
1903 07   -0.423 
1903 08   -0.554 
1903 09   -0.587 
1903 10   -0.541 
1903 11   -0.621 
1903 12   -0.693 
1904 01   -0.749 
1904 02   -0.770 
1904 03   -0.703 
1904 04   -0.707 
1904 05   -0.685 
1904 06   -0.652 
1904 07   -0.571 
1904 08   -0.520 
1904 09   -0.432 
1904 10   -0.474 
1904 11   -0.415 
1904 12   -0.187 
1905 01   -0.356 
1905 02   -0.312 
1905 03   -0.375 
1905 04   -0.484 
1905 05   -0.126 
1905 06   -0.224 
1905 07   -0.257 
1905 08   -0.267 
1905 09   -0.333 
1905 10   -0.268 
1905 11   -0.134 
1905 12   -0.100 
1906 01   -0.035 
1906 02    0.093 
1906 03   -0.089 
1906 04   -0.187 
1906 05   -0.393 
1906 06   -0.371 
1906 07   -0.421 
1906 08   -0.423 
1906 09   -0.394 
1906 10   -0.546 
1906 11   -0.502 
1906 12   -0.396 
1907 01   -0.393 
1907 02   -0.415 
1907 03   -0.360 
1907 04   -0.403 
1907 05   -0.409 
1907 06   -0.466 
1907 07   -0.422 
1907 08   -0.490 
1907 09   -0.450 
1907 10   -0.430 
1907 11   -0.334 
1907 12   -0.328 
1908 01   -0.359 
1908 02   -0.435 
1908 03   -0.608 
1908 04   -0.502 
1908 05   -0.523 
1908 06   -0.644 
1908 07   -0.691 
1908 08   -0.614 
1908 09   -0.502 
1908 10   -0.575 
1908 11   -0.628 
1908 12   -0.609 
1909 01   -0.507 
1909 02   -0.491 
1909 03   -0.518 
1909 04   -0.440 
1909 05   -0.407 
1909 06   -0.507 
1909 07   -0.600 
1909 08   -0.454 
1909 09   -0.468 
1909 10   -0.535 
1909 11   -0.538 
1909 12   -0.535 
1910 01   -0.450 
1910 02   -0.475 
1910 03   -0.525 
1910 04   -0.547 
1910 05   -0.505 
1910 06   -0.418 
1910 07   -0.436 
1910 08   -0.547 
1910 09   -0.469 
1910 10   -0.460 
1910 11   -0.552 
1910 12   -0.591 
1911 01   -0.455 
1911 02   -0.638 
1911 03   -0.565 
1911 04   -0.758 
1911 05   -0.662 
1911 06   -0.660 
1911 07   -0.598 
1911 08   -0.594 
1911 09   -0.594 
1911 10   -0.457 
1911 11   -0.322 
1911 12   -0.263 
1912 01   -0.127 
1912 02   -0.189 
1912 03   -0.174 
1912 04   -0.030 
1912 05   -0.269 
1912 06   -0.202 
1912 07   -0.285 
1912 08   -0.399 
1912 09   -0.332 
1912 10   -0.396 
1912 11   -0.451 
1912 12   -0.398 
1913 01   -0.394 
1913 02   -0.264 
1913 03   -0.447 
1913 04   -0.629 
1913 05   -0.329 
1913 06   -0.313 
1913 07   -0.327 
1913 08   -0.365 
1913 09   -0.423 
1913 10   -0.318 
1913 11   -0.200 
1913 12   -0.115 
1914 01   -0.152 
1914 02   -0.169 
1914 03   -0.225 
1914 04   -0.235 
1914 05   -0.336 
1914 06   -0.280 
1914 07   -0.370 
1914 08   -0.230 
1914 09   -0.198 
1914 10   -0.212 
1914 11    0.016 
1914 12   -0.061 
1915 01   -0.036 
1915 02   -0.042 
1915 03    0.120 
1915 04   -0.026 
1915 05   -0.037 
1915 06   -0.061 
1915 07    0.052 
1915 08    0.036 
1915 09   -0.128 
1915 10   -0.258 
1915 11   -0.238 
1915 12   -0.218 
1916 01   -0.245 
1916 02   -0.278 
1916 03   -0.375 
1916 04   -0.349 
1916 05   -0.296 
1916 06   -0.471 
1916 07   -0.390 
1916 08   -0.538 
1916 09   -0.539 
1916 10   -0.601 
1916 11   -0.767 
1916 12   -0.717 
1917 01   -0.874 
1917 02   -0.606 
1917 03   -0.844 
1917 04   -0.540 
1917 05   -0.551 
1917 06   -0.287 
1917 07   -0.229 
1917 08   -0.188 
1917 09   -0.323 
1917 10   -0.521 
1917 11   -0.630 
1917 12   -0.477 
1918 01   -0.489 
1918 02   -0.688 
1918 03   -0.618 
1918 04   -0.617 
1918 05   -0.366 
1918 06   -0.331 
1918 07   -0.326 
1918 08   -0.300 
1918 09   -0.274 
1918 10   -0.243 
1918 11    0.132 
1918 12    0.133 
1919 01    0.028 
1919 02    0.254 
1919 03   -0.082 
1919 04   -0.045 
1919 05   -0.194 
1919 06   -0.273 
1919 07   -0.434 
1919 08   -0.444 
1919 09   -0.313 
1919 10   -0.423 
1919 11   -0.418 
1919 12   -0.491 
1920 01   -0.344 
1920 02   -0.302 
1920 03   -0.035 
1920 04   -0.373 
1920 05   -0.286 
1920 06   -0.185 
1920 07   -0.331 
1920 08   -0.317 
1920 09   -0.363 
1920 10   -0.263 
1920 11   -0.308 
1920 12   -0.245 
1921 01   -0.165 
1921 02   -0.202 
1921 03   -0.526 
1921 04   -0.310 
1921 05   -0.295 
1921 06   -0.268 
1921 07   -0.165 
1921 08   -0.270 
1921 09   -0.173 
1921 10   -0.144 
1921 11   -0.174 
1921 12    0.042 
1922 01   -0.301 
1922 02   -0.095 
1922 03   -0.149 
1922 04   -0.310 
1922 05   -0.354 
1922 06   -0.391 
1922 07   -0.343 
1922 08   -0.481 
1922 09   -0.438 
1922 10   -0.360 
1922 11   -0.344 
1922 12   -0.366 
1923 01   -0.328 
1923 02   -0.373 
1923 03   -0.487 
1923 04   -0.255 
1923 05   -0.223 
1923 06   -0.251 
1923 07   -0.264 
1923 08   -0.397 
1923 09   -0.298 
1923 10   -0.212 
1923 11   -0.035 
1923 12    0.149 
1924 01   -0.100 
1924 02    0.127 
1924 03   -0.011 
1924 04    0.003 
1924 05   -0.046 
1924 06   -0.179 
1924 07   -0.182 
1924 08   -0.381 
1924 09   -0.359 
1924 10   -0.398 
1924 11   -0.547 
1924 12   -0.591 
1925 01   -0.533 
1925 02   -0.634 
1925 03   -0.335 
1925 04   -0.451 
1925 05   -0.189 
1925 06   -0.167 
1925 07   -0.004 
1925 08   -0.040 
1925 09   -0.101 
1925 10   -0.182 
1925 11    0.123 
1925 12    0.195 
1926 01    0.235 
1926 02    0.083 
1926 03    0.223 
1926 04    0.187 
1926 05    0.123 
1926 06    0.189 
1926 07    0.103 
1926 08    0.033 
1926 09    0.031 
1926 10   -0.049 
1926 11   -0.075 
1926 12   -0.066 
1927 01   -0.169 
1927 02    0.015 
1927 03   -0.142 
1927 04   -0.167 
1927 05   -0.175 
1927 06   -0.160 
1927 07   -0.146 
1927 08   -0.176 
1927 09   -0.083 
1927 10   -0.031 
1927 11    0.031 
1927 12    0.112 
1928 01    0.138 
1928 02    0.065 
1928 03   -0.091 
1928 04   -0.091 
1928 05   -0.165 
1928 06   -0.241 
1928 07   -0.224 
1928 08   -0.223 
1928 09   -0.289 
1928 10   -0.279 
1928 11   -0.235 
1928 12   -0.167 
1929 01   -0.269 
1929 02   -0.291 
1929 03   -0.227 
1929 04   -0.186 
1929 05   -0.385 
1929 06   -0.292 
1929 07   -0.342 
1929 08   -0.213 
1929 09   -0.152 
1929 10   -0.204 
1929 11   -0.108 
1929 12   -0.126 
1930 01   -0.181 
1930 02   -0.146 
1930 03   -0.107 
1930 04   -0.070 
1930 05   -0.114 
1930 06   -0.191 
1930 07   -0.122 
1930 08   -0.022 
1930 09    0.102 
1930 10    0.121 
1930 11    0.270 
1930 12    0.234 
1931 01    0.316 
1931 02    0.298 
1931 03    0.325 
1931 04    0.218 
1931 05    0.246 
1931 06    0.151 
1931 07    0.191 
1931 08   -0.027 
1931 09    0.051 
1931 10   -0.063 
1931 11   -0.124 
1931 12   -0.060 
1932 01   -0.136 
1932 02   -0.119 
1932 03    0.060 
1932 04   -0.028 
1932 05   -0.024 
1932 06   -0.116 
1932 07   -0.207 
1932 08   -0.160 
1932 09   -0.088 
1932 10   -0.340 
1932 11   -0.234 
1932 12   -0.118 
1933 01   -0.098 
1933 02   -0.080 
1933 03   -0.065 
1933 04   -0.134 
1933 05   -0.032 
1933 06   -0.237 
1933 07   -0.203 
1933 08   -0.305 
1933 09   -0.313 
1933 10   -0.336 
1933 11   -0.387 
1933 12   -0.315 
1934 01   -0.386 
1934 02   -0.425 
1934 03   -0.478 
1934 04   -0.242 
1934 05   -0.333 
1934 06   -0.122 
1934 07   -0.102 
1934 08   -0.037 
1934 09   -0.045 
1934 10   -0.170 
1934 11   -0.094 
1934 12   -0.171 
1935 01   -0.146 
1935 02   -0.152 
1935 03   -0.238 
1935 04   -0.123 
1935 05   -0.056 
1935 06   -0.162 
1935 07   -0.207 
1935 08   -0.157 
1935 09   -0.163 
1935 10   -0.184 
1935 11   -0.069 
1935 12   -0.091 
1936 01   -0.102 
1936 02   -0.023 
1936 03   -0.047 
1936 04    0.056 
1936 05   -0.061 
1936 06   -0.248 
1936 07   -0.168 
1936 08   -0.097 
1936 09   -0.037 
1936 10   -0.050 
1936 11   -0.157 
1936 12   -0.044 
1937 01   -0.058 
1937 02    0.076 
1937 03    0.152 
1937 04    0.081 
1937 05    0.058 
1937 06    0.045 
1937 07    0.056 
1937 08    0.009 
1937 09    0.096 
1937 10    0.002 
1937 11    0.084 
1937 12    0.170 
1938 01   -0.010 
1938 02    0.082 
1938 03   -0.009 
1938 04   -0.152 
1938 05   -0.247 
1938 06   -0.252 
1938 07   -0.294 
1938 08   -0.281 
1938 09   -0.212 
1938 10   -0.137 
1938 11   -0.298 
1938 12   -0.351 
1939 01   -0.250 
1939 02   -0.237 
1939 03   -0.321 
1939 04   -0.125 
1939 05   -0.090 
1939 06   -0.058 
1939 07    0.092 
1939 08   -0.002 
1939 09   -0.029 
1939 10   -0.478 
1939 11   -0.226 
1939 12   -0.040 
1940 01    0.313 
1940 02    0.193 
1940 03    0.120 
1940 04    0.123 
1940 05    0.301 
1940 06    0.095 
1940 07    0.127 
1940 08    0.179 
1940 09    0.176 
1940 10    0.154 
1940 11    0.138 
1940 12    0.251 
1941 01    0.288 
1941 02    0.139 
1941 03    0.291 
1941 04    0.212 
1941 05    0.090 
1941 06    0.256 
1941 07    0.268 
1941 08    0.221 
1941 09    0.099 
1941 10    0.422 
1941 11    0.332 
1941 12    0.489 
1942 01    0.333 
1942 02    0.240 
1942 03    0.133 
1942 04   -0.022 
1942 05   -0.034 
1942 06   -0.089 
1942 07   -0.174 
1942 08   -0.253 
1942 09   -0.171 
1942 10   -0.314 
1942 11   -0.340 
1942 12   -0.353 
1943 01   -0.207 
1943 02   -0.306 
1943 03   -0.378 
1943 04   -0.435 
1943 05   -0.248 
1943 06   -0.149 
1943 07   -0.262 
1943 08   -0.080 
1943 09   -0.124 
1943 10   -0.082 
1943 11   -0.208 
1943 12   -0.071 
1944 01   -0.164 
1944 02   -0.078 
1944 03    0.051 
1944 04    0.070 
1944 05    0.074 
1944 06    0.186 
1944 07    0.331 
1944 08    0.197 
1944 09    0.153 
1944 10    0.094 
1944 11   -0.135 
1944 12    0.152 
1945 01    0.235 
1945 02    0.164 
1945 03   -0.078 
1945 04    0.087 
1945 05    0.002 
1945 06    0.139 
1945 07   -0.010 
1945 08    0.072 
1945 09    0.094 
1945 10    0.096 
1945 11    0.017 
1945 12    0.255 
1946 01    0.134 
1946 02    0.185 
1946 03    0.301 
1946 04    0.140 
1946 05   -0.139 
1946 06   -0.169 
1946 07   -0.222 
1946 08   -0.156 
1946 09   -0.191 
1946 10   -0.133 
1946 11   -0.121 
1946 12    0.038 
1947 01    0.203 
1947 02    0.058 
1947 03    0.134 
1947 04   -0.041 
1947 05   -0.064 
1947 06    0.035 
1947 07   -0.026 
1947 08   -0.053 
1947 09   -0.122 
1947 10   -0.211 
1947 11   -0.054 
1947 12   -0.062 
1948 01   -0.119 
1948 02    0.017 
1948 03    0.118 
1948 04   -0.025 
1948 05    0.015 
1948 06   -0.003 
1948 07   -0.166 
1948 08   -0.049 
1948 09   -0.245 
1948 10   -0.163 
1948 11   -0.186 
1948 12   -0.086 
1949 01   -0.211 
1949 02   -0.018 
1949 03   -0.163 
1949 04   -0.060 
1949 05   -0.131 
1949 06   -0.280 
1949 07   -0.075 
1949 08   -0.112 
1949 09   -0.272 
1949 10   -0.234 
1949 11   -0.268 
1949 12   -0.218 
1950 01   -0.180 
1950 02   -0.284 
1950 03   -0.183 
1950 04   -0.229 
1950 05   -0.282 
1950 06   -0.269 
1950 07   -0.220 
1950 08   -0.293 
1950 09   -0.327 
1950 10   -0.317 
1950 11   -0.342 
1950 12   -0.368 
1951 01   -0.277 
1951 02   -0.294 
1951 03   -0.250 
1951 04   -0.194 
1951 05   -0.091 
1951 06    0.045 
1951 07    0.116 
1951 08    0.171 
1951 09    0.151 
1951 10    0.297 
1951 11    0.244 
1951 12    0.235 
1952 01    0.237 
1952 02    0.186 
1952 03    0.145 
1952 04    0.148 
1952 05    0.100 
1952 06   -0.022 
1952 07   -0.073 
1952 08   -0.109 
1952 09   -0.021 
1952 10   -0.045 
1952 11   -0.083 
1952 12    0.025 
1953 01    0.077 
1953 02    0.105 
1953 03    0.161 
1953 04    0.167 
1953 05    0.215 
1953 06    0.186 
1953 07    0.077 
1953 08    0.103 
1953 09    0.099 
1953 10    0.007 
1953 11    0.030 
1953 12    0.119 
1954 01    0.010 
1954 02    0.023 
1954 03   -0.044 
1954 04   -0.199 
1954 05   -0.256 
1954 06   -0.243 
1954 07   -0.398 
1954 08   -0.266 
1954 09   -0.339 
1954 10   -0.344 
1954 11   -0.331 
1954 12   -0.438 
1955 01   -0.147 
1955 02   -0.350 
1955 03   -0.288 
1955 04   -0.376 
1955 05   -0.488 
1955 06   -0.451 
1955 07   -0.312 
1955 08   -0.273 
1955 09   -0.294 
1955 10   -0.431 
1955 11   -0.470 
1955 12   -0.420 
1956 01   -0.345 
1956 02   -0.339 
1956 03   -0.257 
1956 04   -0.289 
1956 05   -0.354 
1956 06   -0.403 
1956 07   -0.363 
1956 08   -0.285 
1956 09   -0.363 
1956 10   -0.332 
1956 11   -0.286 
1956 12   -0.202 
1957 01   -0.228 
1957 02   -0.129 
1957 03   -0.002 
1957 04    0.043 
1957 05    0.239 
1957 06    0.158 
1957 07    0.184 
1957 08    0.195 
1957 09    0.016 
1957 10    0.091 
1957 11    0.149 
1957 12    0.325 
1958 01    0.328 
1958 02    0.473 
1958 03    0.294 
1958 04    0.255 
1958 05    0.125 
1958 06    0.096 
1958 07    0.078 
1958 08    0.119 
1958 09    0.035 
1958 10    0.021 
1958 11   -0.006 
1958 12    0.084 
1959 01    0.143 
1959 02    0.157 
1959 03    0.105 
1959 04    0.112 
1959 05    0.105 
1959 06    0.006 
1959 07   -0.030 
1959 08   -0.086 
1959 09   -0.063 
1959 10   -0.022 
1959 11   -0.045 
1959 12   -0.044 
1960 01   -0.027 
1960 02   -0.095 
1960 03    0.052 
1960 04   -0.034 
1960 05    0.045 
1960 06   -0.115 
1960 07   -0.011 
1960 08   -0.055 
1960 09    0.044 
1960 10   -0.103 
1960 11   -0.081 
1960 12    0.013 
1961 01    0.057 
1961 02    0.144 
1961 03    0.037 
1961 04    0.053 
1961 05   -0.024 
1961 06    0.001 
1961 07   -0.160 
1961 08   -0.153 
1961 09   -0.264 
1961 10   -0.172 
1961 11   -0.154 
1961 12   -0.066 
1962 01   -0.093 
1962 02   -0.102 
1962 03   -0.067 
1962 04   -0.071 
1962 05   -0.118 
1962 06   -0.077 
1962 07   -0.045 
1962 08   -0.022 
1962 09   -0.137 
1962 10   -0.093 
1962 11   -0.091 
1962 12   -0.086 
1963 01   -0.027 
1963 02    0.003 
1963 03    0.051 
1963 04    0.084 
1963 05    0.160 
1963 06    0.108 
1963 07    0.200 
1963 08    0.267 
1963 09    0.196 
1963 10    0.206 
1963 11    0.262 
1963 12    0.283 
1964 01    0.308 
1964 02    0.181 
1964 03    0.050 
1964 04   -0.008 
1964 05   -0.166 
1964 06   -0.138 
1964 07   -0.108 
1964 08   -0.289 
1964 09   -0.352 
1964 10   -0.300 
1964 11   -0.440 
1964 12   -0.477 
1965 01   -0.336 
1965 02   -0.212 
1965 03   -0.193 
1965 04   -0.055 
1965 05   -0.019 
1965 06   -0.026 
1965 07   -0.096 
1965 08    0.023 
1965 09    0.085 
1965 10    0.157 
1965 11    0.166 
1965 12    0.184 
1966 01    0.199 
1966 02    0.229 
1966 03    0.215 
1966 04    0.157 
1966 05   -0.013 
1966 06    0.093 
1966 07    0.178 
1966 08    0.043 
1966 09    0.037 
1966 10    0.019 
1966 11    0.026 
1966 12    0.057 
1967 01   -0.102 
1967 02   -0.145 
1967 03   -0.133 
1967 04   -0.077 
1967 05   -0.041 
1967 06   -0.069 
1967 07   -0.208 
1967 08   -0.264 
1967 09   -0.245 
1967 10   -0.322 
1967 11   -0.301 
1967 12   -0.248 
1968 01   -0.348 
1968 02   -0.313 
1968 03   -0.297 
1968 04   -0.235 
1968 05   -0.253 
1968 06    0.036 
1968 07    0.021 
1968 08    0.063 
1968 09    0.091 
1968 10    0.137 
1968 11    0.144 
1968 12    0.230 
1969 01    0.343 
1969 02    0.360 
1969 03    0.428 
1969 04    0.458 
1969 05    0.474 
1969 06    0.268 
1969 07    0.130 
1969 08    0.157 
1969 09    0.190 
1969 10    0.291 
1969 11    0.240 
1969 12    0.323 
1970 01    0.364 
1970 02    0.201 
1970 03    0.247 
1970 04    0.167 
1970 05    0.054 
1970 06   -0.079 
1970 07   -0.100 
1970 08   -0.192 
1970 09   -0.149 
1970 10   -0.178 
1970 11   -0.196 
1970 12   -0.312 
1971 01   -0.321 
1971 02   -0.430 
1971 03   -0.401 
1971 04   -0.260 
1971 05   -0.296 
1971 06   -0.334 
1971 07   -0.343 
1971 08   -0.342 
1971 09   -0.315 
1971 10   -0.384 
1971 11   -0.395 
1971 12   -0.469 
1972 01   -0.299 
1972 02   -0.123 
1972 03   -0.185 
1972 04   -0.041 
1972 05   -0.010 
1972 06    0.087 
1972 07    0.147 
1972 08    0.251 
1972 09    0.208 
1972 10    0.343 
1972 11    0.434 
1972 12    0.547 
1973 01    0.472 
1973 02    0.347 
1973 03    0.253 
1973 04    0.142 
1973 05    0.068 
1973 06    0.011 
1973 07   -0.037 
1973 08   -0.042 
1973 09   -0.061 
1973 10   -0.201 
1973 11   -0.261 
1973 12   -0.402 
1974 01   -0.541 
1974 02   -0.502 
1974 03   -0.436 
1974 04   -0.391 
1974 05   -0.293 
1974 06   -0.282 
1974 07   -0.209 
1974 08   -0.130 
1974 09   -0.211 
1974 10   -0.341 
1974 11   -0.339 
1974 12   -0.303 
1975 01   -0.331 
1975 02   -0.270 
1975 03   -0.344 
1975 04   -0.373 
1975 05   -0.354 
1975 06   -0.385 
1975 07   -0.315 
1975 08   -0.346 
1975 09   -0.498 
1975 10   -0.524 
1975 11   -0.588 
1975 12   -0.694 
1976 01   -0.666 
1976 02   -0.555 
1976 03   -0.463 
1976 04   -0.407 
1976 05   -0.361 
1976 06   -0.255 
1976 07   -0.218 
1976 08   -0.160 
1976 09   -0.124 
1976 10    0.040 
1976 11    0.076 
1976 12    0.003 
1977 01    0.054 
1977 02    0.014 
1977 03   -0.031 
1977 04   -0.091 
1977 05   -0.023 
1977 06    0.048 
1977 07   -0.014 
1977 08   -0.057 
1977 09    0.018 
1977 10    0.013 
1977 11    0.064 
1977 12    0.046 
1978 01    0.124 
1978 02   -0.006 
1978 03   -0.012 
1978 04   -0.155 
1978 05   -0.163 
1978 06   -0.131 
1978 07   -0.121 
1978 08   -0.162 
1978 09   -0.182 
1978 10   -0.212 
1978 11   -0.125 
1978 12   -0.048 
1979 01    0.050 
1979 02    0.003 
1979 03    0.068 
1979 04    0.092 
1979 05    0.022 
1979 06    0.086 
1979 07   -0.014 
1979 08   -0.009 
1979 09    0.086 
1979 10    0.076 
1979 11    0.139 
1979 12    0.178 
1980 01    0.187 
1980 02    0.115 
1980 03    0.139 
1980 04    0.128 
1980 05    0.164 
1980 06    0.098 
1980 07    0.061 
1980 08    0.031 
1980 09    0.047 
1980 10   -0.010 
1980 11    0.044 
1980 12    0.006 
1981 01   -0.096 
1981 02   -0.163 
1981 03   -0.002 
1981 04   -0.102 
1981 05   -0.023 
1981 06   -0.049 
1981 07   -0.048 
1981 08   -0.052 
1981 09    0.052 
1981 10    0.151 
1981 11    0.066 
1981 12    0.098 
1982 01    0.070 
1982 02    0.013 
1982 03    0.004 
1982 04    0.078 
1982 05    0.131 
1982 06    0.091 
1982 07    0.009 
1982 08    0.071 
1982 09    0.197 
1982 10    0.324 
1982 11    0.343 
1982 12    0.444 
1983 01    0.516 
1983 02    0.504 
1983 03    0.441 
1983 04    0.397 
1983 05    0.371 
1983 06    0.476 
1983 07    0.310 
1983 08    0.264 
1983 09    0.164 
1983 10    0.073 
1983 11    0.011 
1983 12    0.092 
1984 01    0.064 
1984 02    0.047 
1984 03    0.124 
1984 04    0.062 
1984 05   -0.098 
1984 06   -0.145 
1984 07   -0.052 
1984 08   -0.046 
1984 09    0.076 
1984 10   -0.100 
1984 11   -0.108 
1984 12   -0.208 
1985 01   -0.145 
1985 02   -0.147 
1985 03   -0.176 
1985 04   -0.214 
1985 05   -0.208 
1985 06   -0.218 
1985 07   -0.156 
1985 08   -0.129 
1985 09   -0.121 
1985 10   -0.095 
1985 11   -0.078 
1985 12   -0.034 
1986 01   -0.125 
1986 02   -0.027 
1986 03   -0.082 
1986 04   -0.063 
1986 05   -0.035 
1986 06    0.032 
1986 07    0.057 
1986 08   -0.024 
1986 09    0.091 
1986 10    0.126 
1986 11    0.169 
1986 12    0.124 
1987 01    0.125 
1987 02    0.072 
1987 03    0.308 
1987 04    0.249 
1987 05    0.426 
1987 06    0.413 
1987 07    0.439 
1987 08    0.519 
1987 09    0.522 
1987 10    0.566 
1987 11    0.632 
1987 12    0.485 
1988 01    0.509 
1988 02    0.411 
1988 03    0.414 
1988 04    0.301 
1988 05    0.179 
1988 06    0.048 
1988 07    0.041 
1988 08    0.116 
1988 09    0.081 
1988 10   -0.066 
1988 11   -0.159 
1988 12   -0.219 
1989 01   -0.203 
1989 02   -0.178 
1989 03   -0.186 
1989 04   -0.162 
1989 05   -0.106 
1989 06   -0.132 
1989 07    0.056 
1989 08    0.051 
1989 09    0.093 
1989 10    0.079 
1989 11    0.068 
1989 12    0.085 
1990 01    0.035 
1990 02    0.239 
1990 03    0.172 
1990 04    0.221 
1990 05    0.188 
1990 06    0.156 
1990 07    0.167 
1990 08    0.174 
1990 09    0.149 
1990 10    0.231 
1990 11    0.180 
1990 12    0.220 
1991 01    0.230 
1991 02    0.176 
1991 03    0.164 
1991 04    0.203 
1991 05    0.309 
1991 06    0.286 
1991 07    0.333 
1991 08    0.244 
1991 09    0.185 
1991 10    0.167 
1991 11    0.132 
1991 12    0.215 
1992 01    0.205 
1992 02    0.249 
1992 03    0.185 
1992 04    0.242 
1992 05    0.327 
1992 06    0.234 
1992 07    0.172 
1992 08    0.086 
1992 09    0.084 
1992 10    0.050 
1992 11   -0.023 
1992 12   -0.032 
1993 01    0.018 
1993 02    0.030 
1993 03    0.119 
1993 04    0.155 
1993 05    0.245 
1993 06    0.189 
1993 07    0.173 
1993 08    0.111 
1993 09    0.165 
1993 10    0.169 
1993 11    0.251 
1993 12    0.187 
1994 01    0.223 
1994 02    0.135 
1994 03    0.157 
1994 04    0.131 
1994 05    0.154 
1994 06    0.121 
1994 07    0.069 
1994 08    0.086 
1994 09    0.072 
1994 10    0.255 
1994 11    0.259 
1994 12    0.265 
1995 01    0.296 
1995 02    0.358 
1995 03    0.315 
1995 04    0.273 
1995 05    0.255 
1995 06    0.350 
1995 07    0.354 
1995 08    0.233 
1995 09    0.171 
1995 10    0.111 
1995 11    0.191 
1995 12    0.139 
1996 01    0.107 
1996 02    0.158 
1996 03    0.183 
1996 04    0.170 
1996 05    0.078 
1996 06    0.142 
1996 07    0.216 
1996 08    0.184 
1996 09    0.200 
1996 10    0.148 
1996 11    0.068 
1996 12    0.058 
1997 01   -0.010 
1997 02   -0.020 
1997 03    0.048 
1997 04    0.117 
1997 05    0.272 
1997 06    0.385 
1997 07    0.450 
1997 08    0.524 
1997 09    0.605 
1997 10    0.785 
1997 11    0.834 
1997 12    0.932 
1998 01    0.871 
1998 02    0.918 
1998 03    0.857 
1998 04    0.757 
1998 05    0.724 
1998 06    0.549 
1998 07    0.573 
1998 08    0.465 
1998 09    0.346 
1998 10    0.287 
1998 11    0.215 
1998 12    0.147 
1999 01   -0.022 
1999 02    0.006 
1999 03    0.092 
1999 04    0.042 
1999 05    0.048 
1999 06   -0.007 
1999 07    0.122 
1999 08    0.042 
1999 09    0.068 
1999 10    0.029 
1999 11   -0.048 
1999 12    0.036 
2000 01    0.001 
2000 02    0.026 
2000 03    0.075 
2000 04    0.095 
2000 05    0.102 
2000 06   -0.052 
2000 07    0.034 
2000 08    0.229 
2000 09    0.230 
2000 10    0.175 
2000 11    0.221 
2000 12    0.030 
2001 01    0.147 
2001 02    0.089 
2001 03    0.303 
2001 04    0.305 
2001 05    0.336 
2001 06    0.322 
2001 07    0.301 
2001 08    0.313 
2001 09    0.291 
2001 10    0.300 
2001 11    0.244 
2001 12    0.231 
2002 01    0.322 
2002 02    0.259 
2002 03    0.406 
2002 04    0.424 
2002 05    0.456 
2002 06    0.509 
2002 07    0.396 
2002 08    0.381 
2002 09    0.365 
2002 10    0.497 
2002 11    0.477 
2002 12    0.656 
2003 01    0.567 
2003 02    0.526 
2003 03    0.519 
2003 04    0.449 
2003 05    0.286 
2003 06    0.373 
2003 07    0.443 
2003 08    0.502 
2003 09    0.504 
2003 10    0.549 
2003 11    0.497 
2003 12    0.452 
2004 01    0.516 
2004 02    0.450 
2004 03    0.312 
2004 04    0.369 
2004 05    0.220 
2004 06    0.176 
2004 07    0.229 
2004 08    0.298 
2004 09    0.463 
2004 10    0.452 
2004 11    0.483 
2004 12    0.560 
2005 01    0.544 
2005 02    0.422 
2005 03    0.561 
2005 04    0.452 
2005 05    0.503 
2005 06    0.429 
2005 07    0.369 
2005 08    0.418 
2005 09    0.332 
2005 10    0.322 
2005 11    0.281 
2005 12    0.251 
2006 01    0.242 
2006 02    0.311 
2006 03    0.240 
2006 04    0.261 
2006 05    0.357 
2006 06    0.369 
2006 07    0.297 
2006 08    0.446 
2006 09    0.463 
2006 10    0.535 
2006 11    0.574 
2006 12    0.640 
2007 01    0.590 
2007 02    0.516 
2007 03    0.327 
2007 04    0.356 
2007 05    0.272 
2007 06    0.385 
2007 07    0.318 
2007 08    0.242 
2007 09    0.180 
2007 10    0.108 
2007 11    0.003 
2007 12   -0.001 
2008 01   -0.021 
2008 02   -0.020 
2008 03    0.025 
2008 04    0.050 
2008 05    0.072 
2008 06    0.119 
2008 07    0.239 
2008 08    0.329 
2008 09    0.422 
2008 10    0.356 
2008 11    0.272 
2008 12    0.210 
2009 01    0.291 
2009 02    0.188 
2009 03    0.228 
2009 04    0.354 
2009 05    0.481 
2009 06    0.592 
2009 07    0.600 
2009 08    0.619 
2009 09    0.522 
2009 10    0.610 
2009 11    0.615 
2009 12    0.710 
2010 01    0.667 
2010 02    0.748 
2010 03    0.707 
2010 04    0.764 
2010 05    0.670 
2010 06    0.572 
2010 07    0.470 
2010 08    0.291 
2010 09    0.173 
2010 10    0.178 
2010 11    0.119 
2010 12    0.146 
2011 01    0.022 
2011 02    0.120 
2011 03    0.107 
2011 04    0.119 
2011 05    0.180 
2011 06    0.227 
2011 07    0.245 
2011 08    0.226 
2011 09    0.111 
2011 10    0.078 
2011 11    0.104 
2011 12    0.080 
2012 01    0.102 
2012 02    0.147 
2012 03    0.104 
2012 04    0.276 
2012 05    0.295 
2012 06    0.236 
2012 07    0.236 
2012 08    0.280 
2012 09    0.391 
2012 10    0.424 
2012 11    0.477 
2012 12    0.400 
2013 01    0.330 
2013 02    0.361 
2013 03    0.320 
2013 04    0.392 
2013 05    0.375 
2013 06    0.210 
2013 07    0.243 
2013 08    0.304 
2013 09    0.377 
2013 10    0.330 
2013 11    0.394 
2013 12    0.372 
2014 01    0.315 
2014 02    0.251 
2014 03    0.255 
2014 04    0.398 
2014 05    0.548 
2014 06    0.605 
2014 07    0.463 
2014 08    0.487 
2014 09    0.471 
2014 10    0.525 
2014 11    0.560 
2014 12    0.561 
2015 01    0.494 
2015 02    0.465 
2015 03    0.470 
2015 04    0.595 
2015 05    0.652 
2015 06    0.643 
2015 07    0.755 
2015 08    0.740 
2015 09    0.890 
2015 10    0.904 
2015 11    0.972 
2015 12    1.053 
2016 01    1.129 
2016 02    0.878 
