# HadCRUT4.4.0.0 northern hemisphere average
# <a href="http://www.metoffice.gov.uk/hadobs/hadcrut4/data/current/download.html" target="_new">Met Office Hadley Centre</a>
# error estimates not yet used
# Ta [Celsius] T2m/SST temperature averaged over nh
1850 01   -0.845 
1850 02   -0.046 
1850 03   -0.699 
1850 04   -0.601 
1850 05   -0.413 
1850 06    0.000 
1850 07   -0.085 
1850 08   -0.058 
1850 09   -0.353 
1850 10   -0.547 
1850 11   -0.229 
1850 12   -0.228 
1851 01   -0.186 
1851 02   -0.472 
1851 03   -0.704 
1851 04   -0.409 
1851 05   -0.198 
1851 06   -0.040 
1851 07   -0.174 
1851 08   -0.115 
1851 09    0.128 
1851 10    0.097 
1851 11    0.014 
1851 12    0.027 
1852 01    0.086 
1852 02   -0.325 
1852 03   -0.470 
1852 04   -0.569 
1852 05   -0.113 
1852 06    0.195 
1852 07   -0.121 
1852 08    0.088 
1852 09    0.001 
1852 10   -0.134 
1852 11   -0.205 
1852 12    0.315 
1853 01    0.182 
1853 02   -0.046 
1853 03   -0.304 
1853 04   -0.326 
1853 05   -0.117 
1853 06    0.016 
1853 07    0.028 
1853 08   -0.110 
1853 09   -0.374 
1853 10   -0.305 
1853 11   -0.342 
1853 12   -0.445 
1854 01   -0.324 
1854 02   -0.175 
1854 03   -0.046 
1854 04   -0.223 
1854 05    0.033 
1854 06   -0.136 
1854 07    0.080 
1854 08    0.196 
1854 09   -0.083 
1854 10    0.020 
1854 11   -0.359 
1854 12    0.155 
1855 01    0.009 
1855 02   -0.525 
1855 03   -0.173 
1855 04    0.119 
1855 05   -0.165 
1855 06    0.017 
1855 07   -0.062 
1855 08   -0.144 
1855 09   -0.339 
1855 10    0.012 
1855 11   -0.211 
1855 12   -0.827 
1856 01   -0.055 
1856 02   -0.365 
1856 03   -0.692 
1856 04   -0.403 
1856 05   -0.028 
1856 06   -0.131 
1856 07   -0.319 
1856 08   -0.371 
1856 09   -0.440 
1856 10   -0.340 
1856 11   -0.854 
1856 12   -0.477 
1857 01   -0.566 
1857 02   -0.192 
1857 03   -0.386 
1857 04   -0.694 
1857 05   -0.587 
1857 06   -0.214 
1857 07   -0.442 
1857 08   -0.168 
1857 09   -0.393 
1857 10   -0.403 
1857 11   -0.694 
1857 12   -0.155 
1858 01   -0.293 
1858 02   -0.812 
1858 03   -0.627 
1858 04   -0.284 
1858 05   -0.386 
1858 06   -0.457 
1858 07   -0.166 
1858 08   -0.368 
1858 09   -0.483 
1858 10    0.054 
1858 11   -0.860 
1858 12   -0.179 
1859 01   -0.216 
1859 02   -0.015 
1859 03   -0.193 
1859 04    0.024 
1859 05   -0.154 
1859 06   -0.165 
1859 07   -0.179 
1859 08    0.090 
1859 09   -0.515 
1859 10   -0.216 
1859 11   -0.358 
1859 12   -0.716 
1860 01   -0.213 
1860 02   -0.692 
1860 03   -0.895 
1860 04   -0.276 
1860 05   -0.135 
1860 06   -0.215 
1860 07    0.091 
1860 08   -0.043 
1860 09   -0.185 
1860 10   -0.014 
1860 11   -0.706 
1860 12   -1.010 
1861 01   -1.504 
1861 02   -0.492 
1861 03   -0.191 
1861 04   -0.429 
1861 05   -0.658 
1861 06    0.037 
1861 07    0.305 
1861 08    0.155 
1861 09   -0.262 
1861 10   -0.160 
1861 11   -0.281 
1861 12   -0.157 
1862 01   -0.989 
1862 02   -1.168 
1862 03   -0.613 
1862 04   -0.321 
1862 05   -0.342 
1862 06   -0.448 
1862 07   -0.332 
1862 08   -0.613 
1862 09   -0.290 
1862 10   -0.414 
1862 11   -1.038 
1862 12   -1.344 
1863 01    0.586 
1863 02    0.125 
1863 03   -0.373 
1863 04   -0.224 
1863 05   -0.084 
1863 06   -0.309 
1863 07   -0.512 
1863 08   -0.252 
1863 09   -0.131 
1863 10   -0.518 
1863 11   -0.383 
1863 12   -0.242 
1864 01   -1.109 
1864 02   -0.692 
1864 03   -0.549 
1864 04   -0.542 
1864 05   -0.553 
1864 06    0.210 
1864 07    0.112 
1864 08    0.067 
1864 09   -0.397 
1864 10   -0.941 
1864 11   -0.821 
1864 12   -0.987 
1865 01    0.121 
1865 02   -0.960 
1865 03   -1.124 
1865 04   -0.322 
1865 05   -0.054 
1865 06   -0.090 
1865 07    0.077 
1865 08   -0.220 
1865 09    0.308 
1865 10   -0.244 
1865 11    0.002 
1865 12   -0.405 
1866 01    0.319 
1866 02   -0.136 
1866 03   -0.626 
1866 04   -0.287 
1866 05   -0.800 
1866 06    0.441 
1866 07    0.106 
1866 08   -0.228 
1866 09   -0.049 
1866 10   -0.642 
1866 11   -0.327 
1866 12   -0.202 
1867 01   -0.343 
1867 02    0.463 
1867 03   -1.182 
1867 04   -0.372 
1867 05   -0.817 
1867 06   -0.268 
1867 07   -0.149 
1867 08   -0.046 
1867 09   -0.036 
1867 10   -0.163 
1867 11   -0.301 
1867 12   -0.781 
1868 01   -0.839 
1868 02   -0.595 
1868 03   -0.067 
1868 04   -0.274 
1868 05    0.190 
1868 06    0.359 
1868 07    0.719 
1868 08    0.215 
1868 09   -0.184 
1868 10   -0.282 
1868 11   -0.760 
1868 12    0.124 
1869 01   -0.142 
1869 02    0.729 
1869 03   -0.678 
1869 04   -0.169 
1869 05   -0.040 
1869 06   -0.181 
1869 07    0.051 
1869 08    0.234 
1869 09   -0.107 
1869 10   -0.481 
1869 11   -0.419 
1869 12   -0.319 
1870 01    0.089 
1870 02   -0.551 
1870 03   -0.422 
1870 04   -0.179 
1870 05    0.125 
1870 06    0.075 
1870 07    0.173 
1870 08   -0.176 
1870 09   -0.140 
1870 10   -0.327 
1870 11    0.000 
1870 12   -1.087 
1871 01   -0.771 
1871 02   -0.953 
1871 03    0.102 
1871 04    0.018 
1871 05   -0.324 
1871 06   -0.150 
1871 07    0.150 
1871 08   -0.081 
1871 09   -0.540 
1871 10   -0.450 
1871 11   -0.933 
1871 12   -0.842 
1872 01   -0.326 
1872 02   -0.580 
1872 03   -0.577 
1872 04   -0.022 
1872 05    0.155 
1872 06   -0.015 
1872 07    0.047 
1872 08    0.181 
1872 09    0.090 
1872 10   -0.120 
1872 11   -0.470 
1872 12   -0.582 
1873 01    0.048 
1873 02   -0.540 
1873 03   -0.354 
1873 04   -0.681 
1873 05   -0.546 
1873 06   -0.173 
1873 07   -0.102 
1873 08   -0.066 
1873 09   -0.264 
1873 10   -0.346 
1873 11   -0.487 
1873 12   -0.039 
1874 01    0.456 
1874 02   -0.317 
1874 03   -0.677 
1874 04   -0.520 
1874 05   -0.381 
1874 06   -0.139 
1874 07   -0.141 
1874 08   -0.311 
1874 09    0.005 
1874 10   -0.315 
1874 11   -0.574 
1874 12   -0.475 
1875 01   -0.930 
1875 02   -1.099 
1875 03   -0.880 
1875 04   -0.652 
1875 05   -0.124 
1875 06   -0.059 
1875 07   -0.191 
1875 08   -0.091 
1875 09   -0.346 
1875 10   -0.393 
1875 11   -0.778 
1875 12   -0.585 
1876 01   -0.344 
1876 02   -0.224 
1876 03   -0.488 
1876 04   -0.285 
1876 05   -0.661 
1876 06    0.023 
1876 07    0.191 
1876 08    0.023 
1876 09   -0.219 
1876 10   -0.440 
1876 11   -0.681 
1876 12   -0.978 
1877 01   -0.300 
1877 02    0.097 
1877 03   -0.492 
1877 04   -0.471 
1877 05   -0.365 
1877 06    0.147 
1877 07    0.262 
1877 08    0.367 
1877 09    0.128 
1877 10   -0.003 
1877 11    0.289 
1877 12    0.403 
1878 01    0.116 
1878 02    0.601 
1878 03    0.563 
1878 04    0.575 
1878 05    0.054 
1878 06    0.413 
1878 07    0.083 
1878 08    0.215 
1878 09    0.238 
1878 10   -0.031 
1878 11   -0.123 
1878 12   -0.414 
1879 01   -0.161 
1879 02   -0.065 
1879 03   -0.050 
1879 04   -0.208 
1879 05   -0.049 
1879 06   -0.211 
1879 07   -0.197 
1879 08   -0.222 
1879 09   -0.232 
1879 10    0.016 
1879 11   -0.605 
1879 12   -0.753 
1880 01    0.134 
1880 02   -0.281 
1880 03   -0.199 
1880 04   -0.089 
1880 05   -0.158 
1880 06   -0.152 
1880 07   -0.183 
1880 08   -0.120 
1880 09   -0.246 
1880 10   -0.455 
1880 11   -0.646 
1880 12   -0.478 
1881 01   -0.529 
1881 02   -0.259 
1881 03   -0.310 
1881 04   -0.182 
1881 05    0.020 
1881 06   -0.171 
1881 07   -0.116 
1881 08   -0.054 
1881 09   -0.217 
1881 10   -0.442 
1881 11   -0.570 
1881 12   -0.153 
1882 01    0.333 
1882 02    0.014 
1882 03   -0.046 
1882 04   -0.416 
1882 05   -0.450 
1882 06   -0.348 
1882 07   -0.225 
1882 08   -0.159 
1882 09   -0.177 
1882 10   -0.413 
1882 11   -0.476 
1882 12   -0.562 
1883 01   -0.754 
1883 02   -0.542 
1883 03   -0.632 
1883 04   -0.377 
1883 05   -0.282 
1883 06   -0.085 
1883 07   -0.139 
1883 08   -0.108 
1883 09   -0.301 
1883 10   -0.435 
1883 11   -0.415 
1883 12   -0.227 
1884 01   -0.480 
1884 02   -0.224 
1884 03   -0.527 
1884 04   -0.676 
1884 05   -0.338 
1884 06   -0.437 
1884 07   -0.436 
1884 08   -0.411 
1884 09   -0.487 
1884 10   -0.356 
1884 11   -0.816 
1884 12   -0.475 
1885 01   -0.704 
1885 02   -0.518 
1885 03   -0.523 
1885 04   -0.439 
1885 05   -0.454 
1885 06   -0.420 
1885 07   -0.200 
1885 08   -0.328 
1885 09   -0.280 
1885 10   -0.155 
1885 11   -0.375 
1885 12   -0.087 
1886 01   -0.392 
1886 02   -0.583 
1886 03   -0.477 
1886 04   -0.237 
1886 05   -0.183 
1886 06   -0.308 
1886 07   -0.155 
1886 08   -0.252 
1886 09   -0.375 
1886 10   -0.343 
1886 11   -0.522 
1886 12   -0.309 
1887 01   -0.651 
1887 02   -0.580 
1887 03   -0.406 
1887 04   -0.422 
1887 05   -0.227 
1887 06   -0.283 
1887 07   -0.136 
1887 08   -0.316 
1887 09   -0.253 
1887 10   -0.507 
1887 11   -0.342 
1887 12   -0.229 
1888 01   -0.633 
1888 02   -0.564 
1888 03   -0.647 
1888 04   -0.044 
1888 05   -0.263 
1888 06   -0.126 
1888 07   -0.165 
1888 08   -0.175 
1888 09   -0.158 
1888 10   -0.034 
1888 11   -0.274 
1888 12   -0.233 
1889 01   -0.100 
1889 02   -0.162 
1889 03   -0.129 
1889 04    0.148 
1889 05    0.045 
1889 06   -0.003 
1889 07   -0.138 
1889 08   -0.118 
1889 09   -0.343 
1889 10   -0.240 
1889 11   -0.567 
1889 12   -0.130 
1890 01   -0.305 
1890 02   -0.272 
1890 03   -0.385 
1890 04   -0.192 
1890 05   -0.361 
1890 06   -0.282 
1890 07   -0.308 
1890 08   -0.353 
1890 09   -0.415 
1890 10   -0.432 
1890 11   -0.647 
1890 12   -0.488 
1891 01   -0.618 
1891 02   -0.554 
1891 03   -0.413 
1891 04   -0.403 
1891 05   -0.219 
1891 06   -0.192 
1891 07   -0.153 
1891 08   -0.148 
1891 09   -0.020 
1891 10   -0.295 
1891 11   -0.740 
1891 12    0.118 
1892 01   -0.469 
1892 02   -0.092 
1892 03   -0.658 
1892 04   -0.498 
1892 05   -0.387 
1892 06   -0.323 
1892 07   -0.454 
1892 08   -0.346 
1892 09   -0.163 
1892 10   -0.386 
1892 11   -0.894 
1892 12   -0.996 
1893 01   -1.509 
1893 02   -1.114 
1893 03   -0.569 
1893 04   -0.552 
1893 05   -0.614 
1893 06   -0.305 
1893 07   -0.133 
1893 08   -0.245 
1893 09   -0.418 
1893 10   -0.207 
1893 11   -0.503 
1893 12   -0.387 
1894 01   -0.619 
1894 02   -0.446 
1894 03   -0.351 
1894 04   -0.278 
1894 05   -0.276 
1894 06   -0.459 
1894 07   -0.169 
1894 08   -0.230 
1894 09   -0.351 
1894 10   -0.411 
1894 11   -0.504 
1894 12   -0.430 
1895 01   -0.673 
1895 02   -0.971 
1895 03   -0.660 
1895 04   -0.317 
1895 05   -0.279 
1895 06   -0.267 
1895 07   -0.263 
1895 08   -0.280 
1895 09   -0.040 
1895 10   -0.178 
1895 11   -0.268 
1895 12   -0.298 
1896 01   -0.276 
1896 02   -0.262 
1896 03   -0.555 
1896 04   -0.424 
1896 05   -0.041 
1896 06    0.088 
1896 07    0.030 
1896 08    0.026 
1896 09    0.062 
1896 10    0.017 
1896 11   -0.524 
1896 12   -0.002 
1897 01   -0.255 
1897 02   -0.171 
1897 03   -0.480 
1897 04   -0.016 
1897 05    0.140 
1897 06   -0.067 
1897 07    0.052 
1897 08   -0.012 
1897 09    0.068 
1897 10   -0.083 
1897 11   -0.480 
1897 12   -0.502 
1898 01    0.136 
1898 02   -0.322 
1898 03   -0.939 
1898 04   -0.449 
1898 05   -0.323 
1898 06   -0.154 
1898 07   -0.147 
1898 08   -0.104 
1898 09   -0.145 
1898 10   -0.475 
1898 11   -0.398 
1898 12   -0.204 
1899 01   -0.001 
1899 02   -0.654 
1899 03   -0.772 
1899 04   -0.257 
1899 05   -0.237 
1899 06   -0.400 
1899 07   -0.091 
1899 08   -0.064 
1899 09   -0.000 
1899 10    0.036 
1899 11    0.313 
1899 12   -0.556 
1900 01   -0.292 
1900 02   -0.348 
1900 03   -0.196 
1900 04   -0.164 
1900 05   -0.145 
1900 06   -0.004 
1900 07   -0.102 
1900 08   -0.002 
1900 09   -0.075 
1900 10    0.302 
1900 11   -0.205 
1900 12    0.154 
1901 01   -0.102 
1901 02   -0.224 
1901 03   -0.065 
1901 04    0.023 
1901 05   -0.101 
1901 06    0.039 
1901 07    0.108 
1901 08    0.030 
1901 09   -0.258 
1901 10   -0.149 
1901 11   -0.361 
1901 12   -0.477 
1902 01   -0.052 
1902 02   -0.218 
1902 03   -0.406 
1902 04   -0.519 
1902 05   -0.414 
1902 06   -0.412 
1902 07   -0.401 
1902 08   -0.222 
1902 09   -0.300 
1902 10   -0.359 
1902 11   -0.525 
1902 12   -0.635 
1903 01   -0.060 
1903 02   -0.046 
1903 03   -0.247 
1903 04   -0.394 
1903 05   -0.422 
1903 06   -0.490 
1903 07   -0.461 
1903 08   -0.556 
1903 09   -0.451 
1903 10   -0.565 
1903 11   -0.658 
1903 12   -0.587 
1904 01   -0.662 
1904 02   -0.622 
1904 03   -0.708 
1904 04   -0.567 
1904 05   -0.472 
1904 06   -0.508 
1904 07   -0.522 
1904 08   -0.447 
1904 09   -0.471 
1904 10   -0.321 
1904 11   -0.236 
1904 12   -0.374 
1905 01   -0.539 
1905 02   -0.881 
1905 03   -0.556 
1905 04   -0.645 
1905 05   -0.292 
1905 06   -0.228 
1905 07   -0.122 
1905 08   -0.233 
1905 09   -0.142 
1905 10   -0.298 
1905 11   -0.054 
1905 12   -0.155 
1906 01   -0.044 
1906 02   -0.356 
1906 03   -0.294 
1906 04   -0.021 
1906 05   -0.194 
1906 06   -0.138 
1906 07   -0.222 
1906 08   -0.203 
1906 09   -0.294 
1906 10   -0.224 
1906 11   -0.397 
1906 12   -0.108 
1907 01   -0.515 
1907 02   -0.631 
1907 03   -0.391 
1907 04   -0.647 
1907 05   -0.610 
1907 06   -0.521 
1907 07   -0.301 
1907 08   -0.507 
1907 09   -0.383 
1907 10   -0.260 
1907 11   -0.615 
1907 12   -0.451 
1908 01   -0.361 
1908 02   -0.355 
1908 03   -0.771 
1908 04   -0.466 
1908 05   -0.420 
1908 06   -0.362 
1908 07   -0.418 
1908 08   -0.425 
1908 09   -0.323 
1908 10   -0.524 
1908 11   -0.631 
1908 12   -0.546 
1909 01   -0.521 
1909 02   -0.496 
1909 03   -0.763 
1909 04   -0.662 
1909 05   -0.536 
1909 06   -0.443 
1909 07   -0.471 
1909 08   -0.252 
1909 09   -0.290 
1909 10   -0.333 
1909 11   -0.237 
1909 12   -0.522 
1910 01   -0.182 
1910 02   -0.458 
1910 03   -0.382 
1910 04   -0.410 
1910 05   -0.413 
1910 06   -0.445 
1910 07   -0.432 
1910 08   -0.420 
1910 09   -0.340 
1910 10   -0.352 
1910 11   -0.597 
1910 12   -0.608 
1911 01   -0.478 
1911 02   -0.755 
1911 03   -0.629 
1911 04   -0.625 
1911 05   -0.447 
1911 06   -0.337 
1911 07   -0.379 
1911 08   -0.332 
1911 09   -0.245 
1911 10   -0.344 
1911 11   -0.288 
1911 12   -0.261 
1912 01   -0.485 
1912 02   -0.239 
1912 03   -0.537 
1912 04   -0.335 
1912 05   -0.270 
1912 06   -0.143 
1912 07   -0.434 
1912 08   -0.591 
1912 09   -0.672 
1912 10   -0.793 
1912 11   -0.574 
1912 12   -0.563 
1913 01   -0.464 
1913 02   -0.707 
1913 03   -0.598 
1913 04   -0.483 
1913 05   -0.590 
1913 06   -0.568 
1913 07   -0.526 
1913 08   -0.374 
1913 09   -0.454 
1913 10   -0.452 
1913 11   -0.167 
1913 12   -0.058 
1914 01    0.076 
1914 02   -0.157 
1914 03   -0.375 
1914 04   -0.429 
1914 05   -0.200 
1914 06   -0.284 
1914 07   -0.288 
1914 08   -0.250 
1914 09   -0.271 
1914 10   -0.130 
1914 11   -0.326 
1914 12   -0.284 
1915 01   -0.064 
1915 02   -0.062 
1915 03   -0.450 
1915 04   -0.083 
1915 05   -0.244 
1915 06   -0.113 
1915 07   -0.050 
1915 08   -0.008 
1915 09   -0.082 
1915 10   -0.227 
1915 11   -0.077 
1915 12   -0.153 
1916 01   -0.190 
1916 02   -0.195 
1916 03   -0.534 
1916 04   -0.338 
1916 05   -0.438 
1916 06   -0.458 
1916 07   -0.184 
1916 08   -0.336 
1916 09   -0.433 
1916 10   -0.411 
1916 11   -0.430 
1916 12   -0.763 
1917 01   -0.625 
1917 02   -0.851 
1917 03   -0.881 
1917 04   -0.470 
1917 05   -0.706 
1917 06   -0.303 
1917 07   -0.284 
1917 08   -0.203 
1917 09   -0.151 
1917 10   -0.440 
1917 11   -0.214 
1917 12   -0.828 
1918 01   -0.497 
1918 02   -0.454 
1918 03   -0.421 
1918 04   -0.475 
1918 05   -0.494 
1918 06   -0.446 
1918 07   -0.349 
1918 08   -0.301 
1918 09   -0.269 
1918 10   -0.020 
1918 11   -0.250 
1918 12   -0.357 
1919 01   -0.198 
1919 02   -0.302 
1919 03   -0.525 
1919 04   -0.195 
1919 05   -0.514 
1919 06   -0.318 
1919 07   -0.261 
1919 08   -0.282 
1919 09   -0.151 
1919 10   -0.268 
1919 11   -0.651 
1919 12   -0.680 
1920 01   -0.215 
1920 02   -0.366 
1920 03   -0.112 
1920 04   -0.333 
1920 05   -0.153 
1920 06   -0.269 
1920 07   -0.173 
1920 08   -0.254 
1920 09   -0.258 
1920 10   -0.321 
1920 11   -0.468 
1920 12   -0.448 
1921 01    0.085 
1921 02   -0.129 
1921 03   -0.133 
1921 04   -0.026 
1921 05   -0.153 
1921 06   -0.029 
1921 07   -0.030 
1921 08   -0.168 
1921 09   -0.145 
1921 10   -0.086 
1921 11   -0.397 
1921 12   -0.069 
1922 01   -0.394 
1922 02   -0.385 
1922 03   -0.191 
1922 04   -0.196 
1922 05   -0.148 
1922 06   -0.176 
1922 07   -0.236 
1922 08   -0.250 
1922 09   -0.234 
1922 10   -0.320 
1922 11   -0.227 
1922 12   -0.253 
1923 01   -0.084 
1923 02   -0.592 
1923 03   -0.518 
1923 04   -0.563 
1923 05   -0.306 
1923 06   -0.247 
1923 07   -0.207 
1923 08   -0.306 
1923 09   -0.139 
1923 10   -0.047 
1923 11    0.150 
1923 12    0.093 
1924 01   -0.330 
1924 02   -0.229 
1924 03   -0.279 
1924 04   -0.248 
1924 05   -0.159 
1924 06   -0.121 
1924 07   -0.154 
1924 08   -0.192 
1924 09   -0.133 
1924 10   -0.162 
1924 11   -0.170 
1924 12   -0.501 
1925 01   -0.227 
1925 02   -0.215 
1925 03   -0.201 
1925 04   -0.160 
1925 05   -0.125 
1925 06   -0.206 
1925 07   -0.101 
1925 08   -0.053 
1925 09    0.038 
1925 10   -0.223 
1925 11   -0.014 
1925 12    0.094 
1926 01    0.335 
1926 02    0.198 
1926 03    0.008 
1926 04   -0.209 
1926 05   -0.168 
1926 06   -0.067 
1926 07   -0.135 
1926 08   -0.003 
1926 09    0.035 
1926 10    0.032 
1926 11    0.056 
1926 12   -0.205 
1927 01   -0.185 
1927 02   -0.101 
1927 03   -0.312 
1927 04   -0.222 
1927 05   -0.185 
1927 06   -0.109 
1927 07   -0.037 
1927 08    0.007 
1927 09    0.023 
1927 10    0.212 
1927 11   -0.022 
1927 12   -0.453 
1928 01    0.163 
1928 02   -0.033 
1928 03   -0.360 
1928 04   -0.338 
1928 05   -0.147 
1928 06   -0.305 
1928 07   -0.073 
1928 08   -0.182 
1928 09   -0.121 
1928 10   -0.111 
1928 11   -0.117 
1928 12   -0.134 
1929 01   -0.606 
1929 02   -0.957 
1929 03   -0.371 
1929 04   -0.393 
1929 05   -0.249 
1929 06   -0.310 
1929 07   -0.246 
1929 08   -0.035 
1929 09   -0.120 
1929 10    0.005 
1929 11   -0.020 
1929 12   -0.526 
1930 01   -0.226 
1930 02   -0.111 
1930 03   -0.045 
1930 04   -0.092 
1930 05   -0.190 
1930 06   -0.144 
1930 07    0.015 
1930 08    0.184 
1930 09    0.088 
1930 10    0.062 
1930 11    0.233 
1930 12    0.037 
1931 01    0.104 
1931 02   -0.249 
1931 03   -0.128 
1931 04   -0.146 
1931 05   -0.055 
1931 06    0.146 
1931 07    0.126 
1931 08    0.171 
1931 09    0.159 
1931 10    0.221 
1931 11    0.048 
1931 12    0.018 
1932 01    0.378 
1932 02   -0.279 
1932 03   -0.431 
1932 04   -0.003 
1932 05   -0.100 
1932 06   -0.090 
1932 07   -0.071 
1932 08    0.043 
1932 09    0.116 
1932 10    0.020 
1932 11   -0.259 
1932 12   -0.168 
1933 01   -0.328 
1933 02   -0.427 
1933 03   -0.392 
1933 04   -0.169 
1933 05   -0.210 
1933 06   -0.238 
1933 07    0.019 
1933 08   -0.069 
1933 09   -0.151 
1933 10   -0.120 
1933 11   -0.237 
1933 12   -0.539 
1934 01   -0.146 
1934 02    0.156 
1934 03   -0.416 
1934 04   -0.263 
1934 05    0.055 
1934 06   -0.009 
1934 07    0.009 
1934 08   -0.006 
1934 09   -0.078 
1934 10    0.049 
1934 11    0.186 
1934 12    0.022 
1935 01   -0.292 
1935 02    0.490 
1935 03   -0.117 
1935 04   -0.283 
1935 05   -0.255 
1935 06   -0.124 
1935 07   -0.030 
1935 08    0.020 
1935 09   -0.057 
1935 10    0.108 
1935 11   -0.400 
1935 12   -0.199 
1936 01   -0.279 
1936 02   -0.554 
1936 03   -0.222 
1936 04   -0.105 
1936 05    0.004 
1936 06    0.066 
1936 07    0.151 
1936 08    0.124 
1936 09    0.118 
1936 10    0.004 
1936 11    0.022 
1936 12    0.178 
1937 01   -0.108 
1937 02    0.138 
1937 03   -0.365 
1937 04   -0.107 
1937 05    0.065 
1937 06    0.142 
1937 07    0.208 
1937 08    0.239 
1937 09    0.330 
1937 10    0.322 
1937 11    0.113 
1937 12   -0.097 
1938 01    0.196 
1938 02    0.202 
1938 03    0.229 
1938 04    0.271 
1938 05   -0.010 
1938 06   -0.072 
1938 07    0.051 
1938 08    0.198 
1938 09    0.220 
1938 10    0.240 
1938 11    0.157 
1938 12   -0.384 
1939 01   -0.048 
1939 02    0.039 
1939 03   -0.319 
1939 04   -0.119 
1939 05   -0.010 
1939 06    0.005 
1939 07    0.093 
1939 08    0.140 
1939 09    0.130 
1939 10   -0.100 
1939 11    0.145 
1939 12    0.547 
1940 01   -0.486 
1940 02   -0.085 
1940 03   -0.145 
1940 04    0.106 
1940 05   -0.032 
1940 06    0.054 
1940 07    0.129 
1940 08    0.056 
1940 09    0.162 
1940 10    0.072 
1940 11    0.110 
1940 12    0.181 
1941 01   -0.055 
1941 02    0.108 
1941 03   -0.207 
1941 04   -0.008 
1941 05    0.021 
1941 06    0.135 
1941 07    0.133 
1941 08    0.064 
1941 09   -0.020 
1941 10    0.294 
1941 11   -0.013 
1941 12   -0.061 
1942 01    0.152 
1942 02   -0.151 
1942 03   -0.238 
1942 04   -0.056 
1942 05   -0.022 
1942 06    0.084 
1942 07    0.040 
1942 08   -0.063 
1942 09    0.076 
1942 10    0.170 
1942 11    0.146 
1942 12    0.131 
1943 01   -0.294 
1943 02    0.294 
1943 03   -0.229 
1943 04    0.243 
1943 05    0.178 
1943 06   -0.081 
1943 07   -0.048 
1943 08    0.117 
1943 09    0.136 
1943 10    0.365 
1943 11    0.152 
1943 12    0.375 
1944 01    0.636 
1944 02    0.406 
1944 03    0.154 
1944 04   -0.034 
1944 05    0.186 
1944 06    0.036 
1944 07    0.101 
1944 08    0.177 
1944 09    0.337 
1944 10    0.380 
1944 11    0.003 
1944 12   -0.145 
1945 01    0.005 
1945 02   -0.230 
1945 03   -0.106 
1945 04    0.159 
1945 05   -0.012 
1945 06    0.021 
1945 07   -0.025 
1945 08    0.250 
1945 09    0.174 
1945 10    0.246 
1945 11    0.040 
1945 12   -0.311 
1946 01    0.304 
1946 02    0.196 
1946 03   -0.062 
1946 04    0.320 
1946 05   -0.070 
1946 06   -0.119 
1946 07   -0.012 
1946 08    0.007 
1946 09    0.063 
1946 10    0.005 
1946 11    0.055 
1946 12   -0.455 
1947 01   -0.252 
1947 02   -0.223 
1947 03    0.023 
1947 04    0.170 
1947 05   -0.066 
1947 06   -0.080 
1947 07   -0.070 
1947 08    0.031 
1947 09    0.099 
1947 10    0.398 
1947 11    0.116 
1947 12   -0.065 
1948 01    0.437 
1948 02   -0.074 
1948 03   -0.241 
1948 04    0.081 
1948 05    0.214 
1948 06    0.208 
1948 07    0.013 
1948 08    0.136 
1948 09    0.062 
1948 10    0.145 
1948 11    0.073 
1948 12   -0.220 
1949 01    0.356 
1949 02   -0.086 
1949 03   -0.237 
1949 04    0.059 
1949 05    0.037 
1949 06   -0.184 
1949 07   -0.133 
1949 08    0.042 
1949 09   -0.120 
1949 10    0.119 
1949 11    0.017 
1949 12   -0.253 
1950 01   -0.426 
1950 02   -0.244 
1950 03   -0.111 
1950 04   -0.184 
1950 05   -0.068 
1950 06   -0.118 
1950 07   -0.187 
1950 08   -0.173 
1950 09   -0.069 
1950 10   -0.014 
1950 11   -0.416 
1950 12   -0.100 
1951 01   -0.301 
1951 02   -0.580 
1951 03   -0.323 
1951 04    0.018 
1951 05    0.124 
1951 06    0.010 
1951 07    0.117 
1951 08    0.301 
1951 09    0.318 
1951 10    0.292 
1951 11    0.078 
1951 12    0.480 
1952 01    0.254 
1952 02    0.122 
1952 03   -0.321 
1952 04    0.092 
1952 05    0.085 
1952 06    0.166 
1952 07    0.150 
1952 08    0.149 
1952 09    0.161 
1952 10   -0.010 
1952 11   -0.352 
1952 12   -0.084 
1953 01    0.205 
1953 02    0.267 
1953 03    0.216 
1953 04    0.269 
1953 05    0.172 
1953 06    0.230 
1953 07    0.199 
1953 08    0.255 
1953 09    0.167 
1953 10    0.210 
1953 11   -0.083 
1953 12    0.195 
1954 01   -0.278 
1954 02   -0.084 
1954 03   -0.274 
1954 04   -0.097 
1954 05   -0.189 
1954 06    0.005 
1954 07   -0.072 
1954 08    0.009 
1954 09    0.058 
1954 10    0.081 
1954 11    0.193 
1954 12   -0.161 
1955 01    0.364 
1955 02   -0.105 
1955 03   -0.563 
1955 04   -0.239 
1955 05   -0.069 
1955 06   -0.067 
1955 07   -0.030 
1955 08    0.084 
1955 09   -0.023 
1955 10    0.041 
1955 11   -0.256 
1955 12   -0.256 
1956 01   -0.095 
1956 02   -0.422 
1956 03   -0.358 
1956 04   -0.322 
1956 05   -0.240 
1956 06   -0.209 
1956 07   -0.252 
1956 08   -0.224 
1956 09   -0.315 
1956 10   -0.224 
1956 11   -0.321 
1956 12   -0.231 
1957 01   -0.186 
1957 02   -0.129 
1957 03   -0.319 
1957 04   -0.122 
1957 05   -0.062 
1957 06    0.061 
1957 07    0.049 
1957 08    0.165 
1957 09    0.149 
1957 10    0.015 
1957 11    0.109 
1957 12    0.362 
1958 01    0.506 
1958 02    0.296 
1958 03    0.010 
1958 04    0.043 
1958 05    0.041 
1958 06    0.037 
1958 07    0.021 
1958 08    0.128 
1958 09    0.024 
1958 10    0.082 
1958 11    0.076 
1958 12    0.124 
1959 01    0.235 
1959 02    0.119 
1959 03    0.175 
1959 04    0.118 
1959 05    0.009 
1959 06    0.116 
1959 07    0.059 
1959 08    0.096 
1959 09    0.130 
1959 10   -0.070 
1959 11   -0.173 
1959 12    0.001 
1960 01    0.030 
1960 02    0.331 
1960 03   -0.499 
1960 04   -0.159 
1960 05   -0.111 
1960 06    0.104 
1960 07    0.076 
1960 08    0.080 
1960 09    0.113 
1960 10   -0.005 
1960 11   -0.139 
1960 12    0.308 
1961 01    0.157 
1961 02    0.313 
1961 03    0.166 
1961 04    0.102 
1961 05    0.068 
1961 06    0.125 
1961 07    0.059 
1961 08    0.064 
1961 09   -0.060 
1961 10   -0.084 
1961 11   -0.003 
1961 12   -0.098 
1962 01    0.221 
1962 02    0.322 
1962 03    0.085 
1962 04    0.146 
1962 05    0.048 
1962 06   -0.143 
1962 07    0.115 
1962 08    0.045 
1962 09    0.001 
1962 10    0.090 
1962 11    0.026 
1962 12    0.111 
1963 01    0.082 
1963 02    0.448 
1963 03   -0.174 
1963 04   -0.044 
1963 05   -0.048 
1963 06   -0.032 
1963 07    0.160 
1963 08    0.200 
1963 09    0.203 
1963 10    0.466 
1963 11    0.440 
1963 12    0.063 
1964 01    0.090 
1964 02   -0.111 
1964 03   -0.392 
1964 04   -0.270 
1964 05   -0.061 
1964 06   -0.068 
1964 07   -0.065 
1964 08   -0.216 
1964 09   -0.263 
1964 10   -0.248 
1964 11   -0.179 
1964 12   -0.252 
1965 01    0.000 
1965 02   -0.401 
1965 03   -0.168 
1965 04   -0.302 
1965 05   -0.153 
1965 06   -0.174 
1965 07   -0.149 
1965 08   -0.152 
1965 09   -0.135 
1965 10    0.071 
1965 11   -0.087 
1965 12    0.019 
1966 01   -0.073 
1966 02    0.005 
1966 03    0.027 
1966 04   -0.160 
1966 05   -0.072 
1966 06    0.053 
1966 07    0.098 
1966 08    0.155 
1966 09    0.107 
1966 10    0.063 
1966 11   -0.019 
1966 12   -0.165 
1967 01   -0.168 
1967 02   -0.255 
1967 03    0.069 
1967 04    0.041 
1967 05    0.151 
1967 06   -0.016 
1967 07    0.052 
1967 08    0.081 
1967 09   -0.011 
1967 10    0.276 
1967 11    0.048 
1967 12   -0.005 
1968 01   -0.266 
1968 02   -0.131 
1968 03    0.339 
1968 04   -0.066 
1968 05   -0.053 
1968 06   -0.033 
1968 07   -0.065 
1968 08   -0.053 
1968 09   -0.038 
1968 10   -0.007 
1968 11   -0.137 
1968 12   -0.262 
1969 01   -0.473 
1969 02   -0.485 
1969 03   -0.179 
1969 04    0.043 
1969 05    0.039 
1969 06   -0.074 
1969 07    0.037 
1969 08    0.012 
1969 09    0.004 
1969 10   -0.037 
1969 11    0.164 
1969 12    0.266 
1970 01   -0.013 
1970 02    0.187 
1970 03   -0.176 
1970 04    0.032 
1970 05   -0.065 
1970 06   -0.022 
1970 07   -0.051 
1970 08   -0.041 
1970 09   -0.042 
1970 10   -0.159 
1970 11   -0.059 
1970 12   -0.251 
1971 01   -0.029 
1971 02   -0.348 
1971 03   -0.394 
1971 04   -0.256 
1971 05   -0.208 
1971 06   -0.217 
1971 07   -0.196 
1971 08   -0.204 
1971 09   -0.198 
1971 10   -0.177 
1971 11    0.010 
1971 12   -0.125 
1972 01   -0.698 
1972 02   -0.554 
1972 03   -0.223 
1972 04   -0.108 
1972 05   -0.189 
1972 06   -0.092 
1972 07   -0.085 
1972 08   -0.069 
1972 09   -0.272 
1972 10   -0.085 
1972 11   -0.239 
1972 12   -0.072 
1973 01    0.016 
1973 02    0.354 
1973 03    0.187 
1973 04    0.116 
1973 05    0.053 
1973 06    0.067 
1973 07   -0.037 
1973 08   -0.022 
1973 09   -0.116 
1973 10   -0.122 
1973 11   -0.113 
1973 12   -0.061 
1974 01   -0.459 
1974 02   -0.465 
1974 03   -0.207 
1974 04   -0.168 
1974 05   -0.268 
1974 06   -0.209 
1974 07   -0.153 
1974 08   -0.135 
1974 09   -0.171 
1974 10   -0.286 
1974 11   -0.290 
1974 12   -0.284 
1975 01    0.121 
1975 02   -0.018 
1975 03    0.010 
1975 04   -0.049 
1975 05   -0.092 
1975 06   -0.142 
1975 07   -0.123 
1975 08   -0.159 
1975 09   -0.127 
1975 10   -0.230 
1975 11   -0.353 
1975 12   -0.280 
1976 01   -0.050 
1976 02   -0.320 
1976 03   -0.559 
1976 04   -0.116 
1976 05   -0.306 
1976 06   -0.273 
1976 07   -0.305 
1976 08   -0.216 
1976 09   -0.174 
1976 10   -0.493 
1976 11   -0.352 
1976 12   -0.309 
1977 01   -0.382 
1977 02   -0.012 
1977 03    0.143 
1977 04    0.162 
1977 05    0.106 
1977 06    0.155 
1977 07    0.029 
1977 08   -0.016 
1977 09    0.117 
1977 10   -0.085 
1977 11    0.236 
1977 12   -0.047 
1978 01    0.079 
1978 02   -0.047 
1978 03    0.051 
1978 04    0.001 
1978 05   -0.154 
1978 06   -0.170 
1978 07   -0.122 
1978 08   -0.191 
1978 09   -0.052 
1978 10   -0.045 
1978 11    0.132 
1978 12   -0.144 
1979 01   -0.131 
1979 02   -0.294 
1979 03   -0.028 
1979 04   -0.210 
1979 05   -0.066 
1979 06    0.042 
1979 07    0.009 
1979 08   -0.021 
1979 09    0.108 
1979 10    0.128 
1979 11    0.087 
1979 12    0.473 
1980 01    0.091 
1980 02    0.205 
1980 03   -0.172 
1980 04    0.076 
1980 05    0.129 
1980 06    0.116 
1980 07    0.092 
1980 08    0.040 
1980 09    0.027 
1980 10    0.015 
1980 11    0.166 
1980 12    0.056 
1981 01    0.622 
1981 02    0.424 
1981 03    0.399 
1981 04    0.221 
1981 05    0.055 
1981 06    0.177 
1981 07    0.082 
1981 08    0.126 
1981 09    0.077 
1981 10    0.094 
1981 11    0.164 
1981 12    0.399 
1982 01   -0.193 
1982 02    0.043 
1982 03   -0.189 
1982 04    0.070 
1982 05    0.033 
1982 06   -0.053 
1982 07   -0.023 
1982 08   -0.096 
1982 09    0.032 
1982 10   -0.046 
1982 11   -0.158 
1982 12    0.269 
1983 01    0.498 
1983 02    0.232 
1983 03    0.158 
1983 04   -0.027 
1983 05   -0.013 
1983 06    0.063 
1983 07    0.160 
1983 08    0.208 
1983 09    0.199 
1983 10    0.083 
1983 11    0.393 
1983 12    0.053 
1984 01    0.161 
1984 02   -0.094 
1984 03    0.050 
1984 04   -0.113 
1984 05    0.117 
1984 06   -0.052 
1984 07    0.010 
1984 08    0.015 
1984 09   -0.092 
1984 10   -0.106 
1984 11   -0.294 
1984 12   -0.614 
1985 01   -0.108 
1985 02   -0.425 
1985 03   -0.214 
1985 04   -0.119 
1985 05   -0.083 
1985 06   -0.083 
1985 07   -0.182 
1985 08   -0.051 
1985 09   -0.086 
1985 10   -0.054 
1985 11   -0.115 
1985 12   -0.026 
1986 01    0.245 
1986 02    0.087 
1986 03    0.046 
1986 04    0.083 
1986 05    0.046 
1986 06    0.061 
1986 07   -0.053 
1986 08   -0.026 
1986 09   -0.051 
1986 10    0.006 
1986 11   -0.079 
1986 12   -0.049 
1987 01    0.049 
1987 02    0.411 
1987 03   -0.142 
1987 04   -0.045 
1987 05    0.150 
1987 06    0.079 
1987 07    0.193 
1987 08    0.245 
1987 09    0.300 
1987 10    0.139 
1987 11    0.044 
1987 12    0.420 
1988 01    0.444 
1988 02    0.177 
1988 03    0.258 
1988 04    0.276 
1988 05    0.212 
1988 06    0.286 
1988 07    0.303 
1988 08    0.201 
1988 09    0.195 
1988 10    0.148 
1988 11    0.024 
1988 12    0.318 
1989 01   -0.007 
1989 02    0.236 
1989 03    0.215 
1989 04    0.122 
1989 05    0.134 
1989 06    0.145 
1989 07    0.253 
1989 08    0.203 
1989 09    0.168 
1989 10    0.208 
1989 11    0.030 
1989 12    0.271 
1990 01    0.272 
1990 02    0.408 
1990 03    0.919 
1990 04    0.485 
1990 05    0.346 
1990 06    0.372 
1990 07    0.264 
1990 08    0.346 
1990 09    0.344 
1990 10    0.419 
1990 11    0.424 
1990 12    0.330 
1991 01    0.467 
1991 02    0.447 
1991 03    0.161 
1991 04    0.498 
1991 05    0.264 
1991 06    0.402 
1991 07    0.400 
1991 08    0.306 
1991 09    0.247 
1991 10    0.248 
1991 11    0.221 
1991 12    0.141 
1992 01    0.539 
1992 02    0.465 
1992 03    0.269 
1992 04    0.036 
1992 05    0.109 
1992 06    0.012 
1992 07   -0.110 
1992 08   -0.100 
1992 09   -0.193 
1992 10   -0.124 
1992 11   -0.145 
1992 12    0.138 
1993 01    0.388 
1993 02    0.436 
1993 03    0.274 
1993 04    0.111 
1993 05    0.178 
1993 06    0.160 
1993 07    0.093 
1993 08    0.033 
1993 09   -0.084 
1993 10    0.049 
1993 11   -0.303 
1993 12    0.196 
1994 01    0.242 
1994 02   -0.108 
1994 03    0.307 
1994 04    0.339 
1994 05    0.265 
1994 06    0.326 
1994 07    0.239 
1994 08    0.282 
1994 09    0.288 
1994 10    0.495 
1994 11    0.406 
1994 12    0.268 
1995 01    0.657 
1995 02    0.995 
1995 03    0.450 
1995 04    0.458 
1995 05    0.269 
1995 06    0.445 
1995 07    0.351 
1995 08    0.500 
1995 09    0.334 
1995 10    0.493 
1995 11    0.451 
1995 12    0.235 
1996 01    0.131 
1996 02    0.398 
1996 03    0.088 
1996 04    0.034 
1996 05    0.229 
1996 06    0.232 
1996 07    0.264 
1996 08    0.172 
1996 09    0.074 
1996 10    0.076 
1996 11    0.140 
1996 12    0.265 
1997 01    0.310 
1997 02    0.488 
1997 03    0.498 
1997 04    0.392 
1997 05    0.377 
1997 06    0.472 
1997 07    0.414 
1997 08    0.498 
1997 09    0.458 
1997 10    0.625 
1997 11    0.458 
1997 12    0.458 
1998 01    0.512 
1998 02    0.965 
1998 03    0.530 
1998 04    0.706 
1998 05    0.574 
1998 06    0.652 
1998 07    0.743 
1998 08    0.713 
1998 09    0.502 
1998 10    0.497 
1998 11    0.299 
1998 12    0.659 
1999 01    0.503 
1999 02    0.930 
1999 03    0.121 
1999 04    0.456 
1999 05    0.283 
1999 06    0.270 
1999 07    0.330 
1999 08    0.287 
1999 09    0.331 
1999 10    0.399 
1999 11    0.336 
1999 12    0.651 
2000 01    0.293 
2000 02    0.719 
2000 03    0.620 
2000 04    0.717 
2000 05    0.485 
2000 06    0.335 
2000 07    0.386 
2000 08    0.487 
2000 09    0.345 
2000 10    0.222 
2000 11    0.096 
2000 12    0.148 
2001 01    0.469 
2001 02    0.337 
2001 03    0.637 
2001 04    0.541 
2001 05    0.608 
2001 06    0.479 
2001 07    0.584 
2001 08    0.634 
2001 09    0.483 
2001 10    0.549 
2001 11    0.874 
2001 12    0.482 
2002 01    0.914 
2002 02    1.071 
2002 03    0.863 
2002 04    0.468 
2002 05    0.411 
2002 06    0.599 
2002 07    0.591 
2002 08    0.470 
2002 09    0.516 
2002 10    0.383 
2002 11    0.587 
2002 12    0.268 
2003 01    0.771 
2003 02    0.450 
2003 03    0.491 
2003 04    0.488 
2003 05    0.607 
2003 06    0.488 
2003 07    0.582 
2003 08    0.773 
2003 09    0.736 
2003 10    0.883 
2003 11    0.579 
2003 12    0.893 
2004 01    0.654 
2004 02    0.876 
2004 03    0.727 
2004 04    0.598 
2004 05    0.421 
2004 06    0.425 
2004 07    0.506 
2004 08    0.534 
2004 09    0.605 
2004 10    0.615 
2004 11    0.909 
2004 12    0.439 
2005 01    0.744 
2005 02    0.431 
2005 03    0.667 
2005 04    0.785 
2005 05    0.693 
2005 06    0.725 
2005 07    0.735 
2005 08    0.672 
2005 09    0.829 
2005 10    0.835 
2005 11    0.933 
2005 12    0.661 
2006 01    0.386 
2006 02    0.695 
2006 03    0.574 
2006 04    0.490 
2006 05    0.551 
2006 06    0.741 
2006 07    0.605 
2006 08    0.694 
2006 09    0.706 
2006 10    0.813 
2006 11    0.778 
2006 12    1.062 
2007 01    1.301 
2007 02    0.732 
2007 03    0.741 
2007 04    0.829 
2007 05    0.615 
2007 06    0.576 
2007 07    0.601 
2007 08    0.687 
2007 09    0.588 
2007 10    0.697 
2007 11    0.609 
2007 12    0.648 
2008 01    0.215 
2008 02    0.394 
2008 03    0.943 
2008 04    0.523 
2008 05    0.485 
2008 06    0.548 
2008 07    0.583 
2008 08    0.569 
2008 09    0.510 
2008 10    0.760 
2008 11    0.807 
2008 12    0.517 
2009 01    0.628 
2009 02    0.594 
2009 03    0.465 
2009 04    0.600 
2009 05    0.467 
2009 06    0.651 
2009 07    0.652 
2009 08    0.658 
2009 09    0.760 
2009 10    0.654 
2009 11    0.584 
2009 12    0.447 
2010 01    0.634 
2010 02    0.645 
2010 03    0.826 
2010 04    0.833 
2010 05    0.739 
2010 06    0.780 
2010 07    0.864 
2010 08    0.805 
2010 09    0.593 
2010 10    0.719 
2010 11    0.985 
2010 12    0.440 
2011 01    0.333 
2011 02    0.372 
2011 03    0.529 
2011 04    0.651 
2011 05    0.514 
2011 06    0.650 
2011 07    0.659 
2011 08    0.658 
2011 09    0.648 
2011 10    0.719 
2011 11    0.449 
2011 12    0.670 
2012 01    0.458 
2012 02    0.345 
2012 03    0.448 
2012 04    0.844 
2012 05    0.819 
2012 06    0.798 
2012 07    0.771 
2012 08    0.705 
2012 09    0.744 
2012 10    0.688 
2012 11    0.704 
2012 12    0.236 
2013 01    0.547 
2013 02    0.662 
2013 03    0.485 
2013 04    0.500 
2013 05    0.674 
2013 06    0.656 
2013 07    0.652 
2013 08    0.715 
2013 09    0.645 
2013 10    0.656 
2013 11    0.911 
2013 12    0.655 
2014 01    0.697 
2014 02    0.388 
2014 03    0.796 
2014 04    0.847 
2014 05    0.741 
2014 06    0.810 
2014 07    0.772 
2014 08    0.918 
2014 09    0.810 
2014 10    0.800 
2014 11    0.604 
2014 12    0.898 
2015 01    0.993 
2015 02    0.958 
2015 03    0.935 
2015 04    0.839 
2015 05    0.903 
2015 06    0.942 
2015 07    0.859 
2015 08    0.970 
2015 09    1.076 
2015 10    1.054 
2015 11    1.081 
2015 12    1.413 
2016 01    1.130 
