# MEI [1] Multivariate ENSO Index
# shifted by 0.5 month, i.e., the Jan value represents the Dec/Jan MEI index.
# from <a href="http://www.cdc.noaa.gov/people/klaus.wolter/MEI/"ESRL</a>
1950	-1.043	-1.162	-1.312	-1.081	-1.427	-1.391	-1.309	-1.057	-.627	-.424	-1.171	-1.263
1951	-1.078	-1.189	-1.222	-.447	-.321	.376	.659	.822	.734	.731	.709	.477
1952	.421	.136	.063	.236	-.315	-.684	-.306	-.233	.313	.274	-.359	-.132
1953	.032	.385	.256	.707	.788	.198	.36	.206	.484	.078	.063	.316
1954	-.044	-.032	.162	-.514	-1.452	-1.558	-1.377	-1.481	-1.165	-1.361	-1.139	-1.114
1955	-.766	-.698	-1.152	-1.585	-1.646	-2.272	-2.007	-2.067	-1.831	-1.767	-1.852	-1.879
1956	-1.447	-1.323	-1.413	-1.164	-1.312	-1.505	-1.265	-1.142	-1.371	-1.469	-1.058	-1.04
1957	-.944	-.364	.134	.349	.881	.745	.902	1.128	1.148	1.077	1.122	1.24
1958	1.474	1.442	1.32	1.038	.716	.878	.687	.415	.173	.202	.468	.67
1959	.549	.788	.496	.236	.025	-.012	-.142	.108	.102	-.067	-.176	-.255
1960	-.297	-.257	-.094	.011	-.345	-.263	-.349	-.257	-.466	-.363	-.341	-.438
1961	-.167	-.261	-.097	.013	-.28	-.115	-.23	-.301	-.293	-.526	-.44	-.634
1962	-1.082	-.988	-.724	-1.03	-.914	-.861	-.713	-.546	-.554	-.676	-.625	-.506
1963	-.73	-.861	-.69	-.791	-.465	-.088	.39	.597	.749	.817	.843	.739
1964	.867	.465	-.269	-.611	-1.25	-1.12	-1.414	-1.511	-1.311	-1.225	-1.242	-.945
1965	-.554	-.349	-.276	.083	.51	.919	1.356	1.436	1.399	1.217	1.355	1.253
1966	1.305	1.178	.678	.542	-.157	-.157	-.142	.147	-.091	-.035	.007	-.198
1967	-.474	-.924	-1.068	-1.052	-.442	-.251	-.517	-.403	-.616	-.686	-.425	-.378
1968	-.622	-.74	-.629	-.949	-1.093	-.794	-.535	-.1	.224	.426	.59	.35
1969	.664	.844	.452	.628	.706	.816	.462	.182	.165	.508	.67	.392
1970	.367	.411	.215	-.062	-.142	-.674	-1.086	-1.027	-1.258	-1.091	-1.078	-1.224
1971	-1.221	-1.521	-1.807	-1.902	-1.432	-1.441	-1.217	-1.235	-1.465	-1.424	-1.33	-.998
1972	-.595	-.422	-.262	-.195	.5	1.106	1.826	1.827	1.547	1.651	1.747	1.761
1973	1.72	1.497	.845	.467	-.141	-.803	-1.085	-1.356	-1.729	-1.671	-1.496	-1.844
1974	-1.934	-1.793	-1.76	-1.675	-1.051	-.649	-.758	-.657	-.624	-1.053	-1.243	-.906
1975	-.544	-.597	-.884	-.99	-.867	-1.14	-1.51	-1.745	-1.877	-1.986	-1.771	-1.752
1976	-1.613	-1.394	-1.246	-1.189	-.463	.331	.624	.658	1.029	.938	.49	.547
1977	.516	.271	.131	.544	.305	.444	.865	.695	.801	.993	.97	.86
1978	.77	.893	.936	.177	-.394	-.585	-.44	-.192	-.386	-.024	.178	.392
1979	.598	.361	-.015	.278	.374	.397	.372	.636	.779	.666	.744	.996
1980	.678	.589	.69	.914	.95	.891	.759	.328	.279	.209	.252	.098
1981	-.254	-.163	.457	.646	.14	-.03	-.046	-.085	.178	.108	-.036	-.137
1982	-.268	-.138	.106	-.013	.432	.965	1.614	1.817	1.808	2.019	2.433	2.418
1983	2.691	2.909	3.011	2.835	2.537	2.201	1.767	1.155	.481	.034	-.131	-.176
1984	-.327	-.533	.143	.3	.106	-.081	-.086	-.159	-.101	.009	-.344	-.596
1985	-.559	-.594	-.718	-.477	-.718	-.098	-.143	-.354	-.513	-.135	-.057	-.299
1986	-.307	-.196	.04	-.152	.35	.313	.387	.804	1.122	.98	.865	1.183
1987	1.243	1.192	1.719	1.867	2.14	1.954	1.855	1.982	1.888	1.643	1.271	1.284
1988	1.116	.697	.487	.304	.081	-.649	-1.12	-1.319	-1.499	-1.315	-1.44	-1.306
1989	-1.128	-1.271	-1.037	-.849	-.44	-.239	-.439	-.483	-.277	-.314	-.045	.127
1990	.232	.555	.945	.403	.638	.491	.133	.14	.384	.28	.39	.357
1991	.32	.313	.405	.471	.747	1.118	1.024	1.022	.759	1.024	1.2	1.325
1992	1.749	1.864	1.993	2.269	2.148	1.762	1.022	.573	.52	.664	.589	.64
1993	.686	.979	.99	1.408	1.994	1.556	1.168	1.032	.987	1.063	.839	.595
1994	.349	.197	.174	.45	.557	.808	.889	.769	.903	1.419	1.29	1.229
1995	1.216	.961	.879	.437	.523	.489	.191	-.164	-.413	-.471	-.453	-.546
1996	-.63	-.581	-.227	-.495	-.13	.053	-.197	-.377	-.443	-.349	-.13	-.325
1997	-.489	-.595	-.222	.537	1.17	2.339	2.826	3.038	3.049	2.417	2.575	2.368
1998	2.503	2.792	2.768	2.632	2.164	1.239	.346	-.36	-.587	-.795	-1.099	-.941
1999	-1.094	-1.176	-1.019	-1.053	-.66	-.365	-.486	-.767	-.974	-.977	-1.042	-1.192
2000	-1.164	-1.207	-1.112	-.548	.16	-.04	-.169	-.141	-.219	-.372	-.712	-.551
2001	-.502	-.669	-.571	-.156	.221	.032	.292	.366	-.108	-.266	-.159	.028
2002	-.032	-.176	-.137	.356	.843	.948	.684	.949	.859	.976	1.076	1.141
2003	1.199	.937	.831	.325	.088	.089	.165	.267	.459	.519	.536	.349
2004	.322	.356	-.056	.243	.518	.283	.527	.665	.531	.497	.815	.665
2005	.31	.81	1.055	.589	.801	.519	.508	.329	.288	-.149	-.376	-.576
2006	-.435	-.411	-.533	-.689	-.004	.592	.669	.76	.825	.934	1.322	.998
2007	1.012	.542	.112	-.053	.226	-.221	-.246	-.409	-1.092	-1.103	-1.119	-1.129
2008	-.968	-1.355	-1.583	-.964	-.352	.16	.073	-.24	-.561	-.72	-.502	-.608
2009	-.711	-.677	-.678	-.156	.366	.894	1.001	.991	.805	1.038	1.088	1.041
2010	1.152	1.521	1.427	.894	.62	-.269	-1.073	-1.777	-1.954	-1.896	-1.523	-1.529
2011	-1.645	-1.53	-1.511	-1.478	-.273	-.048	-.05	-.44	-.713	-.939	-.886	-.912
2012	-.995	-.665	-.377	.052	.739	.936	1.168	.581	.328	.139	.21	.081
2013	.069	-.119	-.128	.002	.116	-.181	-.373	-.528	-.095	.135	-.027	-.255
2014	-.287	-.241	.032	.193	.967	.997	.923	.938	.602	.411	.772	.611
2015	.419	.468	.67	.953	1.567	2.06	1.972	2.367	2.527	2.225	2.308	2.123
2016	2.202	2.121	1.96  -999.9 -999.9 -999.9 -999.9 -999.9 -999.9 -999.9 -999.9 -999.9
