# seio [Celsius] East Indian Ocean SST anomalies
# from <a href=http://www.jamstec.go.jp/frcgc/research/d1/iod/e/iod/about_iod.html>JAMSTEC</a>
1870 1 -0.293059
1870 2 -0.416493
1870 3 0.0216882
1870 4 0.124107
1870 5 -0.293801
1870 6 -0.366836
1870 7 -0.286013
1870 8 -0.0617529
1870 9 -0.232152
1870 10 -0.19914
1870 11 -0.129499
1870 12 -0.183778
1871 1 -0.0866769
1871 2 -0.112882
1871 3 -0.170153
1871 4 -0.175363
1871 5 -0.258175
1871 6 -0.347951
1871 7 -0.217571
1871 8 -0.200979
1871 9 -0.350536
1871 10 -0.445683
1871 11 -0.14321
1871 12 -0.224983
1872 1 -0.178852
1872 2 -0.0661921
1872 3 -0.112729
1872 4 -0.186227
1872 5 -0.00909929
1872 6 0.0391564
1872 7 -0.0706255
1872 8 -0.152729
1872 9 -0.109249
1872 10 -0.0727946
1872 11 0.118204
1872 12 -0.152317
1873 1 -0.0954725
1873 2 -0.469373
1873 3 -0.585553
1873 4 -0.305044
1873 5 -0.495758
1873 6 -0.55347
1873 7 -0.522276
1873 8 -0.521428
1873 9 -0.207301
1873 10 -0.34927
1873 11 -0.27322
1873 12 -0.368054
1874 1 -0.14079
1874 2 -0.282069
1874 3 -0.189539
1874 4 -0.404162
1874 5 -0.36584
1874 6 -0.306264
1874 7 -0.0326171
1874 8 -0.41126
1874 9 -0.422339
1874 10 -0.746923
1874 11 -0.68434
1874 12 -0.602893
1875 1 -0.319339
1875 2 -0.275644
1875 3 -0.25895
1875 4 -0.269681
1875 5 -0.0648082
1875 6 -0.277124
1875 7 -0.547908
1875 8 -0.343719
1875 9 -0.329475
1875 10 -0.27074
1875 11 -0.279749
1875 12 -0.498357
1876 1 -0.526576
1876 2 -0.520408
1876 3 -0.283537
1876 4 -0.329786
1876 5 -0.347502
1876 6 -0.61632
1876 7 -0.467438
1876 8 -0.339033
1876 9 -0.353363
1876 10 -0.403711
1876 11 -0.54117
1876 12 -0.472212
1877 1 -0.399243
1877 2 0.0720294
1877 3 0.0380924
1877 4 -0.273068
1877 5 -0.433332
1877 6 -0.116143
1877 7 0.0341745
1877 8 0.181172
1877 9 0.496688
1877 10 0.430087
1877 11 0.400865
1877 12 0.42719
1878 1 0.464548
1878 2 0.639339
1878 3 0.628273
1878 4 0.567639
1878 5 0.380138
1878 6 0.380381
1878 7 0.353331
1878 8 0.271771
1878 9 0.0672882
1878 10 0.0220765
1878 11 -0.177962
1878 12 -0.0827982
1879 1 -0.0812251
1879 2 -0.195055
1879 3 -0.156958
1879 4 -0.338495
1879 5 -0.269393
1879 6 -0.117671
1879 7 -0.0782749
1879 8 -0.358854
1879 9 -0.293226
1879 10 -0.51398
1879 11 -0.692658
1879 12 -0.65373
1880 1 -0.633915
1880 2 -0.285259
1880 3 -0.226795
1880 4 -0.0493762
1880 5 -0.298378
1880 6 -0.47444
1880 7 -0.273301
1880 8 -0.0725983
1880 9 -0.203168
1880 10 -0.336937
1880 11 -0.148841
1880 12 -0.160193
1881 1 -0.298519
1881 2 -0.303606
1881 3 0.0392487
1881 4 0.0616771
1881 5 0.264637
1881 6 0.204359
1881 7 0.304143
1881 8 0.289443
1881 9 0.115548
1881 10 -0.0155046
1881 11 -0.143499
1881 12 -0.177341
1882 1 -0.117714
1882 2 -0.115016
1882 3 -0.0211923
1882 4 0.0545217
1882 5 -0.0295208
1882 6 -0.211199
1882 7 -0.159143
1882 8 -0.188165
1882 9 -0.194686
1882 10 -0.166559
1882 11 -0.358371
1882 12 -0.522548
1883 1 -0.184775
1883 2 -0.0505639
1883 3 -0.263596
1883 4 -0.243157
1883 5 -0.20331
1883 6 0.189971
1883 7 0.0484758
1883 8 -0.153439
1883 9 -0.328233
1883 10 -0.343692
1883 11 -0.354841
1883 12 -0.544912
1884 1 -0.595109
1884 2 -0.334047
1884 3 -0.262835
1884 4 -0.0257518
1884 5 0.1405
1884 6 -0.255592
1884 7 0.115447
1884 8 0.0929321
1884 9 0.072686
1884 10 -0.0171677
1884 11 -0.228279
1884 12 -0.188786
1885 1 -0.213956
1885 2 -0.265624
1885 3 -0.211989
1885 4 -0.222648
1885 5 -0.237044
1885 6 -0.422943
1885 7 -0.426839
1885 8 -0.29982
1885 9 -0.162529
1885 10 -0.150132
1885 11 -0.190665
1885 12 -0.146563
1886 1 -0.158642
1886 2 -0.344319
1886 3 0.0395253
1886 4 0.130294
1886 5 -0.145492
1886 6 -0.317826
1886 7 -0.484976
1886 8 -0.417547
1886 9 -0.507811
1886 10 -0.592136
1886 11 -0.520041
1886 12 -0.706735
1887 1 -0.450063
1887 2 -0.409198
1887 3 -0.325043
1887 4 -0.468411
1887 5 -0.505959
1887 6 -0.440436
1887 7 -0.26
1887 8 -0.13131
1887 9 -0.554319
1887 10 -0.406921
1887 11 -0.335291
1887 12 -0.467536
1888 1 -0.641189
1888 2 -0.484031
1888 3 -0.501533
1888 4 -0.494016
1888 5 -0.181815
1888 6 -0.31889
1888 7 -0.307021
1888 8 -0.045853
1888 9 -0.240858
1888 10 0.0412201
1888 11 -0.106916
1888 12 -0.0888092
1889 1 -0.13911
1889 2 0.0846758
1889 3 -0.0477326
1889 4 -0.262246
1889 5 -0.0925383
1889 6 -0.261278
1889 7 -0.142943
1889 8 -0.224821
1889 9 -0.346843
1889 10 -0.65142
1889 11 -0.654304
1889 12 -0.517756
1890 1 -0.496714
1890 2 -0.424393
1890 3 -0.23115
1890 4 -0.391481
1890 5 -0.587218
1890 6 -0.837153
1890 7 -0.907419
1890 8 -0.899219
1890 9 -1.01616
1890 10 -0.934868
1890 11 -0.93635
1890 12 -0.645807
1891 1 -0.48128
1891 2 -0.453866
1891 3 -0.386165
1891 4 -0.225361
1891 5 -0.332141
1891 6 -0.216506
1891 7 -0.470067
1891 8 -0.319839
1891 9 -0.261779
1891 10 -0.248836
1891 11 -0.257975
1891 12 -0.0969115
1892 1 -0.14551
1892 2 0.00529073
1892 3 -0.155768
1892 4 -0.215854
1892 5 -0.054038
1892 6 -0.0776931
1892 7 -0.499042
1892 8 -0.651886
1892 9 -0.542454
1892 10 -0.721698
1892 11 -0.675495
1892 12 -0.786004
1893 1 -0.744217
1893 2 -0.722435
1893 3 -0.344478
1893 4 -0.52275
1893 5 -0.53494
1893 6 -0.537019
1893 7 -0.342743
1893 8 -0.473064
1893 9 -0.417549
1893 10 -0.498206
1893 11 -0.531613
1893 12 -0.45544
1894 1 -0.38684
1894 2 -0.334621
1894 3 -0.360011
1894 4 -0.320279
1894 5 -0.437612
1894 6 -0.439438
1894 7 -0.420395
1894 8 -0.354882
1894 9 -0.499541
1894 10 -0.464347
1894 11 -0.483246
1894 12 -0.377143
1895 1 -0.39789
1895 2 -0.25154
1895 3 -0.247974
1895 4 -0.313044
1895 5 -0.310149
1895 6 -0.237862
1895 7 -0.376534
1895 8 -0.0613877
1895 9 -0.129984
1895 10 -0.0767551
1895 11 -0.166592
1895 12 -0.240127
1896 1 -0.102994
1896 2 -0.208104
1896 3 -0.212939
1896 4 -0.046163
1896 5 0.0241824
1896 6 0.0253452
1896 7 0.0054391
1896 8 -0.0917563
1896 9 -0.0169952
1896 10 0.0778439
1896 11 -0.108767
1896 12 0.189145
1897 1 0.0966602
1897 2 0.12888
1897 3 0.14179
1897 4 0.0527365
1897 5 -0.0500863
1897 6 -0.065804
1897 7 0.204914
1897 8 0.288374
1897 9 0.00588782
1897 10 -0.216803
1897 11 -0.477985
1897 12 -0.361136
1898 1 -0.395534
1898 2 -0.381817
1898 3 -0.521341
1898 4 -0.334201
1898 5 -0.368491
1898 6 -0.414071
1898 7 -0.374695
1898 8 -0.445998
1898 9 -0.438766
1898 10 -0.420853
1898 11 -0.535164
1898 12 -0.525571
1899 1 -0.680898
1899 2 -0.629754
1899 3 -0.54526
1899 4 -0.426198
1899 5 -0.297082
1899 6 -0.500005
1899 7 -0.45457
1899 8 -0.40474
1899 9 -0.760138
1899 10 -0.201204
1899 11 -0.320188
1899 12 -0.360476
1900 1 -0.181494
1900 2 0.0920784
1900 3 -0.116093
1900 4 0.0879192
1900 5 0.0661469
1900 6 0.0637115
1900 7 -0.0158942
1900 8 -0.153825
1900 9 -0.105974
1900 10 -0.184961
1900 11 -0.0658679
1900 12 -0.115312
1901 1 -0.0407005
1901 2 -0.480256
1901 3 -0.435966
1901 4 -0.247732
1901 5 -0.278641
1901 6 -0.464177
1901 7 -0.626749
1901 8 -0.5492
1901 9 -0.780959
1901 10 -0.480136
1901 11 -0.542153
1901 12 -0.46244
1902 1 -0.313335
1902 2 -0.251348
1902 3 -0.268447
1902 4 -0.0831735
1902 5 -0.171597
1902 6 -0.0893814
1902 7 -0.180977
1902 8 0.0208024
1902 9 -0.104052
1902 10 -0.0896122
1902 11 -0.229971
1902 12 -0.18876
1903 1 -0.272406
1903 2 -0.290963
1903 3 -0.256896
1903 4 -0.380317
1903 5 -0.251314
1903 6 -0.14412
1903 7 -0.337075
1903 8 -0.191578
1903 9 -0.36321
1903 10 -0.671001
1903 11 -0.658475
1903 12 -0.530252
1904 1 -0.664979
1904 2 -0.387922
1904 3 -0.48028
1904 4 -0.443674
1904 5 -0.44664
1904 6 -0.36932
1904 7 -0.255543
1904 8 -0.367639
1904 9 -0.45945
1904 10 -0.204069
1904 11 -0.333621
1904 12 -0.443936
1905 1 -0.450316
1905 2 -0.201023
1905 3 -0.208388
1905 4 -0.515972
1905 5 -0.292473
1905 6 -0.109846
1905 7 -0.157646
1905 8 -0.235247
1905 9 0.0111142
1905 10 -0.220557
1905 11 -0.142556
1905 12 -0.0978182
1906 1 -0.185689
1906 2 0.0616042
1906 3 -0.179737
1906 4 -0.361038
1906 5 -0.166431
1906 6 -0.135841
1906 7 -0.520043
1906 8 -0.475586
1906 9 -0.742988
1906 10 -0.478384
1906 11 -0.598458
1906 12 -0.5026
1907 1 -0.206007
1907 2 -0.188748
1907 3 -0.220579
1907 4 -0.186736
1907 5 -0.382135
1907 6 -0.503389
1907 7 -0.535864
1907 8 -0.796558
1907 9 -0.309789
1907 10 -0.26603
1907 11 -0.277939
1907 12 -0.172426
1908 1 -0.224604
1908 2 -0.224891
1908 3 -0.443905
1908 4 -0.533193
1908 5 -0.224704
1908 6 -0.0185845
1908 7 -0.403766
1908 8 -0.166972
1908 9 -0.285538
1908 10 -0.201912
1908 11 -0.324851
1908 12 -0.560557
1909 1 -0.521296
1909 2 -0.451698
1909 3 -0.406629
1909 4 -0.268278
1909 5 -0.534289
1909 6 -0.668245
1909 7 -0.625806
1909 8 -0.613174
1909 9 -0.444956
1909 10 -0.41053
1909 11 -0.305716
1909 12 -0.200331
1910 1 -0.321074
1910 2 -0.406992
1910 3 -0.499505
1910 4 -0.671943
1910 5 -0.551537
1910 6 -0.424893
1910 7 -0.562843
1910 8 -0.612109
1910 9 -0.624996
1910 10 -0.629309
1910 11 -0.65073
1910 12 -0.447366
1911 1 -0.152782
1911 2 -0.502763
1911 3 -0.288692
1911 4 -0.560743
1911 5 -0.302066
1911 6 -0.650157
1911 7 -0.577919
1911 8 -0.336199
1911 9 -0.388079
1911 10 -0.415852
1911 11 -0.219234
1911 12 -0.171897
1912 1 -0.165432
1912 2 -0.15633
1912 3 -0.20138
1912 4 -0.0237353
1912 5 -0.121537
1912 6 0.0188296
1912 7 -0.302864
1912 8 -0.255925
1912 9 -0.205359
1912 10 -0.2278
1912 11 -0.439833
1912 12 -0.446194
1913 1 -0.316025
1913 2 0.0272314
1913 3 -0.390728
1913 4 -0.444547
1913 5 -0.301691
1913 6 -0.214533
1913 7 -0.461448
1913 8 -0.577638
1913 9 -0.337795
1913 10 -0.2098
1913 11 -0.127639
1913 12 -0.0999813
1914 1 -0.130291
1914 2 0.0691288
1914 3 -0.1319
1914 4 -0.120849
1914 5 -0.0606096
1914 6 0.450746
1914 7 0.346309
1914 8 0.140585
1914 9 -0.0619201
1914 10 0.122696
1914 11 -0.0380137
1914 12 -0.283163
1915 1 -0.334923
1915 2 -0.319994
1915 3 -0.126353
1915 4 0.123273
1915 5 -0.0163171
1915 6 0.300212
1915 7 -0.0454162
1915 8 -0.0792919
1915 9 0.162033
1915 10 0.0186916
1915 11 0.0237609
1915 12 -0.00752482
1916 1 -0.302578
1916 2 -0.236557
1916 3 -0.139405
1916 4 0.0349527
1916 5 -0.167807
1916 6 -0.1738
1916 7 -0.341647
1916 8 -0.323139
1916 9 -0.45919
1916 10 -0.515535
1916 11 -0.747223
1916 12 -0.437415
1917 1 -0.417577
1917 2 -0.377992
1917 3 -0.59991
1917 4 -0.409344
1917 5 -0.534575
1917 6 -0.322011
1917 7 -0.215982
1917 8 -0.0245809
1917 9 -0.129864
1917 10 -0.523178
1917 11 -0.690284
1917 12 -0.77609
1918 1 -0.579049
1918 2 -0.639024
1918 3 -0.487873
1918 4 -0.581749
1918 5 -0.522338
1918 6 -0.343521
1918 7 -0.141396
1918 8 -0.211743
1918 9 0.0231921
1918 10 0.244751
1918 11 0.350062
1918 12 0.0781775
1919 1 0.237645
1919 2 0.153632
1919 3 -0.0462908
1919 4 -0.0772324
1919 5 0.0595944
1919 6 0.0517508
1919 7 0.0253345
1919 8 -0.050992
1919 9 0.0978131
1919 10 -0.170906
1919 11 -0.474445
1919 12 -0.406837
1920 1 -0.0375453
1920 2 -0.0853813
1920 3 0.0204293
1920 4 -0.0565706
1920 5 0.112008
1920 6 -0.22222
1920 7 -0.587784
1920 8 -0.246512
1920 9 -0.24689
1920 10 -0.340075
1920 11 -0.370786
1920 12 -0.39677
1921 1 -0.387993
1921 2 -0.336545
1921 3 -0.345017
1921 4 -0.16826
1921 5 -0.303511
1921 6 -0.334169
1921 7 -0.301548
1921 8 -0.581318
1921 9 -0.383163
1921 10 -0.111632
1921 11 -0.340955
1921 12 -0.107337
1922 1 -0.28405
1922 2 -0.129323
1922 3 -0.157743
1922 4 -0.444233
1922 5 -0.385574
1922 6 -0.0819846
1922 7 -0.343562
1922 8 -0.191704
1922 9 -0.389766
1922 10 -0.202933
1922 11 -0.252387
1922 12 -0.443556
1923 1 -0.432986
1923 2 -0.478354
1923 3 -0.299602
1923 4 -0.17461
1923 5 -0.15039
1923 6 -0.145959
1923 7 -0.320481
1923 8 -0.224332
1923 9 -0.13674
1923 10 0.105588
1923 11 0.256137
1923 12 -0.0824647
1924 1 -0.116158
1924 2 -0.0767753
1924 3 -0.00583303
1924 4 0.00666955
1924 5 -0.232615
1924 6 -0.16461
1924 7 -0.138559
1924 8 -0.251263
1924 9 -0.19752
1924 10 -0.134221
1924 11 -0.456669
1924 12 -0.383305
1925 1 -0.551983
1925 2 -0.483229
1925 3 -0.310199
1925 4 -0.0728001
1925 5 -0.215523
1925 6 -0.201614
1925 7 -0.0805831
1925 8 -0.132949
1925 9 0.142375
1925 10 0.0677076
1925 11 0.18219
1925 12 -0.0127275
1926 1 0.0948619
1926 2 -0.1077
1926 3 0.153717
1926 4 -3.1348e-05
1926 5 0.0909476
1926 6 0.13382
1926 7 0.215505
1926 8 0.0770896
1926 9 -0.049732
1926 10 0.134802
1926 11 -0.227979
1926 12 -0.223926
1927 1 -0.317403
1927 2 0.190277
1927 3 -0.246646
1927 4 -0.324028
1927 5 -0.334294
1927 6 -0.218868
1927 7 -0.190834
1927 8 -0.337276
1927 9 -0.260439
1927 10 -0.209221
1927 11 -0.188493
1927 12 -0.230662
1928 1 -0.0361399
1928 2 0.0156895
1928 3 -0.111754
1928 4 -0.330255
1928 5 -0.181218
1928 6 -0.194439
1928 7 -0.32371
1928 8 -0.297155
1928 9 -0.169583
1928 10 -0.287566
1928 11 0.0478528
1928 12 -0.122109
1929 1 -0.216783
1929 2 -0.348933
1929 3 -0.270127
1929 4 -0.0796442
1929 5 -0.402718
1929 6 -0.345455
1929 7 -0.411808
1929 8 -0.377875
1929 9 -0.12583
1929 10 -0.113161
1929 11 -0.100819
1929 12 0.173442
1930 1 -0.127976
1930 2 -0.196644
1930 3 -0.0128899
1930 4 0.139026
1930 5 -0.260505
1930 6 -0.239584
1930 7 -0.260934
1930 8 -0.163326
1930 9 -0.264797
1930 10 0.00107396
1930 11 0.280019
1930 12 0.099897
1931 1 0.318153
1931 2 0.425082
1931 3 0.184335
1931 4 0.164664
1931 5 0.304063
1931 6 0.269174
1931 7 0.279481
1931 8 0.000874591
1931 9 -0.248479
1931 10 -0.103649
1931 11 0.13948
1931 12 -0.387912
1932 1 -0.258134
1932 2 -0.435689
1932 3 -0.200051
1932 4 -0.158675
1932 5 -0.108537
1932 6 -0.176428
1932 7 -0.0789023
1932 8 -0.0882887
1932 9 -0.187032
1932 10 -0.248124
1932 11 -0.220944
1932 12 -0.150689
1933 1 0.0703483
1933 2 0.0193875
1933 3 -0.0706498
1933 4 -0.0103742
1933 5 -0.0648526
1933 6 -0.142057
1933 7 -0.070514
1933 8 -0.178844
1933 9 -0.551454
1933 10 -0.420462
1933 11 -0.384487
1933 12 -0.339109
1934 1 -0.662848
1934 2 -0.671718
1934 3 -0.678063
1934 4 -0.382132
1934 5 -0.492664
1934 6 -0.117748
1934 7 -0.178184
1934 8 0.0063121
1934 9 -0.0927742
1934 10 -0.170925
1934 11 -0.0292757
1934 12 0.126209
1935 1 -0.00389525
1935 2 0.162475
1935 3 -0.117713
1935 4 -0.00154133
1935 5 -0.0443971
1935 6 -0.033486
1935 7 -0.16508
1935 8 -0.142048
1935 9 -0.143513
1935 10 -0.174973
1935 11 0.0136973
1935 12 0.0355972
1936 1 0.119602
1936 2 0.0482455
1936 3 0.0236751
1936 4 -0.0069112
1936 5 -0.135361
1936 6 0.0239623
1936 7 0.0492318
1936 8 0.111671
1936 9 0.262749
1936 10 -0.0817621
1936 11 0.10376
1936 12 0.17415
1937 1 0.059502
1937 2 0.321231
1937 3 0.139507
1937 4 0.0071367
1937 5 0.114913
1937 6 0.0668491
1937 7 -0.0417599
1937 8 0.0715564
1937 9 0.271054
1937 10 0.134679
1937 11 0.254619
1937 12 -0.0627605
1938 1 0.126825
1938 2 0.0923245
1938 3 0.186343
1938 4 -0.0684695
1938 5 0.156612
1938 6 0.079923
1938 7 -0.0559042
1938 8 0.0683393
1938 9 -0.00591802
1938 10 -0.0691277
1938 11 -0.231975
1938 12 -0.190102
1939 1 -0.259875
1939 2 0.0122159
1939 3 -0.19454
1939 4 -0.21349
1939 5 -0.28418
1939 6 -0.0875103
1939 7 -0.0652046
1939 8 -0.190447
1939 9 -0.126378
1939 10 -0.129299
1939 11 0.129308
1939 12 0.0830111
1940 1 0.0862139
1940 2 -0.0496402
1940 3 -0.0400119
1940 4 -0.161063
1940 5 -0.146779
1940 6 0.0939924
1940 7 0.135581
1940 8 -0.111813
1940 9 0.0727635
1940 10 0.187149
1940 11 0.263369
1940 12 0.23771
1941 1 0.30359
1941 2 0.246158
1941 3 0.36937
1941 4 0.420381
1941 5 0.254685
1941 6 0.269571
1941 7 0.42595
1941 8 0.4137
1941 9 0.249512
1941 10 0.37755
1941 11 0.659385
1941 12 0.545496
1942 1 0.25272
1942 2 0.0948197
1942 3 0.345972
1942 4 0.0872666
1942 5 -0.00594366
1942 6 -0.19479
1942 7 -0.254459
1942 8 -0.142574
1942 9 -0.144496
1942 10 -0.231702
1942 11 -0.25678
1942 12 -0.361934
1943 1 -0.441961
1943 2 -0.239695
1943 3 -0.329038
1943 4 -0.285264
1943 5 -0.00276355
1943 6 -0.0193793
1943 7 0.0201933
1943 8 0.0685758
1943 9 0.0227171
1943 10 0.00515124
1943 11 0.125177
1943 12 -0.0193197
1944 1 0.0582827
1944 2 0.0745034
1944 3 0.0293692
1944 4 -0.0870054
1944 5 0.184868
1944 6 0.142006
1944 7 0.276909
1944 8 0.23132
1944 9 0.406926
1944 10 -0.026196
1944 11 0.0742161
1944 12 0.510502
1945 1 0.456349
1945 2 0.573777
1945 3 0.0367503
1945 4 -0.292933
1945 5 -0.377646
1945 6 -0.19039
1945 7 0.224577
1945 8 0.0940382
1945 9 -0.157579
1945 10 -0.172979
1945 11 -0.126476
1945 12 0.0481707
1946 1 -0.00824063
1946 2 0.0516291
1946 3 -0.023803
1946 4 -0.0179468
1946 5 0.114719
1946 6 -0.218674
1946 7 -0.152684
1946 8 -0.118142
1946 9 -0.110676
1946 10 0.0609685
1946 11 -0.124987
1946 12 -0.340205
1947 1 -0.0711858
1947 2 -0.0981897
1947 3 -0.129807
1947 4 -0.484807
1947 5 -0.0876722
1947 6 -0.115329
1947 7 -0.415383
1947 8 -0.276509
1947 9 -0.511243
1947 10 -0.610855
1947 11 -0.417082
1947 12 -0.521052
1948 1 -0.454267
1948 2 -0.216239
1948 3 -0.00375241
1948 4 -0.0976189
1948 5 -0.167423
1948 6 -0.0129061
1948 7 -0.0721908
1948 8 -0.143297
1948 9 -0.403738
1948 10 -0.0861958
1948 11 -0.330936
1948 12 -0.111592
1949 1 -0.203667
1949 2 -0.114995
1949 3 -0.257384
1949 4 -0.161803
1949 5 -0.267155
1949 6 -0.172131
1949 7 0.0151568
1949 8 -0.131709
1949 9 -0.0372838
1949 10 -0.0555866
1949 11 -0.179151
1949 12 -0.242281
1950 1 -0.178303
1950 2 -0.392684
1950 3 -0.290637
1950 4 -0.423923
1950 5 -0.276923
1950 6 -0.364479
1950 7 -0.30316
1950 8 -0.34936
1950 9 -0.411736
1950 10 -0.317442
1950 11 -0.412411
1950 12 -0.375815
1951 1 -0.361466
1951 2 -0.319522
1951 3 -0.161203
1951 4 -0.522837
1951 5 -0.271219
1951 6 -0.0515243
1951 7 -0.0812706
1951 8 0.0637903
1951 9 0.266862
1951 10 0.158504
1951 11 0.208618
1951 12 0.210291
1952 1 0.0225313
1952 2 0.138595
1952 3 0.0711832
1952 4 0.115463
1952 5 0.0165384
1952 6 0.0726697
1952 7 -0.153145
1952 8 -0.20344
1952 9 -0.164812
1952 10 -0.257253
1952 11 -0.111328
1952 12 -0.00715625
1953 1 0.0883553
1953 2 0.0119457
1953 3 0.17745
1953 4 0.0694802
1953 5 0.237147
1953 6 0.104527
1953 7 -0.105301
1953 8 -0.212703
1953 9 -0.178147
1953 10 -0.0671195
1953 11 0.148637
1953 12 0.324194
1954 1 -0.00695997
1954 2 0.0380799
1954 3 -0.0101898
1954 4 0.029753
1954 5 -0.106688
1954 6 -0.238107
1954 7 -0.62119
1954 8 -0.495718
1954 9 -0.513991
1954 10 -0.661389
1954 11 -0.384364
1954 12 -0.376424
1955 1 -0.0408821
1955 2 -0.355704
1955 3 -0.223578
1955 4 -0.250327
1955 5 -0.423271
1955 6 -0.512096
1955 7 -0.368229
1955 8 -0.172783
1955 9 -0.195991
1955 10 -0.364693
1955 11 -0.262357
1955 12 -0.191674
1956 1 -0.160054
1956 2 -0.256676
1956 3 -0.157924
1956 4 -0.153727
1956 5 -0.436643
1956 6 -0.486847
1956 7 -0.537955
1956 8 -0.359033
1956 9 -0.359463
1956 10 -0.215187
1956 11 -0.265596
1956 12 -0.117358
1957 1 -0.129823
1957 2 -0.171012
1957 3 -0.0420686
1957 4 -0.0192293
1957 5 0.245735
1957 6 -0.0828055
1957 7 -0.0737972
1957 8 0.0583497
1957 9 -0.132747
1957 10 -0.117982
1957 11 0.103655
1957 12 0.0253565
1958 1 0.259235
1958 2 0.263951
1958 3 0.0644095
1958 4 0.0624869
1958 5 -0.0213091
1958 6 -0.212924
1958 7 -0.0158223
1958 8 -0.0370308
1958 9 -0.135128
1958 10 -0.0539064
1958 11 -0.0250633
1958 12 0.126178
1959 1 0.351208
1959 2 0.262609
1959 3 0.0861556
1959 4 0.0328232
1959 5 -0.0437856
1959 6 -0.220021
1959 7 -0.270404
1959 8 -0.341615
1959 9 -0.271774
1959 10 -0.0442076
1959 11 0.00670621
1959 12 0.108533
1960 1 0.00301127
1960 2 0.0143567
1960 3 0.0352415
1960 4 0.00710415
1960 5 0.0320965
1960 6 -0.121125
1960 7 -0.163045
1960 8 -0.233822
1960 9 -0.0262733
1960 10 -0.227838
1960 11 -0.27928
1960 12 -0.0686463
1961 1 -0.11474
1961 2 -0.0790509
1961 3 -0.0236662
1961 4 0.0132997
1961 5 -0.164203
1961 6 -0.027956
1961 7 0.221391
1961 8 0.218819
1961 9 0.211772
1961 10 0.269053
1961 11 0.129617
1961 12 0.232223
1962 1 0.112988
1962 2 0.0116627
1962 3 0.182145
1962 4 0.0699519
1962 5 -0.124473
1962 6 -0.233227
1962 7 -0.154214
1962 8 0.057263
1962 9 0.0524825
1962 10 0.0285548
1962 11 0.0668899
1962 12 0.158204
1963 1 0.0618148
1963 2 0.0103551
1963 3 -0.0700984
1963 4 -0.0761542
1963 5 -0.194757
1963 6 -0.145497
1963 7 0.0903585
1963 8 0.0930068
1963 9 0.00777118
1963 10 0.304554
1963 11 0.368242
1963 12 0.237605
1964 1 0.328696
1964 2 0.200664
1964 3 0.203812
1964 4 0.173398
1964 5 -0.239465
1964 6 -0.109441
1964 7 -0.450177
1964 8 -0.517264
1964 9 -0.481283
1964 10 -0.409477
1964 11 -0.406142
1964 12 -0.337443
1965 1 -0.374067
1965 2 -0.256679
1965 3 -0.378659
1965 4 -0.264176
1965 5 -0.437211
1965 6 -0.414967
1965 7 -0.337102
1965 8 -0.158664
1965 9 0.0200868
1965 10 0.0451751
1965 11 -0.0032353
1965 12 0.00630143
1966 1 0.0227138
1966 2 0.346198
1966 3 0.0806118
1966 4 -0.0890376
1966 5 -0.207321
1966 6 -0.0113683
1966 7 0.0597491
1966 8 0.00688736
1966 9 0.199135
1966 10 0.03227
1966 11 -0.00382264
1966 12 -0.12816
1967 1 -0.442159
1967 2 -0.426658
1967 3 -0.0676052
1967 4 -0.110928
1967 5 0.0431998
1967 6 0.0147489
1967 7 -0.233565
1967 8 -0.140425
1967 9 -0.0800197
1967 10 0.202612
1967 11 0.150355
1967 12 0.0485441
1968 1 -0.0771655
1968 2 0.0296122
1968 3 -0.0475686
1968 4 0.0437339
1968 5 0.0486417
1968 6 0.29267
1968 7 -0.044742
1968 8 0.0617224
1968 9 0.0630507
1968 10 0.0601076
1968 11 0.0464682
1968 12 0.210975
1969 1 0.408257
1969 2 0.401613
1969 3 0.577229
1969 4 0.49839
1969 5 0.399732
1969 6 -0.0607639
1969 7 0.051711
1969 8 0.0215902
1969 9 0.193732
1969 10 0.396446
1969 11 0.352043
1969 12 0.40445
1970 1 0.655382
1970 2 0.439323
1970 3 0.460747
1970 4 0.387965
1970 5 0.334181
1970 6 0.0486408
1970 7 0.0161354
1970 8 0.0209594
1970 9 0.0555954
1970 10 -0.10246
1970 11 -0.0300852
1970 12 -0.177358
1971 1 -0.189602
1971 2 -0.513965
1971 3 -0.436882
1971 4 -0.0237773
1971 5 -0.104159
1971 6 -0.143351
1971 7 -0.142173
1971 8 -0.135895
1971 9 -0.215112
1971 10 -0.203134
1971 11 0.026531
1971 12 0.0313183
1972 1 0.131893
1972 2 -0.0547627
1972 3 -0.194605
1972 4 0.124596
1972 5 0.29719
1972 6 0.665507
1972 7 0.665109
1972 8 0.629221
1972 9 0.703912
1972 10 0.764913
1972 11 0.82143
1972 12 0.755988
1973 1 0.741095
1973 2 0.423025
1973 3 0.429377
1973 4 0.547871
1973 5 0.573118
1973 6 0.327691
1973 7 0.387129
1973 8 0.243466
1973 9 0.272675
1973 10 0.254371
1973 11 0.121502
1973 12 -0.0760351
1974 1 -0.160804
1974 2 -0.234364
1974 3 -0.15539
1974 4 -0.188238
1974 5 -0.18428
1974 6 0.0866935
1974 7 0.203716
1974 8 0.0233101
1974 9 -0.0143013
1974 10 -0.178545
1974 11 -0.313841
1974 12 -0.0461666
1975 1 -0.178908
1975 2 -0.213455
1975 3 -0.447595
1975 4 -0.0891552
1975 5 0.125403
1975 6 0.201226
1975 7 0.424419
1975 8 0.124682
1975 9 0.00325821
1975 10 -0.477583
1975 11 -0.312122
1975 12 -0.394755
1976 1 -0.314859
1976 2 -0.132167
1976 3 -0.227121
1976 4 -0.131261
1976 5 -0.0705594
1976 6 0.207336
1976 7 0.242308
1976 8 0.0637349
1976 9 -0.0197079
1976 10 -0.027968
1976 11 -0.018915
1976 12 0.0373349
1977 1 0.105114
1977 2 -0.208307
1977 3 -0.0229436
1977 4 0.181371
1977 5 0.121663
1977 6 0.361744
1977 7 0.153869
1977 8 0.101789
1977 9 0.127556
1977 10 0.407486
1977 11 0.446227
1977 12 0.458998
1978 1 0.248524
1978 2 0.193744
1978 3 0.155581
1978 4 0.0144223
1978 5 -0.316399
1978 6 -0.215836
1978 7 0.071903
1978 8 0.0858415
1978 9 0.00496837
1978 10 -0.0347365
1978 11 0.0327977
1978 12 0.0221341
1979 1 0.523398
1979 2 0.416604
1979 3 0.3306
1979 4 0.17165
1979 5 0.208177
1979 6 0.368798
1979 7 0.0580863
1979 8 -0.0746946
1979 9 0.115443
1979 10 0.139342
1979 11 0.12829
1979 12 0.219628
1980 1 0.138268
1980 2 0.0951779
1980 3 -0.0649178
1980 4 0.154006
1980 5 0.430642
1980 6 -0.0187979
1980 7 0.121275
1980 8 0.127975
1980 9 0.20965
1980 10 0.296743
1980 11 0.305781
1980 12 0.233785
1981 1 0.142474
1981 2 0.19479
1981 3 0.406049
1981 4 0.174357
1981 5 0.156262
1981 6 -0.00191676
1981 7 0.0858667
1981 8 0.0157402
1981 9 0.0128715
1981 10 0.160778
1981 11 0.0297535
1981 12 0.236665
1982 1 0.173918
1982 2 0.115509
1982 3 0.169807
1982 4 0.227326
1982 5 0.352715
1982 6 0.263051
1982 7 0.346274
1982 8 0.33765
1982 9 0.50682
1982 10 0.653915
1982 11 0.535487
1982 12 0.570609
1983 1 0.553576
1983 2 0.613263
1983 3 0.570888
1983 4 0.717417
1983 5 0.779033
1983 6 1.12313
1983 7 1.13515
1983 8 0.906404
1983 9 0.6366
1983 10 0.396219
1983 11 0.513967
1983 12 0.392108
1984 1 0.0532181
1984 2 -0.224068
1984 3 -0.0420783
1984 4 0.106083
1984 5 -0.160605
1984 6 -0.158257
1984 7 0.00559406
1984 8 -0.0176768
1984 9 0.0615986
1984 10 -0.00996801
1984 11 0.0749393
1984 12 0.057876
1985 1 0.03244
1985 2 -0.116711
1985 3 -0.120577
1985 4 0.165287
1985 5 0.022771
1985 6 -0.317499
1985 7 0.0696493
1985 8 0.00939061
1985 9 0.18121
1985 10 0.101255
1985 11 0.237159
1985 12 0.24727
1986 1 0.0944147
1986 2 0.189627
1986 3 0.0579399
1986 4 0.0945273
1986 5 0.352263
1986 6 0.309746
1986 7 0.21547
1986 8 0.190231
1986 9 0.361995
1986 10 0.433919
1986 11 0.510123
1986 12 0.469032
1987 1 0.479054
1987 2 0.485197
1987 3 0.566091
1987 4 0.544057
1987 5 0.932699
1987 6 0.692914
1987 7 0.80675
1987 8 0.913061
1987 9 0.962973
1987 10 0.860374
1987 11 0.777605
1987 12 0.74633
1988 1 0.948494
1988 2 0.830406
1988 3 0.731212
1988 4 0.592675
1988 5 0.31919
1988 6 0.385262
1988 7 0.557568
1988 8 0.610975
1988 9 0.514806
1988 10 0.436253
1988 11 0.383686
1988 12 0.490694
1989 1 0.118445
1989 2 0.135446
1989 3 -0.0370751
1989 4 -0.0985375
1989 5 0.00580291
1989 6 -0.0758196
1989 7 0.26343
1989 8 0.312398
1989 9 0.484931
1989 10 0.450971
1989 11 0.513785
1989 12 0.448059
1990 1 0.480885
1990 2 0.723376
1990 3 0.537343
1990 4 0.389755
1990 5 0.360357
1990 6 0.113301
1990 7 0.478306
1990 8 0.463642
1990 9 0.427907
1990 10 0.469662
1990 11 0.515929
1990 12 0.720961
1991 1 0.660195
1991 2 0.469906
1991 3 0.51288
1991 4 0.733387
1991 5 0.80937
1991 6 0.727211
1991 7 0.613111
1991 8 0.319662
1991 9 0.507334
1991 10 0.46971
1991 11 0.412563
1991 12 0.483441
1992 1 0.414872
1992 2 0.343689
1992 3 0.205537
1992 4 0.25177
1992 5 0.423429
1992 6 0.408925
1992 7 0.600077
1992 8 0.26603
1992 9 0.232977
1992 10 0.191712
1992 11 0.286266
1992 12 0.318924
1993 1 0.393705
1993 2 0.396881
1993 3 0.162942
1993 4 0.244474
1993 5 0.517631
1993 6 0.46286
1993 7 0.405497
1993 8 0.354142
1993 9 0.386451
1993 10 0.281399
1993 11 0.459353
1993 12 0.329667
1994 1 0.460855
1994 2 0.232592
1994 3 0.221743
1994 4 0.363274
1994 5 0.527347
1994 6 0.270974
1994 7 0.368083
1994 8 0.39298
1994 9 0.237254
1994 10 0.638645
1994 11 0.497067
1994 12 0.542974
1995 1 0.449504
1995 2 0.548025
1995 3 0.345815
1995 4 0.389938
1995 5 0.518709
1995 6 0.554913
1995 7 0.649704
1995 8 0.540164
1995 9 0.46398
1995 10 0.48253
1995 11 0.481261
1995 12 0.486405
1996 1 0.519827
1996 2 0.47991
1996 3 0.377255
1996 4 0.257671
1996 5 0.189153
1996 6 0.210201
1996 7 0.217814
1996 8 0.121355
1996 9 0.0923775
1996 10 -0.0713092
1996 11 0.0846721
1996 12 0.163586
1997 1 0.132356
1997 2 0.0466962
1997 3 0.343162
1997 4 0.404028
1997 5 0.377937
1997 6 0.508818
1997 7 0.573879
1997 8 0.701413
1997 9 0.814282
1997 10 0.870679
1997 11 1.04623
1997 12 1.06442
1998 1 1.23171
1998 2 1.32939
1998 3 1.1655
1998 4 1.11614
1998 5 1.13983
1998 6 1.13768
1998 7 0.873823
1998 8 0.777518
1998 9 0.663408
1998 10 0.537916
1998 11 0.384467
1998 12 0.355699
1999 1 0.321744
1999 2 0.273205
1999 3 0.465394
1999 4 0.351945
1999 5 0.166262
1999 6 0.325615
1999 7 0.48973
1999 8 0.430067
1999 9 0.511442
1999 10 0.288149
1999 11 0.393662
1999 12 0.318751
2000 1 0.266532
2000 2 0.157985
2000 3 0.283853
2000 4 0.334573
2000 5 0.346138
2000 6 0.137309
2000 7 0.30894
2000 8 0.499317
2000 9 0.534062
2000 10 0.523092
2000 11 0.447008
2000 12 0.302624
2001 1 0.0840838
2001 2 0.203791
2001 3 0.433277
2001 4 0.478447
2001 5 0.628856
2001 6 0.684231
2001 7 0.496286
2001 8 0.415812
2001 9 0.529373
2001 10 0.385336
2001 11 0.570745
2001 12 0.719169
2002 1 0.687339
2002 2 0.391376
2002 3 0.673105
2002 4 0.504588
2002 5 0.324126
2002 6 0.439607
2002 7 0.505193
2002 8 0.481572
2002 9 0.924207
2002 10 0.880102
2002 11 0.64847
2002 12 0.754012
2003 1 0.536942
2003 2 0.764883
2003 3 0.680143
2003 4 0.648767
2003 5 0.543209
2003 6 0.760997
2003 7 0.699409
2003 8 0.636111
2003 9 0.686228
2003 10 0.596338
2003 11 0.525458
2003 12 0.58158
2004 1 0.695109
2004 2 0.535349
2004 3 0.429556
2004 4 0.471149
2004 5 0.0923628
2004 6 0.113768
2004 7 0.203386
2004 8 0.477176
2004 9 0.547022
2004 10 0.567443
2004 11 0.586635
2004 12 0.640265
2005 1 0.563791
2005 2 0.475514
2005 3 0.57226
2005 4 0.675676
2005 5 0.680922
2005 6 0.59546
2005 7 0.533671
2005 8 0.520003
2005 9 0.528364
2005 10 0.491659
2005 11 0.382051
2005 12 0.200904
2006 1 0.163398
2006 2 0.265701
2006 3 0.290165
2006 4 0.403121
2006 5 0.490685
2006 6 0.481749
2006 7 0.542004
2006 8 0.6767
2006 9 0.637323
2006 10 0.699798
2006 11 0.889431
2006 12 0.857329
2007 1 0.821158
2007 2 0.799678
2007 3 0.600051
2007 4 0.603156
2007 5 0.777951
2007 6 0.815822
2007 7 0.591947
2007 8 0.736665
2007 9 0.672594
2007 10 0.519734
2007 11 0.411288
2007 12 0.352557
2008 1 0.518046
2008 2 0.159322
2008 3 0.050521
2008 4 0.0612989
2008 5 0.267279
2008 6 0.394809
2008 7 0.443047
2008 8 0.550968
2008 9 0.775486
2008 10 0.696658
2008 11 0.519293
2008 12 0.44872
2009 1 0.477581
2009 2 0.480378
2009 3 0.566181
2009 4 0.504175
2009 5 0.670811
2009 6 0.829021
2009 7 0.79349
2009 8 0.871894
2009 9 0.754218
2009 10 0.953598
2009 11 0.764225
2009 12 0.975258
2010 1 0.95448
2010 2 1.02064
2010 3 1.12992
2010 4 1.15229
2010 5 0.885492
2010 6 0.783549
2010 7 0.857703
2010 8 0.785107
2010 9 0.503414
2010 10 0.582103
2010 11 0.380743
2010 12 0.352506
2011 1 0.327899
2011 2 0.373987
2011 3 0.409149
2011 4 0.245053
2011 5 0.327687
2011 6 0.520206
2011 7 0.559597
2011 8 0.736112
2011 9 0.645579
2011 10 0.829773
2011 11 0.820066
2011 12 0.579286
2012 1 0.457806
2012 2 0.292817
2012 3 0.278421
2012 4 0.312922
2012 5 0.51924
2012 6 0.538032
2012 7 0.734179
2012 8 0.908216
2012 9 1.00757
2012 10 0.886633
2012 11 0.657199
2012 12 0.819904
2013 1 0.625055
2013 2 0.755392
2013 3 0.657616
2013 4 0.4165
2013 5 0.314136
2013 6 0.334709
2013 7 0.485834
2013 8 0.496152
2013 9 0.448088
2013 10 0.647824
2013 11 0.860041
2013 12 0.596131
2014 1 0.493398
2014 2 0.43368
2014 3 0.432729
2014 4 0.578988
2014 5 0.764053
2014 6 0.736243
2014 7 0.638961
2014 8 0.539373
2014 9 0.626037
2014 10 0.812341
2014 11 0.90547
2014 12 0.782177
2015 1 0.487445
