# siod [Celsius] DMI (WIO-SEIO) SST anomalies
# from <a href=http://www.jamstec.go.jp/frcgc/research/d1/iod/e/iod/about_iod.html>JAMSTEC</a>
1870 1 -0.257865
1870 2 -0.15478
1870 3 0.340406
1870 4 0.157317
1870 5 -0.254991
1870 6 -0.320709
1870 7 -0.322028
1870 8 -0.199519
1870 9 -0.323595
1870 10 -0.236819
1870 11 -0.125882
1870 12 -0.138503
1871 1 -0.0899836
1871 2 0.0165662
1871 3 -0.0375589
1871 4 0.0613052
1871 5 0.108688
1871 6 0.0541702
1871 7 -0.114851
1871 8 -0.0582398
1871 9 0.0727372
1871 10 -0.13076
1871 11 0.0656273
1871 12 0.00547267
1872 1 0.150009
1872 2 0.218398
1872 3 0.0959925
1872 4 0.123187
1872 5 0.0787923
1872 6 0.127753
1872 7 0.0324508
1872 8 -0.00834042
1872 9 0.0651724
1872 10 0.122205
1872 11 0.167728
1872 12 0.112545
1873 1 0.24187
1873 2 -0.132195
1873 3 -0.222138
1873 4 -0.063326
1873 5 -0.187605
1873 6 -0.361772
1873 7 -0.365231
1873 8 -0.486713
1873 9 -0.287629
1873 10 -0.095304
1873 11 -0.0789633
1873 12 -0.0723608
1874 1 -0.194839
1874 2 -0.191616
1874 3 -0.40808
1874 4 -0.545023
1874 5 -0.207549
1874 6 -0.24272
1874 7 -0.0188737
1874 8 -0.0350374
1874 9 -0.403349
1874 10 -0.747066
1874 11 -0.325337
1874 12 -0.550176
1875 1 -0.252109
1875 2 0.00358525
1875 3 0.0821179
1875 4 0.24583
1875 5 0.0936809
1875 6 0.122928
1875 7 -0.187391
1875 8 0.066734
1875 9 0.0125678
1875 10 -0.257233
1875 11 -0.613206
1875 12 -0.22402
1876 1 -0.175931
1876 2 -0.320385
1876 3 -0.236444
1876 4 -0.267145
1876 5 -0.237874
1876 6 -0.207792
1876 7 -0.0731556
1876 8 0.0526094
1876 9 0.303311
1876 10 0.173943
1876 11 -0.0782953
1876 12 -0.0617777
1877 1 -0.126899
1877 2 0.541735
1877 3 0.296779
1877 4 -0.086568
1877 5 -0.457135
1877 6 -0.278799
1877 7 -0.266125
1877 8 0.524468
1877 9 0.903725
1877 10 0.799093
1877 11 0.820706
1877 12 0.379706
1878 1 -0.0757225
1878 2 -0.216721
1878 3 0.14765
1878 4 0.119289
1878 5 -0.132622
1878 6 -0.0938627
1878 7 -0.0562855
1878 8 0.0351414
1878 9 0.180207
1878 10 -0.281151
1878 11 -0.179325
1878 12 -0.2307
1879 1 -0.23115
1879 2 -0.222838
1879 3 -0.27581
1879 4 -0.330827
1879 5 -0.278824
1879 6 -0.0617711
1879 7 -0.0377606
1879 8 -0.320216
1879 9 -0.195771
1879 10 -0.383828
1879 11 -0.476869
1879 12 -0.36628
1880 1 -0.264282
1880 2 -0.0685548
1880 3 -0.151212
1880 4 0.208017
1880 5 0.0896652
1880 6 -0.0832631
1880 7 -0.202118
1880 8 -0.266657
1880 9 -0.160124
1880 10 -0.352847
1880 11 -0.268522
1880 12 -0.107401
1881 1 0.0289155
1881 2 -0.314739
1881 3 -0.177518
1881 4 -0.249943
1881 5 0.0886524
1881 6 0.386734
1881 7 0.192648
1881 8 0.234253
1881 9 0.0886916
1881 10 -0.0583611
1881 11 -0.0854116
1881 12 -0.256327
1882 1 -0.365481
1882 2 -0.47763
1882 3 0.0217475
1882 4 0.062349
1882 5 0.152768
1882 6 0.142228
1882 7 0.0912401
1882 8 -0.183032
1882 9 -0.247153
1882 10 -0.116891
1882 11 -0.090831
1882 12 -0.185363
1883 1 -0.513947
1883 2 -0.0200651
1883 3 -0.13143
1883 4 0.0887368
1883 5 0.0296648
1883 6 0.130932
1883 7 0.0422542
1883 8 0.186058
1883 9 -0.110607
1883 10 0.034233
1883 11 -0.0734136
1883 12 -0.0880315
1884 1 -0.213832
1884 2 0.00893977
1884 3 -0.145781
1884 4 0.286157
1884 5 0.470078
1884 6 0.0173687
1884 7 0.314741
1884 8 0.0042269
1884 9 -0.0782325
1884 10 0.0330689
1884 11 -0.193567
1884 12 -0.179927
1885 1 -0.280614
1885 2 0.108188
1885 3 -0.00131214
1885 4 0.00209086
1885 5 0.0194733
1885 6 0.0901612
1885 7 0.10457
1885 8 0.089103
1885 9 0.0493352
1885 10 0.162957
1885 11 -0.196026
1885 12 -0.160736
1886 1 -0.422998
1886 2 -0.574214
1886 3 -0.287684
1886 4 -0.068388
1886 5 -0.216202
1886 6 -0.135145
1886 7 -0.402102
1886 8 -0.597085
1886 9 -0.580894
1886 10 -0.492494
1886 11 -0.402312
1886 12 -0.31881
1887 1 -0.271024
1887 2 -0.193153
1887 3 -0.101696
1887 4 -0.04375
1887 5 -0.0515314
1887 6 0.0539877
1887 7 0.0947975
1887 8 0.300795
1887 9 0.109367
1887 10 -0.116164
1887 11 -0.00472671
1887 12 -0.0583034
1888 1 -0.149934
1888 2 -0.416977
1888 3 -0.553629
1888 4 -0.640436
1888 5 -0.269355
1888 6 -0.206034
1888 7 -0.130516
1888 8 -0.0538955
1888 9 -0.125232
1888 10 -0.0430388
1888 11 -0.280613
1888 12 -0.218476
1889 1 -0.482615
1889 2 -0.062518
1889 3 -0.486637
1889 4 -0.610564
1889 5 -0.432065
1889 6 -0.338577
1889 7 -0.189526
1889 8 -0.340553
1889 9 -0.514582
1889 10 -0.736814
1889 11 -0.579412
1889 12 -0.163481
1890 1 0.0956718
1890 2 0.130257
1890 3 -0.0315776
1890 4 -0.00401407
1890 5 -0.108841
1890 6 -0.542257
1890 7 -0.58473
1890 8 -0.374765
1890 9 -0.669935
1890 10 -0.759785
1890 11 -0.616005
1890 12 -0.334192
1891 1 -0.121882
1891 2 -0.390529
1891 3 -0.442901
1891 4 -0.0852914
1891 5 -0.102148
1891 6 0.116722
1891 7 0.0222486
1891 8 0.304632
1891 9 0.323054
1891 10 0.27671
1891 11 0.145946
1891 12 0.292804
1892 1 -0.0524459
1892 2 -0.134329
1892 3 -0.0280147
1892 4 -0.106336
1892 5 -0.0500053
1892 6 -0.266572
1892 7 -0.323058
1892 8 -0.723115
1892 9 -0.770785
1892 10 -0.418766
1892 11 -0.165056
1892 12 -0.25911
1893 1 -0.248905
1893 2 -0.268839
1893 3 -0.234899
1893 4 -0.36856
1893 5 -0.283162
1893 6 -0.297004
1893 7 -0.224499
1893 8 -0.433545
1893 9 -0.283193
1893 10 -0.38906
1893 11 -0.224111
1893 12 -0.126793
1894 1 0.119047
1894 2 -0.0677483
1894 3 -0.0892545
1894 4 -0.104911
1894 5 0.0182482
1894 6 0.127164
1894 7 0.147189
1894 8 0.437401
1894 9 0.0692626
1894 10 0.0585091
1894 11 -0.00268933
1894 12 -0.0166446
1895 1 0.00164044
1895 2 0.129885
1895 3 0.0586073
1895 4 0.0283284
1895 5 0.0774277
1895 6 0.101548
1895 7 -0.0852586
1895 8 0.236356
1895 9 0.0909365
1895 10 0.228714
1895 11 -0.214803
1895 12 -0.133914
1896 1 -0.18838
1896 2 -0.386319
1896 3 -0.383973
1896 4 -0.075429
1896 5 0.0201845
1896 6 0.0687935
1896 7 0.221553
1896 8 0.173193
1896 9 0.377577
1896 10 0.677905
1896 11 0.305231
1896 12 0.319676
1897 1 -0.00640525
1897 2 -0.128882
1897 3 -0.112023
1897 4 0.0314745
1897 5 0.0500637
1897 6 -0.0294509
1897 7 0.0740087
1897 8 0.0823357
1897 9 -0.162145
1897 10 -0.721294
1897 11 -0.616348
1897 12 -0.503908
1898 1 -0.35468
1898 2 -0.252097
1898 3 -0.156548
1898 4 -0.162311
1898 5 -0.253648
1898 6 -0.205564
1898 7 -0.479757
1898 8 -0.495735
1898 9 -0.487024
1898 10 -0.518613
1898 11 -0.373719
1898 12 -0.232992
1899 1 -0.219421
1899 2 -0.0979343
1899 3 0.0035702
1899 4 0.0772444
1899 5 0.139167
1899 6 -0.156146
1899 7 -0.240713
1899 8 -0.127166
1899 9 -0.519768
1899 10 -0.0330315
1899 11 -0.158349
1899 12 -0.506772
1900 1 -0.279416
1900 2 -0.109395
1900 3 -0.291723
1900 4 -0.111772
1900 5 0.0696564
1900 6 0.176168
1900 7 0.00657781
1900 8 -0.171222
1900 9 -0.138423
1900 10 -0.0363386
1900 11 0.0801711
1900 12 -0.399976
1901 1 -0.350202
1901 2 -0.67535
1901 3 -0.549242
1901 4 -0.308079
1901 5 -0.32193
1901 6 -0.391962
1901 7 -0.38426
1901 8 -0.513961
1901 9 -0.625271
1901 10 -0.376383
1901 11 -0.45324
1901 12 -0.435217
1902 1 -0.268586
1902 2 -0.255994
1902 3 -0.0624926
1902 4 0.263633
1902 5 0.179107
1902 6 0.126726
1902 7 0.248889
1902 8 0.641187
1902 9 0.59737
1902 10 0.150508
1902 11 0.22545
1902 12 -0.0369335
1903 1 -0.290331
1903 2 -0.377602
1903 3 -0.197458
1903 4 -0.414811
1903 5 -0.0330383
1903 6 -0.113453
1903 7 -0.284241
1903 8 -0.13079
1903 9 -0.285974
1903 10 -0.636452
1903 11 -0.343538
1903 12 -0.197483
1904 1 -0.0267564
1904 2 -0.0381833
1904 3 -0.0423182
1904 4 0.183662
1904 5 -0.0259752
1904 6 -0.0612625
1904 7 0.0462306
1904 8 -0.0972488
1904 9 -0.278585
1904 10 0.154962
1904 11 -0.0656616
1904 12 -0.40132
1905 1 -0.402759
1905 2 -0.181713
1905 3 -0.300236
1905 4 -0.254911
1905 5 0.0321738
1905 6 -0.227757
1905 7 0.056021
1905 8 0.0898788
1905 9 0.417223
1905 10 -0.0797468
1905 11 -0.164077
1905 12 -0.326196
1906 1 -0.410073
1906 2 -0.295885
1906 3 -0.337766
1906 4 -0.572841
1906 5 -0.187311
1906 6 -0.162494
1906 7 -0.659502
1906 8 -0.759425
1906 9 -1.21871
1906 10 -0.607948
1906 11 -0.510048
1906 12 -0.107172
1907 1 -0.174925
1907 2 0.00764772
1907 3 0.126207
1907 4 -0.1561
1907 5 -0.0729354
1907 6 -0.123177
1907 7 -0.275003
1907 8 -0.620957
1907 9 -0.126329
1907 10 -0.0146045
1907 11 -0.104823
1907 12 0.0143368
1908 1 -0.202235
1908 2 -0.156528
1908 3 -0.0835922
1908 4 -0.574315
1908 5 -0.00239287
1908 6 0.25958
1908 7 -0.268794
1908 8 -0.146428
1908 9 0.0738224
1908 10 -0.075346
1908 11 -0.217144
1908 12 -0.342065
1909 1 -0.532336
1909 2 -0.299466
1909 3 -0.372124
1909 4 -0.229339
1909 5 -0.564971
1909 6 -0.689399
1909 7 -0.697756
1909 8 -0.672397
1909 9 -0.517116
1909 10 -0.32952
1909 11 -0.132238
1909 12 -0.0111759
1910 1 -0.359496
1910 2 0.0180677
1910 3 -0.319343
1910 4 -0.176275
1910 5 -0.296278
1910 6 -0.235803
1910 7 -0.704219
1910 8 -0.498464
1910 9 -0.61772
1910 10 -0.644738
1910 11 -0.393507
1910 12 -0.0524809
1911 1 0.0085794
1911 2 -0.301693
1911 3 -0.557711
1911 4 -0.529812
1911 5 -0.202359
1911 6 -0.590935
1911 7 -0.442274
1911 8 -0.2764
1911 9 -0.142943
1911 10 -0.266742
1911 11 0.0432919
1911 12 0.081457
1912 1 -0.0733821
1912 2 -0.111269
1912 3 0.110642
1912 4 -0.052511
1912 5 0.162471
1912 6 0.218364
1912 7 -0.343258
1912 8 -0.452984
1912 9 -0.326239
1912 10 -0.20628
1912 11 -0.451019
1912 12 -0.259639
1913 1 -0.0476049
1913 2 0.0545645
1913 3 0.0302017
1913 4 -0.0613776
1913 5 0.0396121
1913 6 0.318661
1913 7 -0.0205088
1913 8 -0.171435
1913 9 -0.0714349
1913 10 0.257065
1913 11 0.0330812
1913 12 -0.0181306
1914 1 -0.0971741
1914 2 0.0137006
1914 3 -0.179951
1914 4 -0.0298709
1914 5 0.123949
1914 6 0.762342
1914 7 0.405778
1914 8 0.275698
1914 9 0.329803
1914 10 0.329661
1914 11 -0.28445
1914 12 -0.474774
1915 1 -0.439329
1915 2 -0.500907
1915 3 -0.228177
1915 4 -0.0779326
1915 5 -0.26334
1915 6 0.0248494
1915 7 -0.378939
1915 8 -0.123662
1915 9 0.0219098
1915 10 0.0787286
1915 11 0.0527615
1915 12 0.212037
1916 1 0.0598091
1916 2 0.159224
1916 3 0.235852
1916 4 0.341929
1916 5 0.0740257
1916 6 -0.177195
1916 7 -0.358404
1916 8 -0.529766
1916 9 -0.853407
1916 10 -0.561808
1916 11 -0.428254
1916 12 -0.0434693
1917 1 0.161482
1917 2 0.136757
1917 3 0.0875562
1917 4 -0.0269252
1917 5 -0.169795
1917 6 -0.117488
1917 7 -0.264371
1917 8 -0.114761
1917 9 -0.462756
1917 10 -0.662098
1917 11 -0.604636
1917 12 -0.42874
1918 1 0.201137
1918 2 0.325641
1918 3 0.279091
1918 4 -0.0803356
1918 5 -0.189039
1918 6 0.0225613
1918 7 0.193268
1918 8 0.234214
1918 9 0.389869
1918 10 0.540413
1918 11 0.474548
1918 12 0.290187
1919 1 0.156724
1919 2 0.064684
1919 3 -0.104608
1919 4 -0.205664
1919 5 -0.168316
1919 6 -0.138534
1919 7 0.139951
1919 8 -0.0055663
1919 9 0.166025
1919 10 0.0454481
1919 11 0.0154023
1919 12 -0.168877
1920 1 0.198956
1920 2 0.236795
1920 3 0.307448
1920 4 0.2625
1920 5 0.494021
1920 6 0.15645
1920 7 -0.261925
1920 8 -0.279943
1920 9 -0.209969
1920 10 -0.0564125
1920 11 -0.298087
1920 12 -0.153354
1921 1 -0.105773
1921 2 0.0358623
1921 3 0.0944752
1921 4 0.0147789
1921 5 0.182168
1921 6 0.0019342
1921 7 -0.114871
1921 8 -0.62322
1921 9 -0.146498
1921 10 -0.0776562
1921 11 -0.198437
1921 12 -0.14969
1922 1 -0.189972
1922 2 -0.0145524
1922 3 0.247483
1922 4 -0.183701
1922 5 -0.146079
1922 6 0.138208
1922 7 -0.224833
1922 8 -0.102881
1922 9 -0.119012
1922 10 -0.138909
1922 11 -0.263583
1922 12 -0.0690578
1923 1 -0.0167178
1923 2 -0.219517
1923 3 -0.110077
1923 4 -0.0383541
1923 5 -0.0845473
1923 6 0.11666
1923 7 -0.0833821
1923 8 0.299991
1923 9 0.631248
1923 10 0.651366
1923 11 0.712615
1923 12 0.0252667
1924 1 -0.251263
1924 2 -0.408731
1924 3 -0.253881
1924 4 -0.0572653
1924 5 -0.178028
1924 6 -0.21547
1924 7 -0.0752212
1924 8 -0.118295
1924 9 -0.256796
1924 10 0.19016
1924 11 -0.119099
1924 12 -0.129601
1925 1 -0.127392
1925 2 0.156729
1925 3 0.163989
1925 4 0.682645
1925 5 0.181507
1925 6 0.299691
1925 7 0.13942
1925 8 0.267985
1925 9 0.76556
1925 10 0.481678
1925 11 0.383145
1925 12 0.0818741
1926 1 0.181994
1926 2 -0.174326
1926 3 0.129399
1926 4 -0.0461395
1926 5 0.145035
1926 6 0.357175
1926 7 0.0821746
1926 8 0.293422
1926 9 -0.00727575
1926 10 0.268329
1926 11 -0.216102
1926 12 -0.182545
1927 1 -0.0140026
1927 2 0.224866
1927 3 -0.0266657
1927 4 -0.193314
1927 5 -0.0225744
1927 6 0.0540048
1927 7 -0.253316
1927 8 -0.299191
1927 9 -0.261377
1927 10 -0.210357
1927 11 -0.00588745
1927 12 -0.140648
1928 1 -0.184071
1928 2 -0.173493
1928 3 -0.110916
1928 4 -0.103065
1928 5 -0.0456742
1928 6 -0.249653
1928 7 -0.323475
1928 8 -0.571064
1928 9 -0.478119
1928 10 -0.327551
1928 11 0.0790158
1928 12 -0.132462
1929 1 -0.0915311
1929 2 -0.168337
1929 3 -0.0642309
1929 4 -0.0135287
1929 5 -0.131391
1929 6 -0.0301929
1929 7 -0.0767238
1929 8 -0.179153
1929 9 0.0841094
1929 10 0.0325532
1929 11 -0.00378066
1929 12 0.205907
1930 1 -0.235698
1930 2 -0.328398
1930 3 -0.143651
1930 4 -0.0444482
1930 5 -0.219465
1930 6 0.0689724
1930 7 -0.0900795
1930 8 -0.0283429
1930 9 -0.408009
1930 10 -0.0319777
1930 11 0.38362
1930 12 0.11949
1931 1 0.132164
1931 2 -0.143447
1931 3 -0.37893
1931 4 -0.316577
1931 5 -0.0276192
1931 6 -0.065867
1931 7 -0.0871935
1931 8 -0.19159
1931 9 -0.606444
1931 10 -0.200601
1931 11 0.0907716
1931 12 -0.57027
1932 1 -0.236828
1932 2 -0.387216
1932 3 -0.251652
1932 4 0.082532
1932 5 -0.141363
1932 6 -0.16504
1932 7 0.0781699
1932 8 -0.17558
1932 9 -0.0128009
1932 10 -0.33306
1932 11 -0.0368795
1932 12 0.200153
1933 1 -0.00391436
1933 2 0.0974865
1933 3 0.206724
1933 4 0.380732
1933 5 -0.11711
1933 6 -0.0889735
1933 7 -0.138927
1933 8 -0.307861
1933 9 -1.15177
1933 10 -0.589045
1933 11 -0.324241
1933 12 -0.230924
1934 1 -0.412464
1934 2 -0.071031
1934 3 -0.000116885
1934 4 0.0725344
1934 5 0.023407
1934 6 0.194554
1934 7 0.00401357
1934 8 0.293618
1934 9 -0.100389
1934 10 0.0678033
1934 11 0.125471
1934 12 0.0733516
1935 1 0.185359
1935 2 0.141712
1935 3 0.28512
1935 4 -0.0224697
1935 5 0.283772
1935 6 0.298446
1935 7 0.362455
1935 8 0.280851
1935 9 0.140073
1935 10 0.0768324
1935 11 0.38054
1935 12 0.244405
1936 1 0.259152
1936 2 -0.203098
1936 3 -0.0477253
1936 4 0.134595
1936 5 0.032582
1936 6 0.273711
1936 7 0.256339
1936 8 -0.126289
1936 9 -0.0488131
1936 10 -0.296818
1936 11 0.216241
1936 12 -0.0902559
1937 1 0.0729815
1937 2 -0.0485202
1937 3 -0.0990393
1937 4 -0.211774
1937 5 0.266608
1937 6 -0.0903548
1937 7 -0.232122
1937 8 0.0486449
1937 9 0.310999
1937 10 0.0784854
1937 11 0.153368
1937 12 0.0932786
1938 1 0.107965
1938 2 -0.0418821
1938 3 0.169811
1938 4 -0.148108
1938 5 0.241695
1938 6 -0.183306
1938 7 -0.299147
1938 8 0.160312
1938 9 -0.0589326
1938 10 -0.214343
1938 11 -0.428042
1938 12 -0.302627
1939 1 0.0636714
1939 2 0.39108
1939 3 0.186449
1939 4 -0.0645006
1939 5 -0.10813
1939 6 0.0407792
1939 7 -0.0811211
1939 8 -0.147703
1939 9 0.106084
1939 10 0.194321
1939 11 -0.0422736
1939 12 0.130003
1940 1 0.27049
1940 2 -0.033799
1940 3 -0.298273
1940 4 -0.280196
1940 5 -0.232258
1940 6 0.183782
1940 7 -0.0520856
1940 8 0.0555916
1940 9 0.0100872
1940 10 -0.075846
1940 11 -0.0686164
1940 12 -0.0850005
1941 1 -0.179948
1941 2 -0.433639
1941 3 -0.0906787
1941 4 -0.0720494
1941 5 -0.0418943
1941 6 -0.157438
1941 7 -0.108008
1941 8 -0.111889
1941 9 0.0623036
1941 10 0.193779
1941 11 0.539614
1941 12 0.0463323
1942 1 -0.00223827
1942 2 -0.106817
1942 3 -0.0745648
1942 4 -0.205927
1942 5 -0.371837
1942 6 -0.717973
1942 7 -0.373335
1942 8 -0.78118
1942 9 -0.541217
1942 10 -0.192259
1942 11 -0.317528
1942 12 -0.315116
1943 1 -0.290487
1943 2 -0.0531654
1943 3 -0.122779
1943 4 -0.0098134
1943 5 0.0440029
1943 6 0.371217
1943 7 0.417532
1943 8 0.345438
1943 9 -0.247924
1943 10 -0.140442
1943 11 -0.109009
1943 12 -0.151379
1944 1 0.0351444
1944 2 0.426458
1944 3 -0.00699992
1944 4 -0.031986
1944 5 0.508162
1944 6 0.101461
1944 7 0.372007
1944 8 0.355614
1944 9 0.395863
1944 10 -0.203967
1944 11 0.0274565
1944 12 0.405137
1945 1 0.0547822
1945 2 0.278244
1945 3 0.376152
1945 4 -0.112612
1945 5 -0.334642
1945 6 -0.340843
1945 7 -0.201869
1945 8 -0.339909
1945 9 -0.194199
1945 10 -0.122335
1945 11 -0.0504278
1945 12 -0.0958399
1946 1 0.256179
1946 2 0.174576
1946 3 -0.0502268
1946 4 -0.344492
1946 5 0.516374
1946 6 -0.10212
1946 7 0.163195
1946 8 0.467682
1946 9 0.331284
1946 10 0.22141
1946 11 0.254024
1946 12 -0.0108905
1947 1 -0.101431
1947 2 0.22011
1947 3 0.174185
1947 4 0.023301
1947 5 0.33032
1947 6 0.15642
1947 7 -0.30079
1947 8 -0.338711
1947 9 -0.558737
1947 10 -0.415681
1947 11 -0.029679
1947 12 -0.0250467
1948 1 -0.107783
1948 2 0.0326279
1948 3 0.197623
1948 4 0.106313
1948 5 0.144079
1948 6 0.271656
1948 7 0.0596819
1948 8 -0.137089
1948 9 -0.24608
1948 10 0.101653
1948 11 -0.0980052
1948 12 -0.271572
1949 1 0.212218
1949 2 0.360063
1949 3 0.0555337
1949 4 0.371544
1949 5 0.139315
1949 6 0.211416
1949 7 0.305778
1949 8 0.319765
1949 9 0.305282
1949 10 0.265324
1949 11 -0.107681
1949 12 -0.0920727
1950 1 0.14706
1950 2 -0.358622
1950 3 -0.516729
1950 4 -0.26415
1950 5 -0.0803613
1950 6 -0.278357
1950 7 -0.0283078
1950 8 0.0902713
1950 9 -0.229673
1950 10 -0.19427
1950 11 0.0594362
1950 12 0.207382
1951 1 0.450045
1951 2 0.402074
1951 3 0.427332
1951 4 -0.299514
1951 5 0.0846269
1951 6 0.0359082
1951 7 0.102144
1951 8 0.428854
1951 9 0.390112
1951 10 0.218426
1951 11 0.393858
1951 12 0.158579
1952 1 0.119601
1952 2 0.266279
1952 3 0.29166
1952 4 0.277609
1952 5 0.0805101
1952 6 0.235083
1952 7 -0.1054
1952 8 -0.147258
1952 9 -0.199938
1952 10 -0.147975
1952 11 0.115021
1952 12 0.210185
1953 1 0.494375
1953 2 0.467011
1953 3 0.354304
1953 4 0.153834
1953 5 0.539178
1953 6 0.0973661
1953 7 0.137271
1953 8 0.0754962
1953 9 0.157347
1953 10 0.0816074
1953 11 0.139762
1953 12 0.11551
1954 1 -0.154317
1954 2 -0.0849502
1954 3 0.0143348
1954 4 0.19046
1954 5 -0.321465
1954 6 -0.288019
1954 7 -0.526494
1954 8 -0.314365
1954 9 -0.316708
1954 10 -0.437945
1954 11 -0.166131
1954 12 0.180567
1955 1 0.136696
1955 2 0.039964
1955 3 0.192901
1955 4 0.168026
1955 5 -0.458546
1955 6 -0.164183
1955 7 -0.117679
1955 8 -0.11428
1955 9 -0.335215
1955 10 -0.328325
1955 11 0.0149449
1955 12 -0.0583469
1956 1 0.0914909
1956 2 0.168971
1956 3 0.1755
1956 4 -0.0878442
1956 5 -0.336337
1956 6 -0.596966
1956 7 -0.75447
1956 8 -0.453496
1956 9 -0.39289
1956 10 -0.2703
1956 11 -0.228008
1956 12 0.087172
1957 1 -0.246025
1957 2 -0.369895
1957 3 -0.023452
1957 4 -0.0915449
1957 5 -0.0964771
1957 6 -0.243449
1957 7 -0.162709
1957 8 0.0528415
1957 9 0.0184421
1957 10 -0.130358
1957 11 -0.205215
1957 12 -0.0204653
1958 1 -0.214782
1958 2 -0.052925
1958 3 -0.202546
1958 4 -0.13529
1958 5 -0.265779
1958 6 -0.630403
1958 7 -0.739873
1958 8 -0.946383
1958 9 -0.897274
1958 10 -0.56828
1958 11 -0.389409
1958 12 -0.400962
1959 1 0.162056
1959 2 -0.342132
1959 3 -0.346806
1959 4 -0.149545
1959 5 -0.506987
1959 6 -0.525133
1959 7 -0.340011
1959 8 -0.59482
1959 9 -0.435417
1959 10 -0.196171
1959 11 -0.298379
1959 12 -0.119857
1960 1 -0.0415536
1960 2 0.152384
1960 3 -0.251479
1960 4 -0.528154
1960 5 -0.50316
1960 6 -0.459247
1960 7 -0.412406
1960 8 -0.272575
1960 9 -0.178324
1960 10 -0.507866
1960 11 -0.526062
1960 12 -0.394967
1961 1 0.0499943
1961 2 0.114073
1961 3 0.0525413
1961 4 -0.394222
1961 5 -0.208177
1961 6 0.214441
1961 7 0.943677
1961 8 1.0803
1961 9 0.941047
1961 10 0.835223
1961 11 0.589116
1961 12 0.533323
1962 1 0.695753
1962 2 0.727753
1962 3 0.524781
1962 4 0.188907
1962 5 -0.150906
1962 6 -0.240041
1962 7 -0.14158
1962 8 0.0128514
1962 9 0.212505
1962 10 0.0671857
1962 11 0.0722182
1962 12 0.17051
1963 1 0.51795
1963 2 0.58306
1963 3 0.375536
1963 4 0.148405
1963 5 -0.0991568
1963 6 -0.0343021
1963 7 0.528598
1963 8 0.776194
1963 9 0.473043
1963 10 0.813005
1963 11 0.588188
1963 12 0.170087
1964 1 -0.273839
1964 2 -0.502525
1964 3 -0.14025
1964 4 -0.0232405
1964 5 -0.295024
1964 6 -0.126497
1964 7 -0.502108
1964 8 -0.36585
1964 9 -0.574476
1964 10 -0.628782
1964 11 -0.000457466
1964 12 0.0601165
1965 1 -0.14179
1965 2 -0.261595
1965 3 -0.0134499
1965 4 -0.0789142
1965 5 -0.309457
1965 6 -0.264767
1965 7 -0.152601
1965 8 0.0619266
1965 9 0.197451
1965 10 0.400272
1965 11 0.0440181
1965 12 -0.0602762
1966 1 -0.0464265
1966 2 0.0229059
1966 3 -0.173285
1966 4 -0.22819
1966 5 -0.19782
1966 6 0.0979077
1966 7 0.313445
1966 8 0.430716
1966 9 0.496674
1966 10 0.0862367
1966 11 -0.0844955
1966 12 -0.00563912
1967 1 -0.0435573
1967 2 0.120555
1967 3 0.419236
1967 4 -0.0658415
1967 5 0.0511017
1967 6 0.249357
1967 7 0.444038
1967 8 0.41959
1967 9 0.527599
1967 10 0.534882
1967 11 0.28932
1967 12 0.280417
1968 1 0.392243
1968 2 0.514907
1968 3 0.324821
1968 4 0.268591
1968 5 0.0949619
1968 6 0.291286
1968 7 -0.205528
1968 8 -0.149157
1968 9 -0.333103
1968 10 -0.138698
1968 11 -0.17293
1968 12 0.0196873
1969 1 0.0261697
1969 2 0.0229692
1969 3 0.234163
1969 4 0.159129
1969 5 0.0664251
1969 6 -0.40068
1969 7 -0.0843395
1969 8 -0.041541
1969 9 0.143454
1969 10 0.186289
1969 11 0.265367
1969 12 0.144146
1970 1 0.485722
1970 2 0.509056
1970 3 0.235455
1970 4 0.421215
1970 5 0.401823
1970 6 -0.173227
1970 7 -0.253337
1970 8 -0.0465583
1970 9 -0.20412
1970 10 -0.246959
1970 11 -0.0268317
1970 12 -0.0005036
1971 1 0.381578
1971 2 0.195187
1971 3 0.376618
1971 4 0.450222
1971 5 0.156631
1971 6 -0.0160787
1971 7 -0.0317051
1971 8 -0.230318
1971 9 -0.343352
1971 10 -0.23382
1971 11 0.293697
1971 12 0.448085
1972 1 0.333081
1972 2 -0.031177
1972 3 0.198899
1972 4 0.329578
1972 5 0.37772
1972 6 0.94796
1972 7 1.02066
1972 8 0.819011
1972 9 0.755633
1972 10 0.706265
1972 11 0.932452
1972 12 0.698825
1973 1 0.226384
1973 2 0.10884
1973 3 0.165937
1973 4 0.0904153
1973 5 0.308271
1973 6 -0.00900194
1973 7 -0.175254
1973 8 -0.289577
1973 9 -0.367175
1973 10 -0.0390317
1973 11 0.132971
1973 12 0.292506
1974 1 0.471724
1974 2 0.344767
1974 3 0.422731
1974 4 0.153155
1974 5 -0.0146513
1974 6 0.188321
1974 7 0.0722633
1974 8 -0.189219
1974 9 -0.258592
1974 10 -0.443574
1974 11 -0.261721
1974 12 -0.118512
1975 1 -0.173872
1975 2 -0.0635025
1975 3 -0.285515
1975 4 0.292872
1975 5 0.292082
1975 6 0.269718
1975 7 0.273156
1975 8 -0.0399788
1975 9 -0.455426
1975 10 -0.655562
1975 11 -0.0525215
1975 12 0.0645509
1976 1 0.198555
1976 2 0.263494
1976 3 0.188319
1976 4 0.327413
1976 5 0.221423
1976 6 0.578532
1976 7 0.890906
1976 8 0.403278
1976 9 0.175118
1976 10 0.153131
1976 11 0.0926809
1976 12 0.261121
1977 1 0.183211
1977 2 -0.072458
1977 3 0.342061
1977 4 0.178774
1977 5 -0.118805
1977 6 0.113816
1977 7 0.140058
1977 8 0.034766
1977 9 0.127923
1977 10 0.61821
1977 11 0.133179
1977 12 0.197992
1978 1 -0.4476
1978 2 -0.346361
1978 3 -0.413305
1978 4 -0.0152403
1978 5 -0.315846
1978 6 0.0288378
1978 7 0.202787
1978 8 0.0938563
1978 9 0.139514
1978 10 -0.10636
1978 11 -0.175245
1978 12 -0.0238999
1979 1 0.497971
1979 2 0.0290147
1979 3 0.13438
1979 4 -0.00551412
1979 5 -0.222881
1979 6 0.313088
1979 7 -0.000807952
1979 8 0.0753726
1979 9 0.117148
1979 10 0.078633
1979 11 0.0271319
1979 12 0.131563
1980 1 0.0285821
1980 2 -0.0166806
1980 3 -0.246317
1980 4 0.112531
1980 5 0.159793
1980 6 -0.162591
1980 7 -0.330623
1980 8 -0.501199
1980 9 -0.336409
1980 10 -0.266214
1980 11 -0.14931
1980 12 -0.259042
1981 1 -0.0161442
1981 2 0.152197
1981 3 0.190277
1981 4 0.289565
1981 5 0.200258
1981 6 -0.0234196
1981 7 -0.238099
1981 8 -0.310977
1981 9 -0.349183
1981 10 -0.212328
1981 11 -0.0503915
1981 12 0.21574
1982 1 0.33095
1982 2 0.354094
1982 3 0.222474
1982 4 0.321194
1982 5 0.445594
1982 6 0.469165
1982 7 0.582993
1982 8 0.559654
1982 9 0.83359
1982 10 1.00562
1982 11 0.55362
1982 12 0.0689172
1983 1 -0.293689
1983 2 -0.400693
1983 3 -0.577006
1983 4 -0.343715
1983 5 0.168224
1983 6 0.587441
1983 7 0.840556
1983 8 0.654057
1983 9 0.328032
1983 10 0.104669
1983 11 -0.0580667
1983 12 0.136155
1984 1 -0.0344968
1984 2 0.0373799
1984 3 0.0538007
1984 4 0.261062
1984 5 -0.0713937
1984 6 -0.134671
1984 7 -0.0399004
1984 8 -0.181731
1984 9 -0.201749
1984 10 -0.256535
1984 11 -0.135469
1984 12 -0.041167
1985 1 -0.274462
1985 2 -0.441826
1985 3 -0.365889
1985 4 0.00234997
1985 5 0.00148576
1985 6 -0.406883
1985 7 -0.0813947
1985 8 -0.145585
1985 9 0.158166
1985 10 -0.107781
1985 11 0.350262
1985 12 -0.185853
1986 1 0.0764627
1986 2 0.0479171
1986 3 -0.0292908
1986 4 -0.0794666
1986 5 0.0696916
1986 6 -0.0638243
1986 7 -0.233013
1986 8 -0.0987766
1986 9 0.242681
1986 10 0.333466
1986 11 0.0270713
1986 12 -0.0463711
1987 1 0.100159
1987 2 0.226118
1987 3 0.0284718
1987 4 0.049629
1987 5 0.392568
1987 6 0.321069
1987 7 0.516987
1987 8 0.597232
1987 9 0.78017
1987 10 0.635462
1987 11 0.22229
1987 12 0.382597
1988 1 0.535682
1988 2 0.0334128
1988 3 -0.141165
1988 4 0.0789132
1988 5 -0.281306
1988 6 -0.0483579
1988 7 0.171706
1988 8 0.0204827
1988 9 -0.00160396
1988 10 -0.126152
1988 11 0.101217
1988 12 0.396253
1989 1 -0.0865691
1989 2 0.144416
1989 3 -0.144415
1989 4 -0.269474
1989 5 -0.364063
1989 6 -0.556881
1989 7 -0.121406
1989 8 -0.00173795
1989 9 0.175608
1989 10 -0.0188152
1989 11 -0.0632243
1989 12 0.0636005
1990 1 0.0792505
1990 2 -0.1062
1990 3 0.0274668
1990 4 -0.180321
1990 5 -0.123745
1990 6 -0.352039
1990 7 0.0654885
1990 8 -0.0822651
1990 9 0.211634
1990 10 0.0444657
1990 11 0.180731
1990 12 0.234297
1991 1 0.24352
1991 2 0.0779894
1991 3 0.1269
1991 4 0.484493
1991 5 0.59706
1991 6 0.469436
1991 7 0.574717
1991 8 0.355151
1991 9 0.484582
1991 10 0.345089
1991 11 0.304922
1991 12 0.298754
1992 1 -0.142216
1992 2 -0.211369
1992 3 -0.506029
1992 4 -0.349744
1992 5 -0.32257
1992 6 -0.641105
1992 7 -0.159667
1992 8 -0.458306
1992 9 -0.436652
1992 10 -0.238486
1992 11 -0.122751
1992 12 -0.0849368
1993 1 -0.0166848
1993 2 0.212783
1993 3 -0.131513
1993 4 0.0173798
1993 5 0.197112
1993 6 0.106593
1993 7 0.1581
1993 8 -0.00344905
1993 9 0.219331
1993 10 0.226535
1993 11 0.119527
1993 12 0.0215047
1994 1 0.206768
1994 2 0.0387728
1994 3 0.361032
1994 4 0.541066
1994 5 0.756818
1994 6 0.637763
1994 7 0.858698
1994 8 1.10225
1994 9 0.916978
1994 10 1.07926
1994 11 0.558511
1994 12 0.493182
1995 1 0.319561
1995 2 0.338108
1995 3 0.117006
1995 4 -0.0150588
1995 5 -0.0264024
1995 6 0.138088
1995 7 0.14695
1995 8 0.166309
1995 9 0.217841
1995 10 0.0263723
1995 11 -0.0147232
1995 12 0.322598
1996 1 0.164003
1996 2 0.156352
1996 3 0.0912201
1996 4 -0.15745
1996 5 -0.0380487
1996 6 -0.175939
1996 7 -0.323987
1996 8 -0.368857
1996 9 -0.313472
1996 10 -0.713483
1996 11 -0.515338
1996 12 -0.181292
1997 1 0.082475
1997 2 0.258457
1997 3 0.209658
1997 4 0.254134
1997 5 0.252283
1997 6 0.29997
1997 7 0.763752
1997 8 0.938996
1997 9 1.15664
1997 10 1.25554
1997 11 1.54025
1997 12 1.08983
1998 1 0.699935
1998 2 0.606239
1998 3 0.121312
1998 4 0.25759
1998 5 0.367541
1998 6 0.367603
1998 7 -0.0554176
1998 8 -0.253725
1998 9 -0.0860786
1998 10 -0.340116
1998 11 -0.367997
1998 12 -0.0982462
1999 1 0.0657678
1999 2 0.156426
1999 3 0.280304
1999 4 0.203419
1999 5 0.0433931
1999 6 0.0790495
1999 7 0.425107
1999 8 0.32611
1999 9 0.344929
1999 10 0.198518
1999 11 0.163935
1999 12 0.0870727
2000 1 0.0654135
2000 2 0.177763
2000 3 0.314179
2000 4 0.35323
2000 5 0.341364
2000 6 0.198029
2000 7 0.398464
2000 8 0.44504
2000 9 0.306684
2000 10 0.243229
2000 11 -0.0282812
2000 12 -0.0114015
2001 1 -0.2418
2001 2 0.166685
2001 3 0.154458
2001 4 0.34239
2001 5 0.361692
2001 6 0.342816
2001 7 0.179087
2001 8 0.0107186
2001 9 0.169492
2001 10 -0.059387
2001 11 0.0332999
2001 12 0.176505
2002 1 0.0434305
2002 2 0.09082
2002 3 0.177277
2002 4 -0.147446
2002 5 -0.103245
2002 6 0.0278748
2002 7 0.057819
2002 8 0.0957812
2002 9 0.678267
2002 10 0.783978
2002 11 0.365779
2002 12 0.0706524
2003 1 -0.0597497
2003 2 0.203216
2003 3 0.124584
2003 4 0.103382
2003 5 0.0620728
2003 6 0.352441
2003 7 0.444657
2003 8 0.412223
2003 9 0.333577
2003 10 0.145374
2003 11 0.111844
2003 12 0.41269
2004 1 0.228665
2004 2 0.297197
2004 3 0.252961
2004 4 0.124952
2004 5 -0.33556
2004 6 -0.172916
2004 7 0.0155014
2004 8 0.17104
2004 9 0.287214
2004 10 0.38067
2004 11 0.111587
2004 12 0.0960072
2005 1 0.0581017
2005 2 -0.372181
2005 3 -0.263493
2005 4 0.286637
2005 5 0.192278
2005 6 0.0381591
2005 7 -0.0642874
2005 8 -0.0360599
2005 9 -0.137783
2005 10 -0.0455043
2005 11 0.00339949
2005 12 -0.0624629
2006 1 0.0590512
2006 2 -0.115694
2006 3 -0.055557
2006 4 0.189953
2006 5 0.014429
2006 6 0.153807
2006 7 0.35271
2006 8 0.532629
2006 9 0.813585
2006 10 0.953835
2006 11 0.766666
2006 12 0.397527
2007 1 0.40568
2007 2 0.334684
2007 3 0.27982
2007 4 0.299759
2007 5 0.493832
2007 6 0.24793
2007 7 0.36659
2007 8 0.545574
2007 9 0.629856
2007 10 0.459961
2007 11 0.253054
2007 12 0.00876495
2008 1 0.306731
2008 2 0.116003
2008 3 0.273629
2008 4 0.0504177
2008 5 0.405942
2008 6 0.429802
2008 7 0.559448
2008 8 0.429559
2008 9 0.480899
2008 10 0.418689
2008 11 0.151569
2008 12 0.178847
2009 1 0.221456
2009 2 0.351526
2009 3 0.268664
2009 4 0.327102
2009 5 0.479626
2009 6 0.311263
2009 7 0.121615
2009 8 0.205832
2009 9 0.2861
2009 10 0.370527
2009 11 0.195527
2009 12 0.386962
2010 1 0.476236
2010 2 0.212815
2010 3 0.632598
2010 4 0.568069
2010 5 0.192029
2010 6 0.0714464
2010 7 0.314817
2010 8 0.253145
2010 9 0.130556
2010 10 -0.0469511
2010 11 -0.209198
2010 12 0.0266735
2011 1 0.376902
2011 2 0.422203
2011 3 0.541905
2011 4 0.360647
2011 5 0.135253
2011 6 0.267696
2011 7 0.539267
2011 8 0.65491
2011 9 0.593116
2011 10 0.743491
2011 11 0.604578
2011 12 0.102386
2012 1 0.230217
2012 2 0.104269
2012 3 0.199768
2012 4 -0.055878
2012 5 -0.112541
2012 6 0.224195
2012 7 0.862228
2012 8 0.953297
2012 9 0.846612
2012 10 0.498759
2012 11 0.172517
2012 12 0.493341
2013 1 0.122007
2013 2 0.376449
2013 3 0.250455
2013 4 -0.0936146
2013 5 -0.281413
2013 6 -0.284998
2013 7 0.128481
2013 8 0.109736
2013 9 0.0894591
2013 10 0.228437
2013 11 0.465366
2013 12 0.373418
2014 1 0.0922914
2014 2 0.0958027
2014 3 0.0181604
2014 4 0.1449
2014 5 0.130292
2014 6 0.188623
2014 7 -0.0434814
2014 8 -0.0652441
2014 9 0.250412
2014 10 0.511552
2014 11 0.279244
2014 12 0.271067
2015 1 0.0800525
