# Summer NAO index (PC of first EOF of SLP over 40-70N, 90W-30E July-August average over 1950-2010)
# based on the UCAR (Trenbert and Paolino) sea-level pressure reconstruction
# SNAO [1] UCAR Summer NAO
 1899 -0.9480918     -0.8832096     -0.4032112      -1.648531     -0.2319220       1.110402      0.9235819      0.2891354     -0.6445919      0.2964544      0.3242029      0.4279597    
 1900  0.6742063      -1.641786      0.5140729      0.3411376     -0.5441582      -1.038368     -0.5970458      0.5891154       1.241946     -0.1031236E-01  0.1706558     -0.6549795    
 1901  0.6207209      0.3265163E-01 -0.4868738     -0.3381527       1.369166      0.8225347       1.324300      0.7749976     -0.4163703E-01  0.5312734      0.3190574     -0.7356338    
 1902  0.1089156     -0.8858545     -0.8577009      0.1979440      0.3895575      -1.408588     -0.3762254     -0.7001390      0.3776779      0.9202930      0.2259001      0.8809430    
 1903 -0.8645051E-01 -0.1611617     -0.2684329     -0.9096881      0.2789735      0.3450391E-01  -1.376726      -2.182136      0.8634379E-01  -2.144605      0.7748558      0.1164540    
 1904  0.2813914     -0.9546979       1.042913      0.5276436     -0.3899917     -0.3536737     -0.2554111     -0.3251601       1.353825       1.605288      0.2902582     -0.4309571    
 1905   1.350409      0.7882919     -0.3216388      -1.374201       1.489605      0.3520050     -0.3123215E-01 -0.2751557      0.3160755      0.1867300     -0.3944539       1.143643    
 1906  0.1156492     -0.7919075E-01  0.9003987E-01   1.917826      -1.426730      0.5647641      0.6367233      -1.127952       1.963921      0.7015053     -0.6598233      0.7983886    
 1907   1.918511      0.3552380       1.204238     -0.4907656      -2.189984      -1.827574     -0.9305398     -0.9418703       1.006650     -0.5713603       1.749914     -0.2443585    
 1908  0.8173104      0.1671105      0.8491805      0.4724605     -0.3080951      0.9645995      0.3611267      0.7442883E-01 -0.5475199E-01   1.595806      0.3381597      0.2134282    
 1909  0.9219652      0.8140465      -1.874044     -0.1577618     -0.5099748      0.1616361     -0.7202511      0.5484014       1.034078      -1.343997      0.4272029      -1.676980    
 1910 -0.4768185     -0.9418691       1.390869      -1.054281     -0.2843193E-01 -0.9632424      -1.270021      -1.062628       2.281698       1.699642      -2.512679     -0.8759637    
 1911   2.027704      0.4037137      0.9659871      0.1291450       1.774081      0.1049490       1.045820     -0.7476907E-01  0.5746146      0.5592441     -0.7231501     -0.6714152    
 1912  0.8737949E-01  -1.681550      -1.119186       1.652928      0.9155123E-01  -1.813567      0.2470111      -1.947064      0.9726728      0.2907405      0.4765729     -0.3509298    
 1913 -0.5706947E-01  0.7915196      0.4307646E-01  0.1818900     -0.6166557      0.5647641       1.136499       1.301589      0.8935736     -0.8392026     -0.2820485      0.5240464    
 1914  0.4263260      -1.004249      -1.766176      0.8917295       1.981247       1.992460     -0.9516034      0.2086916     -0.1259064       1.955233     -0.4347672E-02  -1.057884    
 1915  -1.418151      -1.097488     -0.9755993       1.358335     -0.1764024     -0.2554635      -1.135572      0.5326426E-01 -0.5690709       1.543645     -0.6404296      -1.676102    
 1916  0.5105467      0.1105057     -0.8974514     -0.3643454      -1.044744     -0.7684594       1.094390     -0.7136437      0.7779253E-01 -0.1771010     -0.9201931      -1.690261    
 1917  0.4472645       1.024895     -0.2733223     -0.8971246     -0.9754675      0.6711437      0.1620633      -1.400723      0.1857051E-01  -1.241147      0.6095491       1.389792    
 1918  -1.793091      0.9723025       1.037286      0.9423695       1.409546      0.9716120      -1.586303     -0.2093478E-01  -2.375509      0.6045311      0.5814898     -0.5133861    
 1919 -0.1109285      -1.414388     -0.5908316      0.2751856E-01  0.6655450       1.855753      0.9817166     -0.1957270     -0.1676317       1.460244     -0.3686029     -0.1918879    
 1920 -0.3641974      0.6452108      0.6538620      -2.331312      0.5260636     -0.1658854      0.2539472       1.319339      0.2975933      0.6141874       1.643685      0.1945909    
 1921 -0.6705877       1.696413      0.5828058       1.608563      0.1252620       1.731415     -0.1104304     -0.1519828      0.4202068       1.054545       1.150422      0.6258143    
 1922 -0.1247598     -0.4981242E-01 -0.1941946      -1.099165     -0.4303711       1.059784      -1.046335     -0.8019865E-01  0.1823180      0.4550714      0.8743245     -0.2681246    
 1923  0.6314889      -1.210301       1.267587     -0.5621892     -0.2456968      0.8153086      0.5561392E-01  -1.596480     -0.2634239      -1.709962     -0.5853311      0.7675332    
 1924  0.4759077      0.3539603      -1.183636      -1.779321      -1.631585     -0.5195524      -1.159738     -0.6461047      -1.446060     -0.3026112E-01  0.8925524      0.1427568    
 1925  0.8988320     -0.7619680       1.451288     -0.7236257E-01  -1.591223       1.407845      0.3938901     -0.1043933     -0.3984794E-01  -1.323562      0.1387738      -1.849554    
 1926 -0.1092194     -0.2806326     -0.2088821E-01 -0.2471712      -1.572180     -0.9273257      0.4290630     -0.2324113      0.6753649      -1.022846      -1.136921       1.607873    
 1927 -0.1319883      0.4407280     -0.7558147     -0.9620867      0.2090139     -0.9053984     -0.4085143     -0.9660650      -2.006077     -0.6697941       1.000250     -0.2351978E-03
 1928  0.3580287      0.7325687     -0.6137583E-01 -0.7011861     -0.4381775      -2.096308      0.1682875     -0.8590117       1.207165     -0.7427275     -0.8937480       1.203068    
 1929   1.254187       1.060243       1.628140     -0.6538142E-01  0.3487647E-01  -1.080354      0.2754670     -0.1283880      0.9718692     -0.6536130      -1.335433     -0.7860789    
 1930  -1.047367       1.388321     -0.8786119     -0.9140087E-01 -0.1525458      0.4005228      -1.168591      -1.059598     -0.8162841      -1.377682     -0.6853939      0.6886536    
 1931 -0.9342687E-01  0.1712199      -1.193910      0.4020894      -1.808243      -1.025305      -1.673149     -0.3801941      0.9645157      0.2078265      0.4671675      0.9593210    
 1932  0.4921859       2.051119     -0.2381068      -1.265754      -1.157166      0.2899429     -0.8109120       1.380218     -0.8904102      -1.185218       1.175982       1.239981    
 1933   1.773576     -0.2256939     -0.6678785     -0.5365161     -0.2158717     -0.3058391E-01  0.4472426      0.6395198       1.381647      0.2573803       1.247391       2.047063    
 1934  0.7960078       1.876799     -0.3282452     -0.7892099       1.239994     -0.1129359     -0.6280923E-01 -0.3979287     -0.3786840     -0.6246693       1.204926      -1.491770    
 1935   1.990124      -1.024722      0.7777603      -1.697599      0.9995726      -1.295445       1.144165      0.8419367      -2.484416     -0.3283572     -0.4900939E-01  -1.614787    
 1936  -2.695133      -1.100910     -0.5891147      0.2416029       2.149171      0.9900330      -1.817162       1.082053      0.1306618       1.141376      0.8674190      0.6636143    
 1937  0.9300167E-01  -1.638947      -1.652673     -0.2716186      0.5616122       1.106913     -0.1733472       1.756612     -0.1990318      0.9727910      0.4865613      0.4285963    
 1938 -0.6458669       1.236521      0.6777123       2.473307     -0.4283058     -0.3247517      0.2872035      0.7653228       1.080382     -0.5462630E-01 -0.9473780      0.5034344    
 1939  -1.453892      0.2834052E-01  0.7109777     -0.8614995       1.376045      0.1112495      -1.013316       1.241110      0.9388922       1.019550     -0.8293899      0.1531159    
 1940 -0.5927352E-01 -0.5958743      -1.134228     -0.4607359      0.6600316       1.248747     -0.4286104       1.425577     -0.2047932      0.8944391E-01 -0.9071107       1.321908    
 1941 -0.3229463      -1.573137     -0.3023141      0.6196643      0.1229691      0.9527103      0.8833896      -1.595065       1.445251       1.211041      0.9460366       1.100287    
 1942   1.297157     -0.1357516E-01 -0.7265897     -0.3390365E-02  -1.150043      0.5500628     -0.1176037      0.3486146      0.7222814E-01 -0.4467523       1.366410     -0.2970703    
 1943  -1.301253      0.4936120       1.001576      0.5430049      0.2229989      0.2610318E-01 -0.8721301E-01  -1.973874      0.2844631      0.5771802E-01  0.7735330       1.881955    
 1944  0.8125299E-01  0.7905409      0.3495750     -0.3652114       1.917466     -0.6273202     -0.9697830      0.3978037       1.050968      0.7368242      -1.134421      0.6705686    
 1945 -0.8975657E-01 -0.4216590       1.423034      0.1983037      -1.142026     -0.6333893      0.5943772      0.1486125      0.8693298      0.1759384      0.9635134      -1.167368    
 1946   1.068982     -0.4081429      0.5632384       1.153669      0.3840441     -0.5855657      0.8721460     -0.5027671     -0.8713366       1.349709     -0.5582919       1.219378    
 1947  0.9896648      -1.277284      -2.481778      0.2140113      0.5859414     -0.9632424      0.9388972E-01   2.294894      0.9911550       1.656314      -1.811791     -0.3569967    
 1948  -2.298032       1.210669       2.089106      0.1015534      0.9751975E-01  -1.469706      0.1397965E-01 -0.7358234      -1.056750      0.4657007      0.1315656     -0.1221040    
 1949  0.7732389       1.089726       1.459481     -0.5566069     -0.7224265      0.1037921       1.189140      0.6062655      0.8391275      0.1372845E-01 -0.6051621     -0.5171767    
 1950   1.321766      -1.291092      0.2399813      -1.405457      0.7300087     -0.2564068      -1.727925     -0.7866276      -1.714348      0.4110818      -1.156461     -0.4544724    
 1951 -0.6713254     -0.6715766      -1.630903     -0.7193584      0.3863370     -0.8057822      0.8417553     -0.8600115      -1.174391       1.659582      -1.656046     -0.2835475    
 1952 -0.3532986     -0.1119014      -1.403663      0.6226446E-01 -0.8378237     -0.3193944       1.522634     -0.8495368     -0.4454566     -0.6313688      0.2576363     -0.4655935    
 1953  0.7344346      0.6508892       1.847682     -0.9868804     -0.4549279      0.7012225      -1.176951     -0.1330331     -0.5984848       1.361811       1.026851       1.762999    
 1954   1.003496      0.5734311     -0.9620226       2.044779     -0.3119983     -0.4140984      -1.351610      -1.274720      -2.053579     -0.5998051      0.4349940     -0.2342406    
 1955  -2.170972      -1.170933      0.1596312      0.3453343      -1.759147     -0.5783397       2.586544       2.124346      0.3359375     -0.4071791     -0.2857254      -1.824515    
 1956 -0.9712249       1.524342      0.4941323     -0.4766301       1.743801      0.4021602     -0.9001492      -1.455357     -0.2987964       1.415444       1.678796      0.6547696    
 1957   1.162262      -1.991308      -1.524137       1.951359      0.3629530     -0.4775488     -0.5310078      0.8430357E-01  -1.372131      0.7265192      0.7074147     -0.1490337    
 1958 -0.6492944      -1.275132      -1.153189       1.134644     -0.8297899      -1.079660      -1.454719      -1.895045     -0.2258682      0.8200626       1.825583      -1.430454    
 1959  -1.387182       2.306917      0.3143501      -1.372096       1.265689      0.3095387      0.9783580      0.5435563       1.454394      0.5788560     -0.1345041E-01  -1.253974    
 1960 -0.6133012      -1.453465     -0.1511410      0.5210088      0.3058231      0.4415831      -1.189873      -1.208996      0.5809674      -1.227736      -1.793865     -0.9997757E-01
 1961 -0.2450950      0.6291161E-01  0.3174014      -2.576492      0.9751975E-01  0.4525468     -0.1163990      0.4669423     -0.3194620     -0.5396344     -0.5107208E-01  -1.542591    
 1962 -0.1365178       1.077286      -1.810938      0.6767659     -0.5471513      0.8766589     -0.8075718     -0.7523582     -0.8166783      0.9971561      0.8752101      0.6196220    
 1963   1.251012     -0.3887541     -0.7707351     -0.8036918       1.586869     -0.7264736     -0.3243683E-01  -1.016654      0.9510065      0.6174560      -2.441998      0.6339067    
 1964   1.866239      0.5425123E-02  0.5204273     -0.3989487E-01 -0.7997372      0.1770246E-01   1.203486     -0.7771528     -0.5338955       1.098859      0.1641875      0.3385860    
 1965 -0.7872432       1.277069     -0.8547617      0.4663454     -0.6845675     -0.7348744     -0.9393924     -0.6589410E-01 -0.7894629       1.185041     -0.9043193      -1.801636    
 1966  -1.556109      -2.202642      0.1410436      -1.726763      0.4956150E-01  0.1880129      0.6541911     -0.7128438     -0.7185208     -0.8462389       1.406084     -0.5458716    
 1967 -0.1252548      0.1670134     -0.4473659       1.342267      -1.502431       1.983828      0.1486659      0.4998120     -0.1831422      -1.937582      0.9063635     -0.2361548E-01
 1968 -0.5217575E-01 -0.3544744     -0.2300661E-02 -0.2080554     -0.3984806     -0.4486268       1.677672      0.4159382      -1.352254      -1.973562     -0.1055876     -0.4322206    
 1969  -1.287664     -0.1066115     -0.1684809E-02  0.5131484      -1.037183      0.2941433       1.373345      0.4780322      0.8361406      0.7587317      -1.343515      0.9669022    
 1970  -1.514485     -0.1488186     -0.2550987     -0.7876378       1.007379       1.866485     -0.7113986      0.5048571     -0.5428410      0.5477374E-01 -0.9805828       1.137962    
 1971  -1.956022      0.5038930     -0.1587741E-01  0.1582113E-01  0.4177724      -1.131915       1.093916      0.5387266       1.499500      0.7127834     -0.5180075E-01   1.149845    
 1972   1.100203     -0.5255450E-01  0.3742744     -0.5471743     -0.1066704      0.1091493       1.415217       1.464292       1.609787       1.453545     -0.5594690      0.5974956    
 1973   1.568292      0.7936408E-01   1.374848      0.7100423E-01 -0.3881539       1.008935      0.6204603      0.4490078      0.4333218      0.8064889     -0.3046820     -0.1798795    
 1974 -0.3021387     -0.7493335       1.208512       1.744083      -1.114949     -0.5832341     -0.7312575     -0.1626574      -1.369357       1.075155     -0.6974338     -0.4796274    
 1975  -1.059611      0.9871860     -0.1232597     -0.8985947E-02   1.133086      0.8941544      0.9503767      0.9257951     -0.3790782      0.7381341      0.9896669       1.438848    
 1976  0.7856331E-01   1.347384       1.445783       1.295997     -0.2888243      0.6202765      0.4345753       2.997892      0.7262235E-01 -0.7788698      0.2691045     -0.6303260    
 1977  -1.075525      -1.466786     -0.3300741     -0.7149658E-01   1.146405      0.5041080      0.1728324      0.2906959E-01  0.6640390     -0.5518981     -0.9059448      0.1555176    
 1978  0.1161441      -1.648937     -0.7552081     -0.3159702       1.707552      0.4686541     -0.3070844      0.8006073     -0.7008270       1.441768       1.657351      -1.642719    
 1979 -0.2330942     -0.4048105     -0.6786466     -0.5029959      -1.106005       1.527519      0.8065825     -0.1443230     -0.3072053E-01 -0.3906612     -0.3543435     -0.3060501    
 1980  0.1103912      0.6645996      0.1520450       2.043553     -0.1192901     -0.8230464     -0.6829245     -0.9463001     -0.2336705E-01  -1.398130     -0.1687687      0.1737280    
 1981  0.8137615       1.062694      -2.390539       1.768530      -1.053233      0.2769813E-02  0.7089856       1.591910      -1.693683      -1.510461      0.4824471      -2.234133    
 1982 -0.3189025      0.4442546      0.5988272       1.500302     -0.4409254      -1.789308       2.072166     -0.2273816     -0.4297641     -0.5643240     -0.2420838     -0.2131270    
 1983  0.1965637      0.8152196      0.7193755E-01  -1.200272      -2.034452       1.700855       1.650877       1.962659      -1.872729     -0.1851104     -0.4770399     -0.1365141    
 1984 -0.4529476       1.174634      0.8078437       1.222828      0.5054100      0.2817914      0.6405564       1.785452     -0.8222427     -0.7793564      -1.047878       1.858950    
 1985 -0.5797642      0.4104680      0.9688888E-01 -0.9673225      0.4865134E-01 -0.8601377      0.9699266E-01  -1.386603     -0.5245558       1.562608     -0.6723729E-01  -1.295565    
 1986 -0.3521966      0.6350270      0.5455000     -0.5088619E-01 -0.9784430       1.358384      0.4177977E-02  0.1290630      0.6543051      0.5688878     -0.1708202      0.4030554    
 1987   1.297773     -0.6684459      0.4071758       1.225972       1.637347      -1.123746      0.4881651     -0.5354368      -1.302175      0.3352166       1.097521     -0.5159131    
 1988  -1.337236      0.9718385E-01 -0.5932763     -0.8429941      0.3603167E-01   1.557153      -1.380559     -0.8348170     -0.5835807      0.2484437E-01  0.6126320       1.075885    
 1989   1.463394     -0.4237070E-01 -0.4485883     -0.3334364       1.853685      0.7138236       2.447550     -0.4390580       1.426162      0.1319489      0.3892898     -0.9403174    
 1990 -0.3730136      -1.450819       1.234321       1.448610       1.099375     -0.5176836      0.4324215       1.030833      0.6721960      -1.057504     -0.1931622       1.307999    
 1991  0.8851221       1.071802     -0.2941214      0.4504513       2.958545      -1.694123     -0.1321875       1.293329     -0.3576243      0.2344872     -0.8646462       2.222039    
 1992   2.137019      0.7129782      0.3397867     -0.8143501       1.162228       1.287707     -0.4513350      -1.255555     -0.6867054E-01 -0.7572284E-01 -0.3474379      0.7114069    
 1993  0.3047767       2.091959       1.103453     -0.3150909     -0.7887278     -0.6954337      -1.123616       1.316509     -0.3229736E-01  0.6810575       3.021046      -1.349926    
 1994  -1.238820      0.2510532E-01 -0.3968567     -0.2125985     -0.2154166      0.4182497       1.120948      0.3219897     -0.7046023     -0.9021553     -0.4078105E-01 -0.2973307    
 1995 -0.9078213      -1.433388     -0.6195714      0.3292763E-01 -0.7710498       1.616403     -0.2149632       1.358853      0.1032340     -0.9512225      0.7191579E-01  0.3144341    
 1996  0.2612002      0.4350496       1.274072     -0.2602676     -0.2440866      0.7399513      0.8828967      0.7751976      0.4406753     -0.8403503     -0.7247644     -0.1446065    
 1997  0.9555115     -0.3424302       1.152870      0.8484303     -0.6001329      -1.031374       1.092236      0.7381134      0.5769951     -0.7492648      -1.511602     -0.4401877    
 1998 -0.9043938      0.1356701      0.8367048      -1.579732       1.346902      -1.750116      -1.297053      0.6320599      -2.217917     -0.9723065      0.4848013      0.3226519    
 1999 -0.5606656      0.3411607E-01 -0.7736744     -0.8564368      0.4125040       1.464532      0.1498706     -0.1422926      -1.729844     -0.4057070       1.514229      -1.118447    
 2000   1.143780      0.2373286      0.4721203     -0.9575436      0.5446342     -0.5320536E-01 -0.3754953      0.6762193      0.3383331     -0.4400528      -2.248778      -2.073316    
 2001 -0.3676249      0.3844220      -2.348344     -0.1596803      0.6506325     -0.3856392     -0.5022964      0.1619173     -0.2254740     -0.9809772       1.799575       1.276266    
 2002 -0.9048503E-01  -1.258486      0.3732850E-01  0.6699579     -0.7426074     -0.4418635      0.5190120      0.7838725      0.9315388      -1.050804      -1.357909      0.8466828    
 2003 -0.2886716      0.9252986       1.400042      0.6739814     -0.3404407      -1.203767     -0.6592509      0.5231915      0.9172260      0.5755584E-01 -0.1198359      0.2816882    
 2004  -1.460868      0.2988274       1.046710      0.5248458      0.1149528     -0.7463008      0.6041971     -0.9864144      0.4222293E-01  -1.244416       1.000844      0.6846026    
 2005  0.6226727       1.305663     -0.2873937     -0.9402546E-01 -0.5473788      0.3023126      0.6654348      0.6147252     -0.4297641     -0.6395404      0.4746672      0.7861198    
 2006   1.785082      0.6241849E-01  -1.470073      0.4017431      -1.446001       1.813998       1.297743     -0.3221300      -1.473094      -2.217214     -0.9398783      0.6207601    
 2007 -0.4938251      -1.066338      0.8263100       1.122587      -1.297785      -1.213805      -1.849706      0.3328796      0.6026337       1.507827      0.9220803      0.8803064    
 2008 -0.4569821      0.6516737      -1.362943      -1.061448     -0.3906918      -1.309203     -0.8197646      -1.378343       1.679941     -0.4053826      0.1067349       1.309012    
 2009 -0.5989842     -0.1115054     -0.9488380E-01  0.1984769       1.292538     -0.2655016      -2.471739     -0.6634547       1.290828     -0.8596504      -2.177963      -1.524892    
 2010  0.4457889      -1.821396     -0.2834746      0.1464380     -0.5482648E-01  0.1030980     -0.2924822     -0.3188999     -0.5014947     -0.8223603      -1.331318     -0.6879762    
 2011 -0.1740893      0.2338992       1.235908       2.096991     -0.3815027      -1.460380     -0.3922512      -1.184186      -1.217920     -0.2150398      0.5591478     -0.3587714    
 2012  0.9837905       1.737835       1.691004      -1.209345      0.2225680E-01  -2.367623     -0.5647387     -0.7483283     -0.3610054      -1.535326     -0.7166818      -1.265220    
 2013 -0.2087376      0.3159672      -1.650349     -0.4216201     -0.1055152      0.9695117       1.151338       1.042123      0.1489317      -1.387663      0.6168919     -0.4299443    
 2014  -1.261346      -2.010891      0.3380697      0.7973067E-01 -0.3174942      0.4875379      0.3082488      -1.404138       1.829785      -1.122590     -0.2554577      0.7987648    
 2015 -0.1734883E-02  0.3895102       1.631444       1.003321     -0.1220381      0.3030355E-01  -2.362880     -0.2348415      0.7320094       1.247508     -0.3759457     -0.1964405    
 2016  -1.016034     -0.6196788      0.6166869      -999.9000      -999.9000      -999.9000      -999.9000      -999.9000      -999.9000      -999.9000      -999.9000      -999.9000    
