# Summer NAO index (PC of first EOF of SLP over 40-70N, 90W-30E July-August average over 1950-2010)
# based on the NCEP/NCAR R1 reanalysis sea-level pressure reconstruction
# SNAO [1] NCEP/NCAR Summer NAO
 1948  -2.406228       1.091325       1.963332     -0.1115147      0.6675730E-02  -1.456244     -0.1844424     -0.8816819      -1.004306      0.3874972      0.4921746      0.1554296    
 1949  0.5165237       1.005051       1.220987     -0.5152558     -0.7730094      0.1607046      0.9745530      0.5714689      0.9738687      0.2062871     -0.5493500     -0.6032292    
 1950   1.557916      -1.298472      0.2118255      -1.678341      0.7057266     -0.2705262      -1.460500     -0.6966486      -1.673979      0.5822175      -1.131522     -0.6415069    
 1951 -0.7408375     -0.8842330      -1.765602     -0.7862707      0.2779476     -0.6487556      0.6193035     -0.9197240     -0.7611648       1.849767      -1.534487     -0.2562569    
 1952 -0.5264154     -0.2686213      -1.262313      0.1152175     -0.8625413     -0.4133230       1.021099      -1.136593     -0.5793376     -0.5734186      0.1228875     -0.3967545    
 1953  0.6496359      0.4707630       1.880606      -1.035547     -0.4090428      0.3979083      -1.216824     -0.1408622     -0.4971417       1.408808       1.120765       1.869924    
 1954   1.018994      0.4319560     -0.9941871       2.087542     -0.2882999     -0.6660663      -1.550119      -1.461266      -1.982402     -0.6377918      0.4392131     -0.4123848    
 1955  -1.858042      -1.423296      0.1194147      0.7931697      -1.728561     -0.4845042       1.994128       1.826286      0.4659516     -0.4080955      0.2275716E-01  -1.627569    
 1956 -0.8599440       1.510433      0.6233670     -0.4644099       1.748273      0.2391042      -1.004686      -1.789515     -0.1458254       1.600667       1.553117      0.9504364    
 1957   1.373909      -1.852642      -1.292046       2.032695      0.3551758     -0.5648754     -0.7831508     -0.1991553      -1.374651      0.7054094      0.7780934     -0.2130323    
 1958 -0.6318526      -1.293616      -1.103198       1.041494      -1.083938      -1.191470      -1.541808      -1.999462      0.3736304E-01   1.015220       1.880528      -1.485124    
 1959  -1.301365       2.375061      0.4035792      -1.425527       1.130760      0.1836965      0.6221564      0.2657306       1.604414      0.8166919     -0.6514070E-02  -1.186113    
 1960 -0.3431655      -1.434600     -0.6676611E-01  0.4527663      0.3679313      0.2607927      -1.367843      -1.458263      0.5782976      -1.382182      -1.556292     -0.2961485    
 1961  0.9547366E-02  0.1833724      0.2323159      -2.460059     -0.2668900      0.2014416     -0.4549418      0.1834395     -0.1298670     -0.4870946     -0.2060434      -1.342697    
 1962 -0.1266417      0.8632578      -1.770054      0.4965854     -0.7623045      0.9270216     -0.7170997     -0.9532754     -0.8665308       1.059583      0.7217257      0.5479246    
 1963   1.290817     -0.5196733     -0.5628179      -1.010612       1.161971     -0.9137634     -0.1992961      -1.493330      0.7369837      0.7543805      -2.426923      0.6618629    
 1964   2.031181     -0.3974461E-01  0.3872004     -0.2186471     -0.7194849     -0.7385904E-01  0.7237759      -1.004647     -0.4050986       1.046534      0.1013334      0.7185729E-01
 1965 -0.8019881       1.087791     -0.7424234      0.1283437      -1.003756     -0.7908840      -1.169069     -0.2878248     -0.9815413       1.210256     -0.9782765      -1.940965    
 1966  -1.270075      -2.194487     -0.3614940E-01  -1.647160      0.3969409E-01  0.9764412E-01  0.7994811E-01 -0.8719283     -0.8114729      -1.290473       1.043209     -0.7382010    
 1967  0.1183137      0.9001690E-01 -0.6782846       1.009191      -1.573653       2.031499      0.1689776      0.3898107     -0.1611756      -2.016114      0.6835057     -0.1561245    
 1968 -0.4884579E-01 -0.4396717     -0.2618499     -0.2373361     -0.2042595     -0.2602334       1.537073      0.2644149      -1.060493      -1.686123      0.1244078     -0.4035259    
 1969  -1.126168     -0.2908911     -0.9315220E-01  0.4239765      -1.129503      0.2713194       1.350517      0.5032220      0.8398588      0.9201643      -1.581406      0.8032726    
 1970  -1.281642     -0.4241057     -0.5122714     -0.8204769       1.093640       1.773944     -0.8388446      0.3781979     -0.2927237      0.8404120E-01 -0.9481393       1.236466    
 1971  -1.736497      0.3541665     -0.1311257     -0.1586764      0.2387774      -1.205472       1.004819      0.3036011       1.864092       1.077532     -0.2076792       1.220941    
 1972   1.262840     -0.9394228E-01  0.1934589     -0.8395075     -0.1488929     -0.7843736E-01   1.182258       1.319954       1.769182       1.427727     -0.6088740      0.8657062    
 1973   1.734995     -0.2552674       1.305599     -0.1303746     -0.4293056       1.129838      0.2693567      0.5139195      0.6090558      0.9050534     -0.2619108     -0.3677743    
 1974 -0.1376713     -0.8516982       1.190354       1.547561      -1.156822     -0.7151245     -0.8676838     -0.1402901      -1.483405      0.7985733     -0.6421674     -0.5287264    
 1975 -0.9994453       1.043683     -0.3425713     -0.7840642E-01   1.119812      0.9011892      0.5922939      0.9124462     -0.3880107       1.151292      0.9557992       1.206223    
 1976 -0.3981696E-01   1.262645       1.362500       1.185078     -0.3081109      0.8845469      0.3087703       2.843412      0.9334775E-01 -0.7835408      0.3124481     -0.7501473    
 1977 -0.8960930      -1.380685     -0.2004976     -0.2236000       1.415934      0.3913249      0.4642640E-01  0.7360371E-01  0.9655275     -0.2407109      -1.054967      0.3719211    
 1978  0.8756183E-01  -1.481810     -0.8286157     -0.3262431       1.838673      0.3505879     -0.2417487      0.8168547     -0.6474866       1.555043       1.742812      -1.411674    
 1979 -0.3256458     -0.4106710      -1.027811     -0.5779347     -0.8759571       1.624564      0.7631895     -0.2164029      0.2787953     -0.1089327     -0.2914130     -0.3046566    
 1980  0.3153170      0.7441794     -0.2145271E-01   1.781662      0.7796063E-01 -0.8835198     -0.6900901     -0.8348015      0.2905541      -1.405249     -0.1636665      0.1257828    
 1981  0.7619162      0.9005542      -2.309533       1.693706      -1.053874      0.7946452E-01  0.5563224       1.582788      -1.456065      -1.690246      0.5795841      -2.375193    
 1982 -0.5634459E-01  0.5610161      0.4710481       1.215941     -0.1279349      -1.579123       1.774671     -0.2827621     -0.2207806     -0.4104725     -0.2127213     -0.2564850    
 1983  0.2225403      0.7688503     -0.1130819      -1.321128      -2.212818       1.838976       1.398273       1.802860      -1.676065     -0.9590768E-01 -0.2969747     -0.2294696    
 1984 -0.5449270       1.148342      0.6441972       1.227945      0.2754452      0.3549657      0.6123883       1.761243     -0.8450695     -0.5867589     -0.8926374       1.947988    
 1985 -0.4178677      0.4274507      0.1151841     -0.9880680      0.9686799E-01 -0.8303177      0.1878626      -1.338502     -0.2251540       1.891558     -0.1369235E-01 -0.9332906    
 1986 -0.4089397      0.6588768      0.3899869     -0.1238114     -0.7326922       1.472142      0.4335642E-01  0.8616047E-01  0.9258488      0.6810815      0.2325752E-01  0.4420558    
 1987   1.415556     -0.6153219      0.3431103       1.111688       1.659644     -0.9450764      0.5183042     -0.5168783     -0.9130158      0.2449013       1.029968     -0.1654396    
 1988  -1.214977     -0.6767975E-01 -0.7106853     -0.7091969      0.1882072       1.456369      -1.101623     -0.8042534     -0.4007253      0.2128117      0.7686443       1.098161    
 1989   1.709758     -0.1534275     -0.4943465     -0.4169067       2.068759      0.9040298       2.224191     -0.4494036       1.591525      0.3199467      0.4429850     -0.7879689    
 1990 -0.1551909      -1.487476       1.230451       1.177417       1.462403     -0.4895170      0.5790837       1.100454      0.6882106      -1.025001     -0.9630996E-01   1.195890    
 1991   1.085760       1.051021     -0.3832123      0.3529778       2.987817      -1.696054     -0.6412394E-01   1.329908     -0.2261097      0.3391810     -0.8496447       2.219423    
 1992   2.229748      0.7051970      0.1385629     -0.8836438       1.597466       1.229257     -0.2911475      -1.161363      0.3123919     -0.3166780     -0.3978748      0.7654511    
 1993  0.1877196       1.985317       1.098724     -0.3614253     -0.7839575     -0.5061927      -1.225972      0.9718549      0.3962212E-01  0.7338607       2.976034      -1.427532    
 1994  -1.055535      0.2037943     -0.4422370     -0.3532763     -0.2607382      0.4162884       1.150534      0.2419328     -0.5286531     -0.6326982      0.3137182     -0.5748328E-01
 1995 -0.6887157      -1.425765     -0.7281684      0.1069109E-03 -0.7805167       1.472577     -0.2606648       1.313032      0.2233609     -0.4722989      0.2125679      0.6043762    
 1996  0.6047943      0.3721065       1.195043     -0.1580421     -0.3935415      0.8352547      0.7209230       1.126712      0.7100484     -0.5697561     -0.6261557      0.5529236E-02
 1997   1.227346     -0.3061874       1.064319      0.2659983     -0.8140216      -1.265926      0.9345192      0.7315603      0.8857935     -0.5500367      -1.246914     -0.2301537    
 1998 -0.6094907      0.1738223      0.7991837      -1.821266       1.145774      -1.748187      -1.445678      0.5742720      -2.009163     -0.9841551      0.7514780      0.5543627    
 1999 -0.3718156     -0.1317782     -0.8537785     -0.8561471      0.4774828       1.480029      0.1222146     -0.2366539      -1.557057     -0.1911091       1.525251      -1.067350    
 2000   1.175460      0.1930033      0.3897660      -1.196404      0.4804371      0.2400064     -0.5077828      0.6803895      0.4107199     -0.2717089      -2.012103      -1.906143    
 2001 -0.1681877      0.3456686      -2.371786     -0.2654916      0.6533143     -0.3366613     -0.3789366      0.2689056     -0.7330306E-01 -0.7314166       1.689081       1.483306    
 2002  0.2706941      -1.328079     -0.3346492E-01  0.7130705     -0.6821220     -0.3590181      0.3986060      0.8102760       1.232968     -0.8585863      -1.024695       1.148754    
 2003 -0.1477930       1.008059       1.490438      0.8333047     -0.2085692     -0.9919290     -0.5636626      0.5958387       1.374943      0.8913478E-01  0.1344920      0.3336434    
 2004  -1.320650      0.2804372       1.057964      0.4182185      0.7705697E-01 -0.6097564      0.4890309     -0.9973241      0.3957173      -1.208297       1.040438      0.6722129    
 2005  0.6609849       1.159389     -0.2482576     -0.1287887     -0.5794175      0.5019397      0.4949538      0.5990137     -0.6684440E-01 -0.2077966      0.5011234      0.8757054    
 2006   2.023683      0.6129941E-01  -1.455714      0.2581665      -1.298488       1.956609       1.269830     -0.5189377      -1.058611      -1.986062     -0.6690330      0.8462692    
 2007 -0.4211800     -0.9513260      0.7254793       1.222334      -1.610112      -1.215765      -1.775499      0.2334949      0.8692849       1.960395      0.8610767       1.159788    
 2008 -0.2214023      0.7470930      -1.617956      -1.079195     -0.1643941      -1.239660     -0.7420937      -1.401657       1.860269     -0.3138401      0.6449897E-01   1.433626    
 2009 -0.3784233     -0.1361080     -0.2081772      0.3069384       1.546235     -0.1412973      -2.210816     -0.4587854       1.614666     -0.5236471      -1.931256      -1.353029    
 2010  0.6239617      -1.829131     -0.3045977      0.3083779     -0.8716592E-01  0.4243695E-01 -0.2474545     -0.3685999     -0.1833899     -0.6091707      -1.182213     -0.5339015    
 2011  0.7214389E-01  0.3147390       1.236567       1.984728     -0.1536892      -1.250821     -0.5051469      -1.090113     -0.8648220      0.2713864E-01  0.8402731     -0.3896147    
 2012   1.157503       1.721613       1.780277      -1.497331      0.1226223      -2.179852     -0.5382655     -0.5465111     -0.2669181      -1.461981     -0.5316834     -0.9644460    
 2013  0.2999619E-03  0.3080216      -1.567630     -0.3291221     -0.3714366       1.060194       1.171683       1.127456      0.3793824      -1.081928      0.5435002     -0.1944022    
 2014 -0.9942668      -1.927882      0.2675030      0.4758576E-01 -0.1657496      0.6374847      0.3043048      -1.360612       2.144798     -0.8277337      0.5725576E-02  0.8129210    
 2015 -0.1325169E-01  0.2799111       1.551909       1.001359     -0.2129137      0.1970638      -2.062682     -0.8648773E-01   1.051517       1.564260     -0.2649322      0.2472994    
 2016 -0.7500849     -0.6909936      0.4515601      -999.9000      -999.9000      -999.9000      -999.9000      -999.9000      -999.9000      -999.9000      -999.9000      -999.9000    
