# Warm Water Volume (m**3,5N-5S,120E-80W)
# TAO Project Office/NOAA/PMEL/Seattle
# http://www.pmel.noaa.gov/tao/
# Michael J. McPhaden, Director
# 
# <a href="http://www.pmel.noaa.gov/tao/elnino/wwv/data/wwv.dat">source</a>
# WWV [m^3] Warm Water Volume 5N-5S, 120E-80W
198001 0.2605404E+16
198002 0.2564434E+16
198003 0.2514065E+16
198004 0.2468250E+16
198005 0.2439852E+16
198006 0.2424722E+16
198007 0.2423295E+16
198008 0.2443604E+16
198009 0.2497698E+16
198010 0.2566956E+16
198011 0.2621343E+16
198012 0.2623023E+16
198101 0.2576040E+16
198102 0.2559533E+16
198103 0.2557277E+16
198104 0.2502153E+16
198105 0.2438036E+16
198106 0.2390536E+16
198107 0.2386925E+16
198108 0.2431289E+16
198109 0.2478905E+16
198110 0.2514995E+16
198111 0.2548837E+16
198112 0.2581163E+16
198201 0.2599254E+16
198202 0.2575204E+16
198203 0.2542435E+16
198204 0.2529230E+16
198205 0.2504609E+16
198206 0.2463242E+16
198207 0.2454411E+16
198208 0.2518700E+16
198209 0.2604845E+16
198210 0.2646047E+16
198211 0.2654919E+16
198212 0.2626871E+16
198301 0.2526509E+16
198302 0.2448249E+16
198303 0.2423759E+16
198304 0.2390321E+16
198305 0.2342143E+16
198306 0.2284675E+16
198307 0.2249621E+16
198308 0.2258997E+16
198309 0.2255998E+16
198310 0.2232468E+16
198311 0.2271716E+16
198312 0.2332108E+16
198401 0.2348520E+16
198402 0.2348944E+16
198403 0.2342027E+16
198404 0.2310519E+16
198405 0.2268976E+16
198406 0.2250153E+16
198407 0.2260530E+16
198408 0.2302695E+16
198409 0.2344288E+16
198410 0.2388159E+16
198411 0.2455483E+16
198412 0.2487950E+16
198501 0.2483845E+16
198502 0.2477009E+16
198503 0.2465358E+16
198504 0.2450640E+16
198505 0.2431770E+16
198506 0.2419480E+16
198507 0.2424329E+16
198508 0.2445586E+16
198509 0.2475940E+16
198510 0.2519580E+16
198511 0.2572301E+16
198512 0.2588258E+16
198601 0.2563317E+16
198602 0.2538062E+16
198603 0.2505328E+16
198604 0.2478123E+16
198605 0.2476218E+16
198606 0.2476150E+16
198607 0.2471204E+16
198608 0.2480367E+16
198609 0.2524212E+16
198610 0.2589941E+16
198611 0.2628237E+16
198612 0.2628954E+16
198701 0.2577159E+16
198702 0.2500974E+16
198703 0.2449796E+16
198704 0.2402622E+16
198705 0.2349161E+16
198706 0.2289500E+16
198707 0.2259842E+16
198708 0.2295905E+16
198709 0.2334412E+16
198710 0.2359529E+16
198711 0.2383790E+16
198712 0.2383631E+16
198801 0.2353099E+16
198802 0.2295409E+16
198803 0.2238371E+16
198804 0.2195940E+16
198805 0.2184307E+16
198806 0.2200021E+16
198807 0.2224839E+16
198808 0.2247362E+16
198809 0.2274072E+16
198810 0.2308864E+16
198811 0.2369640E+16
198812 0.2439373E+16
198901 0.2491028E+16
198902 0.2514198E+16
198903 0.2517528E+16
198904 0.2519925E+16
198905 0.2513628E+16
198906 0.2492366E+16
198907 0.2477131E+16
198908 0.2478206E+16
198909 0.2494590E+16
198910 0.2534037E+16
198911 0.2596634E+16
198912 0.2658329E+16
199001 0.2689703E+16
199002 0.2680060E+16
199003 0.2634880E+16
199004 0.2547817E+16
199005 0.2463450E+16
199006 0.2421230E+16
199007 0.2430376E+16
199008 0.2470730E+16
199009 0.2507695E+16
199010 0.2542906E+16
199011 0.2586022E+16
199012 0.2626330E+16
199101 0.2614022E+16
199102 0.2558104E+16
199103 0.2515447E+16
199104 0.2496115E+16
199105 0.2486033E+16
199106 0.2484076E+16
199107 0.2490252E+16
199108 0.2508754E+16
199109 0.2548854E+16
199110 0.2605379E+16
199111 0.2650473E+16
199112 0.2673819E+16
199201 0.2653577E+16
199202 0.2578928E+16
199203 0.2475688E+16
199204 0.2386988E+16
199205 0.2311416E+16
199206 0.2275161E+16
199207 0.2296746E+16
199208 0.2340138E+16
199209 0.2401427E+16
199210 0.2471400E+16
199211 0.2526881E+16
199212 0.2564757E+16
199301 0.2547982E+16
199302 0.2504535E+16
199303 0.2470780E+16
199304 0.2424812E+16
199305 0.2360257E+16
199306 0.2285381E+16
199307 0.2243822E+16
199308 0.2268105E+16
199309 0.2341908E+16
199310 0.2409425E+16
199311 0.2446644E+16
199312 0.2451112E+16
199401 0.2423276E+16
199402 0.2388269E+16
199403 0.2369788E+16
199404 0.2367871E+16
199405 0.2366867E+16
199406 0.2357347E+16
199407 0.2359351E+16
199408 0.2396386E+16
199409 0.2464412E+16
199410 0.2541941E+16
199411 0.2595705E+16
199412 0.2570373E+16
199501 0.2492226E+16
199502 0.2412291E+16
199503 0.2345987E+16
199504 0.2317874E+16
199505 0.2327909E+16
199506 0.2342137E+16
199507 0.2344089E+16
199508 0.2343280E+16
199509 0.2359580E+16
199510 0.2417303E+16
199511 0.2490857E+16
199512 0.2543478E+16
199601 0.2557287E+16
199602 0.2542566E+16
199603 0.2507897E+16
199604 0.2465162E+16
199605 0.2445983E+16
199606 0.2440368E+16
199607 0.2428658E+16
199608 0.2439065E+16
199609 0.2469404E+16
199610 0.2512970E+16
199611 0.2579045E+16
199612 0.2642714E+16
199701 0.2686328E+16
199702 0.2694120E+16
199703 0.2686111E+16
199704 0.2687697E+16
199705 0.2666868E+16
199706 0.2612996E+16
199707 0.2555528E+16
199708 0.2550211E+16
199709 0.2602844E+16
199710 0.2645864E+16
199711 0.2611981E+16
199712 0.2498276E+16
199801 0.2358433E+16
199802 0.2267978E+16
199803 0.2202850E+16
199804 0.2134285E+16
199805 0.2066714E+16
199806 0.2022970E+16
199807 0.2004112E+16
199808 0.2031529E+16
199809 0.2094708E+16
199810 0.2163092E+16
199811 0.2235136E+16
199812 0.2307169E+16
199901 0.2347512E+16
199902 0.2353556E+16
199903 0.2336246E+16
199904 0.2321196E+16
199905 0.2307033E+16
199906 0.2299004E+16
199907 0.2295479E+16
199908 0.2292051E+16
199909 0.2323113E+16
199910 0.2381948E+16
199911 0.2426284E+16
199912 0.2462247E+16
200001 0.2487857E+16
200002 0.2493046E+16
200003 0.2481390E+16
200004 0.2462374E+16
200005 0.2453312E+16
200006 0.2445155E+16
200007 0.2429275E+16
200008 0.2423873E+16
200009 0.2454025E+16
200010 0.2501178E+16
200011 0.2536732E+16
200012 0.2555972E+16
200101 0.2546211E+16
200102 0.2512901E+16
200103 0.2494813E+16
200104 0.2475254E+16
200105 0.2448680E+16
200106 0.2440925E+16
200107 0.2433566E+16
200108 0.2436859E+16
200109 0.2479861E+16
200110 0.2543220E+16
200111 0.2600541E+16
200112 0.2628518E+16
200201 0.2634158E+16
200202 0.2597890E+16
200203 0.2526582E+16
200204 0.2463902E+16
200205 0.2441019E+16
200206 0.2450465E+16
200207 0.2473744E+16
200208 0.2520377E+16
200209 0.2589694E+16
200210 0.2647714E+16
200211 0.2653344E+16
200212 0.2599803E+16
200301 0.2516492E+16
200302 0.2444441E+16
200303 0.2403404E+16
200304 0.2372018E+16
200305 0.2368247E+16
200306 0.2404915E+16
200307 0.2446953E+16
200308 0.2469313E+16
200309 0.2498608E+16
200310 0.2563389E+16
200311 0.2625817E+16
200312 0.2632511E+16
200401 0.2586427E+16
200402 0.2526785E+16
200403 0.2475735E+16
200404 0.2447524E+16
200405 0.2429352E+16
200406 0.2435690E+16
200407 0.2459587E+16
200408 0.2486064E+16
200409 0.2543407E+16
200410 0.2604432E+16
200411 0.2649637E+16
200412 0.2659502E+16
200501 0.2618240E+16
200502 0.2581791E+16
200503 0.2555779E+16
200504 0.2497465E+16
200505 0.2436663E+16
200506 0.2403532E+16
200507 0.2395010E+16
200508 0.2401039E+16
200509 0.2423580E+16
200510 0.2463544E+16
200511 0.2506541E+16
200512 0.2523689E+16
200601 0.2505800E+16
200602 0.2485806E+16
200603 0.2475912E+16
200604 0.2464208E+16
200605 0.2467526E+16
200606 0.2476632E+16
200607 0.2480938E+16
200608 0.2502313E+16
200609 0.2542094E+16
200610 0.2600383E+16
200611 0.2638961E+16
200612 0.2592138E+16
200701 0.2489771E+16
200702 0.2406363E+16
200703 0.2347025E+16
200704 0.2309236E+16
200705 0.2299071E+16
200706 0.2301907E+16
200707 0.2297684E+16
200708 0.2304591E+16
200709 0.2335910E+16
200710 0.2388062E+16
200711 0.2455581E+16
200712 0.2500810E+16
200801 0.2505038E+16
200802 0.2512875E+16
200803 0.2532365E+16
200804 0.2530652E+16
200805 0.2516899E+16
200806 0.2500354E+16
200807 0.2467700E+16
200808 0.2432559E+16
200809 0.2423940E+16
200810 0.2450445E+16
200811 0.2478308E+16
200812 0.2491068E+16
200901 0.2498637E+16
200902 0.2492721E+16
200903 0.2489431E+16
200904 0.2501811E+16
200905 0.2510969E+16
200906 0.2511881E+16
200907 0.2501176E+16
200908 0.2500946E+16
200909 0.2529811E+16
200910 0.2577688E+16
200911 0.2626350E+16
200912 0.2629830E+16
201001 0.2587183E+16
201002 0.2538935E+16
201003 0.2479696E+16
201004 0.2391089E+16
201005 0.2306159E+16
201006 0.2263996E+16
201007 0.2251691E+16
201008 0.2245414E+16
201009 0.2271120E+16
201010 0.2330131E+16
201011 0.2406032E+16
201012 0.2467257E+16
201101 0.2518036E+16
201102 0.2562322E+16
201103 0.2573910E+16
201104 0.2561077E+16
201105 0.2530415E+16
201106 0.2483602E+16
201107 0.2440577E+16
201108 0.2418108E+16
201109 0.2423103E+16
201110 0.2452588E+16
201111 0.2491743E+16
201112 0.2514026E+16
201201 0.2513741E+16
201202 0.2502131E+16
201203 0.2489888E+16
201204 0.2486963E+16
201205 0.2488803E+16
201206 0.2481061E+16
201207 0.2468542E+16
201208 0.2467069E+16
201209 0.2481111E+16
201210 0.2507945E+16
201211 0.2532277E+16
201212 0.2537849E+16
201301 0.2528977E+16
201302 0.2510419E+16
201303 0.2478912E+16
201304 0.2443484E+16
201305 0.2422162E+16
201306 0.2421191E+16
201307 0.2438604E+16
201308 0.2469621E+16
201309 0.2514952E+16
201310 0.2571716E+16
201311 0.2615613E+16
201312 0.2626750E+16
201401 0.2618996E+16
201402 0.2623150E+16
201403 0.2630529E+16
201404 0.2607757E+16
201405 0.2550116E+16
201406 0.2495328E+16
201407 0.2476906E+16
201408 0.2502409E+16
201409 0.2554197E+16
201410 0.2606401E+16
201411 0.2640610E+16
201412 0.2638994E+16
201501 0.2610818E+16
201502 0.2591555E+16
201503 0.2588879E+16
201504 0.2583686E+16
201505 0.2563465E+16
201506 0.2541832E+16
201507 0.2538131E+16
201508 0.2556391E+16
201509 0.2585453E+16
201510 0.2614505E+16
201511 0.2623398E+16
201512 0.2595564E+16
201601 0.2526871E+16
201602 0.2440432E+16
201603 0.2370891E+16
