# wio [Celsius] West Indian Ocean SST anomalies
# from <a href=http://www.jamstec.go.jp/frcgc/research/d1/iod/e/iod/about_iod.html>JAMSTEC</a>
1870 1 -0.0351939
1870 2 -0.261713
1870 3 -0.318718
1870 4 -0.0332099
1870 5 -0.0388107
1870 6 -0.0461273
1870 7 0.0360145
1870 8 0.137766
1870 9 0.0914429
1870 10 0.0376792
1870 11 -0.00361675
1870 12 -0.0452755
1871 1 0.00330668
1871 2 -0.129448
1871 3 -0.132594
1871 4 -0.236668
1871 5 -0.366863
1871 6 -0.402121
1871 7 -0.10272
1871 8 -0.14274
1871 9 -0.423274
1871 10 -0.314923
1871 11 -0.208837
1871 12 -0.230455
1872 1 -0.328861
1872 2 -0.28459
1872 3 -0.208721
1872 4 -0.309414
1872 5 -0.0878916
1872 6 -0.0885964
1872 7 -0.103076
1872 8 -0.144389
1872 9 -0.174422
1872 10 -0.194999
1872 11 -0.0495238
1872 12 -0.264862
1873 1 -0.337342
1873 2 -0.337177
1873 3 -0.363415
1873 4 -0.241718
1873 5 -0.308153
1873 6 -0.191698
1873 7 -0.157046
1873 8 -0.034715
1873 9 0.0803281
1873 10 -0.253966
1873 11 -0.194257
1873 12 -0.295693
1874 1 0.0540488
1874 2 -0.0904522
1874 3 0.218541
1874 4 0.140861
1874 5 -0.158292
1874 6 -0.0635437
1874 7 -0.0137435
1874 8 -0.376223
1874 9 -0.0189904
1874 10 0.000142319
1874 11 -0.359003
1874 12 -0.0527173
1875 1 -0.0672306
1875 2 -0.27923
1875 3 -0.341068
1875 4 -0.51551
1875 5 -0.158489
1875 6 -0.400052
1875 7 -0.360516
1875 8 -0.410453
1875 9 -0.342042
1875 10 -0.0135069
1875 11 0.333456
1875 12 -0.274338
1876 1 -0.350645
1876 2 -0.200023
1876 3 -0.0470933
1876 4 -0.0626403
1876 5 -0.109628
1876 6 -0.408528
1876 7 -0.394282
1876 8 -0.391642
1876 9 -0.656674
1876 10 -0.577654
1876 11 -0.462874
1876 12 -0.410435
1877 1 -0.272344
1877 2 -0.469706
1877 3 -0.258686
1877 4 -0.1865
1877 5 0.0238029
1877 6 0.162656
1877 7 0.3003
1877 8 -0.343296
1877 9 -0.407037
1877 10 -0.369006
1877 11 -0.41984
1877 12 0.0474838
1878 1 0.54027
1878 2 0.85606
1878 3 0.480623
1878 4 0.44835
1878 5 0.51276
1878 6 0.474244
1878 7 0.409616
1878 8 0.23663
1878 9 -0.112919
1878 10 0.303227
1878 11 0.00136292
1878 12 0.147901
1879 1 0.149925
1879 2 0.0277838
1879 3 0.118852
1879 4 -0.0076679
1879 5 0.00943133
1879 6 -0.0558994
1879 7 -0.0405143
1879 8 -0.038638
1879 9 -0.0974554
1879 10 -0.130152
1879 11 -0.215789
1879 12 -0.28745
1880 1 -0.369633
1880 2 -0.216704
1880 3 -0.075583
1880 4 -0.257393
1880 5 -0.388043
1880 6 -0.391177
1880 7 -0.0711829
1880 8 0.194059
1880 9 -0.0430442
1880 10 0.0159104
1880 11 0.119681
1880 12 -0.0527921
1881 1 -0.327434
1881 2 0.0111336
1881 3 0.216767
1881 4 0.311621
1881 5 0.175984
1881 6 -0.182375
1881 7 0.111495
1881 8 0.0551893
1881 9 0.0268567
1881 10 0.0428566
1881 11 -0.0580872
1881 12 0.0789858
1882 1 0.247766
1882 2 0.362614
1882 3 -0.0429398
1882 4 -0.00782737
1882 5 -0.182289
1882 6 -0.353427
1882 7 -0.250383
1882 8 -0.00513285
1882 9 0.0524678
1882 10 -0.0496677
1882 11 -0.26754
1882 12 -0.337185
1883 1 0.329172
1883 2 -0.0304988
1883 3 -0.132166
1883 4 -0.331894
1883 5 -0.232975
1883 6 0.0590389
1883 7 0.00622167
1883 8 -0.339497
1883 9 -0.217626
1883 10 -0.377925
1883 11 -0.281428
1883 12 -0.45688
1884 1 -0.381278
1884 2 -0.342987
1884 3 -0.117054
1884 4 -0.311909
1884 5 -0.329578
1884 6 -0.272961
1884 7 -0.199295
1884 8 0.0887052
1884 9 0.150918
1884 10 -0.0502365
1884 11 -0.0347121
1884 12 -0.00885909
1885 1 0.0666575
1885 2 -0.373813
1885 3 -0.210676
1885 4 -0.224739
1885 5 -0.256517
1885 6 -0.513104
1885 7 -0.531409
1885 8 -0.388923
1885 9 -0.211864
1885 10 -0.313089
1885 11 0.00536082
1885 12 0.0141734
1886 1 0.264356
1886 2 0.229895
1886 3 0.327209
1886 4 0.198682
1886 5 0.0707098
1886 6 -0.182681
1886 7 -0.0828733
1886 8 0.179538
1886 9 0.073082
1886 10 -0.0996418
1886 11 -0.117729
1886 12 -0.387925
1887 1 -0.179039
1887 2 -0.216045
1887 3 -0.223347
1887 4 -0.424661
1887 5 -0.454427
1887 6 -0.494424
1887 7 -0.354798
1887 8 -0.432105
1887 9 -0.663686
1887 10 -0.290757
1887 11 -0.330564
1887 12 -0.409233
1888 1 -0.491255
1888 2 -0.0670531
1888 3 0.0520958
1888 4 0.14642
1888 5 0.0875399
1888 6 -0.112856
1888 7 -0.176505
1888 8 0.0080425
1888 9 -0.115626
1888 10 0.0842589
1888 11 0.173697
1888 12 0.129667
1889 1 0.343505
1889 2 0.147194
1889 3 0.438904
1889 4 0.348319
1889 5 0.339526
1889 6 0.0772982
1889 7 0.0465835
1889 8 0.115732
1889 9 0.167738
1889 10 0.0853941
1889 11 -0.0748927
1889 12 -0.354276
1890 1 -0.592385
1890 2 -0.554651
1890 3 -0.199573
1890 4 -0.387467
1890 5 -0.478376
1890 6 -0.294897
1890 7 -0.322689
1890 8 -0.524454
1890 9 -0.346221
1890 10 -0.175083
1890 11 -0.320345
1890 12 -0.311615
1891 1 -0.359398
1891 2 -0.0633368
1891 3 0.0567358
1891 4 -0.140069
1891 5 -0.229993
1891 6 -0.333228
1891 7 -0.492315
1891 8 -0.624471
1891 9 -0.584833
1891 10 -0.525546
1891 11 -0.403922
1891 12 -0.389715
1892 1 -0.0930644
1892 2 0.13962
1892 3 -0.127753
1892 4 -0.109518
1892 5 -0.00403276
1892 6 0.188878
1892 7 -0.175984
1892 8 0.0712293
1892 9 0.228332
1892 10 -0.302932
1892 11 -0.510439
1892 12 -0.526893
1893 1 -0.495312
1893 2 -0.453597
1893 3 -0.109579
1893 4 -0.15419
1893 5 -0.251777
1893 6 -0.240015
1893 7 -0.118244
1893 8 -0.0395193
1893 9 -0.134356
1893 10 -0.109146
1893 11 -0.307502
1893 12 -0.328647
1894 1 -0.505887
1894 2 -0.266873
1894 3 -0.270756
1894 4 -0.215368
1894 5 -0.45586
1894 6 -0.566602
1894 7 -0.567583
1894 8 -0.792284
1894 9 -0.568804
1894 10 -0.522856
1894 11 -0.480557
1894 12 -0.360499
1895 1 -0.39953
1895 2 -0.381426
1895 3 -0.306581
1895 4 -0.341373
1895 5 -0.387577
1895 6 -0.33941
1895 7 -0.291275
1895 8 -0.297744
1895 9 -0.22092
1895 10 -0.305469
1895 11 0.0482113
1895 12 -0.106213
1896 1 0.085386
1896 2 0.178215
1896 3 0.171034
1896 4 0.029266
1896 5 0.00399789
1896 6 -0.0434484
1896 7 -0.216114
1896 8 -0.264949
1896 9 -0.394572
1896 10 -0.600061
1896 11 -0.413998
1896 12 -0.130531
1897 1 0.103065
1897 2 0.257762
1897 3 0.253812
1897 4 0.021262
1897 5 -0.10015
1897 6 -0.036353
1897 7 0.130906
1897 8 0.206039
1897 9 0.168033
1897 10 0.504491
1897 11 0.138363
1897 12 0.142771
1898 1 -0.0408532
1898 2 -0.129719
1898 3 -0.364793
1898 4 -0.17189
1898 5 -0.114842
1898 6 -0.208507
1898 7 0.105062
1898 8 0.0497372
1898 9 0.0482585
1898 10 0.09776
1898 11 -0.161445
1898 12 -0.292578
1899 1 -0.461477
1899 2 -0.53182
1899 3 -0.54883
1899 4 -0.503442
1899 5 -0.436249
1899 6 -0.343859
1899 7 -0.213857
1899 8 -0.277574
1899 9 -0.240369
1899 10 -0.168173
1899 11 -0.161839
1899 12 0.146296
1900 1 0.0979216
1900 2 0.201473
1900 3 0.175631
1900 4 0.199691
1900 5 -0.00350956
1900 6 -0.112456
1900 7 -0.022472
1900 8 0.0173975
1900 9 0.0324488
1900 10 -0.148623
1900 11 -0.146039
1900 12 0.284664
1901 1 0.309502
1901 2 0.195094
1901 3 0.113276
1901 4 0.0603464
1901 5 0.0432889
1901 6 -0.0722152
1901 7 -0.242489
1901 8 -0.035239
1901 9 -0.155688
1901 10 -0.103753
1901 11 -0.0889129
1901 12 -0.0272233
1902 1 -0.0447497
1902 2 0.00464626
1902 3 -0.205954
1902 4 -0.346807
1902 5 -0.350704
1902 6 -0.216107
1902 7 -0.429866
1902 8 -0.620385
1902 9 -0.701422
1902 10 -0.24012
1902 11 -0.455422
1902 12 -0.151827
1903 1 0.0179251
1903 2 0.0866387
1903 3 -0.0594377
1903 4 0.0344942
1903 5 -0.218276
1903 6 -0.0306669
1903 7 -0.0528341
1903 8 -0.0607881
1903 9 -0.0772361
1903 10 -0.0345494
1903 11 -0.314937
1903 12 -0.332769
1904 1 -0.638223
1904 2 -0.349739
1904 3 -0.437962
1904 4 -0.627337
1904 5 -0.420665
1904 6 -0.308058
1904 7 -0.301774
1904 8 -0.27039
1904 9 -0.180865
1904 10 -0.359032
1904 11 -0.267959
1904 12 -0.0426157
1905 1 -0.0475568
1905 2 -0.0193096
1905 3 0.0918476
1905 4 -0.261061
1905 5 -0.324646
1905 6 0.117911
1905 7 -0.213667
1905 8 -0.325126
1905 9 -0.406109
1905 10 -0.14081
1905 11 0.0215204
1905 12 0.228378
1906 1 0.224384
1906 2 0.357489
1906 3 0.158029
1906 4 0.211803
1906 5 0.0208802
1906 6 0.0266525
1906 7 0.139459
1906 8 0.283839
1906 9 0.475718
1906 10 0.129564
1906 11 -0.0884104
1906 12 -0.395428
1907 1 -0.0310825
1907 2 -0.196396
1907 3 -0.346786
1907 4 -0.0306355
1907 5 -0.3092
1907 6 -0.380212
1907 7 -0.260861
1907 8 -0.175601
1907 9 -0.18346
1907 10 -0.251425
1907 11 -0.173117
1907 12 -0.186763
1908 1 -0.0223686
1908 2 -0.0683628
1908 3 -0.360313
1908 4 0.0411224
1908 5 -0.222312
1908 6 -0.278165
1908 7 -0.134972
1908 8 -0.020544
1908 9 -0.35936
1908 10 -0.126566
1908 11 -0.107707
1908 12 -0.218492
1909 1 0.0110403
1909 2 -0.152233
1909 3 -0.0345049
1909 4 -0.0389392
1909 5 0.0306821
1909 6 0.0211541
1909 7 0.0719501
1909 8 0.059223
1909 9 0.0721604
1909 10 -0.0810102
1909 11 -0.173477
1909 12 -0.189155
1910 1 0.0384224
1910 2 -0.425059
1910 3 -0.180162
1910 4 -0.495668
1910 5 -0.255259
1910 6 -0.18909
1910 7 0.141377
1910 8 -0.113645
1910 9 -0.00727661
1910 10 0.0154294
1910 11 -0.257223
1910 12 -0.394885
1911 1 -0.161362
1911 2 -0.201069
1911 3 0.269019
1911 4 -0.0309315
1911 5 -0.0997068
1911 6 -0.0592217
1911 7 -0.135645
1911 8 -0.0597991
1911 9 -0.245136
1911 10 -0.149109
1911 11 -0.262525
1911 12 -0.253354
1912 1 -0.0920496
1912 2 -0.0450612
1912 3 -0.312023
1912 4 0.0287757
1912 5 -0.284008
1912 6 -0.199534
1912 7 0.0403946
1912 8 0.197059
1912 9 0.12088
1912 10 -0.0215196
1912 11 0.0111868
1912 12 -0.186555
1913 1 -0.26842
1913 2 -0.0273331
1913 3 -0.42093
1913 4 -0.38317
1913 5 -0.341303
1913 6 -0.533194
1913 7 -0.440939
1913 8 -0.406202
1913 9 -0.26636
1913 10 -0.466865
1913 11 -0.16072
1913 12 -0.0818508
1914 1 -0.0331166
1914 2 0.0554282
1914 3 0.048051
1914 4 -0.0909785
1914 5 -0.184559
1914 6 -0.311596
1914 7 -0.0594695
1914 8 -0.135112
1914 9 -0.391723
1914 10 -0.206966
1914 11 0.246437
1914 12 0.191611
1915 1 0.104406
1915 2 0.180913
1915 3 0.101824
1915 4 0.201206
1915 5 0.247022
1915 6 0.275362
1915 7 0.333522
1915 8 0.0443701
1915 9 0.140123
1915 10 -0.060037
1915 11 -0.0290006
1915 12 -0.219562
1916 1 -0.362387
1916 2 -0.395781
1916 3 -0.375257
1916 4 -0.306976
1916 5 -0.241833
1916 6 0.00339464
1916 7 0.0167569
1916 8 0.206626
1916 9 0.394217
1916 10 0.0462733
1916 11 -0.318969
1916 12 -0.393945
1917 1 -0.579058
1917 2 -0.514749
1917 3 -0.687466
1917 4 -0.382418
1917 5 -0.36478
1917 6 -0.204522
1917 7 0.0483894
1917 8 0.0901803
1917 9 0.332892
1917 10 0.13892
1917 11 -0.0856485
1917 12 -0.34735
1918 1 -0.780186
1918 2 -0.964665
1918 3 -0.766964
1918 4 -0.501414
1918 5 -0.333299
1918 6 -0.366082
1918 7 -0.334664
1918 8 -0.445957
1918 9 -0.366677
1918 10 -0.295663
1918 11 -0.124486
1918 12 -0.21201
1919 1 0.0809216
1919 2 0.0889481
1919 3 0.0583175
1919 4 0.128431
1919 5 0.227911
1919 6 0.190285
1919 7 -0.114617
1919 8 -0.0454257
1919 9 -0.0682118
1919 10 -0.216354
1919 11 -0.489847
1919 12 -0.23796
1920 1 -0.236502
1920 2 -0.322177
1920 3 -0.287018
1920 4 -0.319071
1920 5 -0.382012
1920 6 -0.378671
1920 7 -0.325859
1920 8 0.0334304
1920 9 -0.0369213
1920 10 -0.283662
1920 11 -0.0726986
1920 12 -0.243416
1921 1 -0.28222
1921 2 -0.372408
1921 3 -0.439492
1921 4 -0.183039
1921 5 -0.485679
1921 6 -0.336103
1921 7 -0.186677
1921 8 0.0419019
1921 9 -0.236664
1921 10 -0.0339754
1921 11 -0.142518
1921 12 0.0423523
1922 1 -0.0940786
1922 2 -0.11477
1922 3 -0.405226
1922 4 -0.260532
1922 5 -0.239495
1922 6 -0.220192
1922 7 -0.118728
1922 8 -0.0888238
1922 9 -0.270754
1922 10 -0.0640244
1922 11 0.011196
1922 12 -0.374498
1923 1 -0.416269
1923 2 -0.258838
1923 3 -0.189525
1923 4 -0.136256
1923 5 -0.0658426
1923 6 -0.262619
1923 7 -0.237099
1923 8 -0.524323
1923 9 -0.767988
1923 10 -0.545778
1923 11 -0.456478
1923 12 -0.107731
1924 1 0.135104
1924 2 0.331956
1924 3 0.248048
1924 4 0.0639349
1924 5 -0.0545867
1924 6 0.0508596
1924 7 -0.0633378
1924 8 -0.132967
1924 9 0.0592759
1924 10 -0.324381
1924 11 -0.337571
1924 12 -0.253705
1925 1 -0.42459
1925 2 -0.639959
1925 3 -0.474188
1925 4 -0.755446
1925 5 -0.397031
1925 6 -0.501306
1925 7 -0.220003
1925 8 -0.400934
1925 9 -0.623186
1925 10 -0.41397
1925 11 -0.200956
1925 12 -0.0946016
1926 1 -0.087132
1926 2 0.0666257
1926 3 0.0243183
1926 4 0.0461082
1926 5 -0.0540872
1926 6 -0.223355
1926 7 0.13333
1926 8 -0.216332
1926 9 -0.0424563
1926 10 -0.133527
1926 11 -0.0118767
1926 12 -0.0413803
1927 1 -0.3034
1927 2 -0.0345894
1927 3 -0.219981
1927 4 -0.130714
1927 5 -0.31172
1927 6 -0.272873
1927 7 0.0624825
1927 8 -0.0380845
1927 9 0.000938291
1927 10 0.00113536
1927 11 -0.182605
1927 12 -0.0900144
1928 1 0.147931
1928 2 0.189183
1928 3 -0.000838616
1928 4 -0.227191
1928 5 -0.135544
1928 6 0.0552139
1928 7 -0.000235845
1928 8 0.273908
1928 9 0.308536
1928 10 0.0399852
1928 11 -0.031163
1928 12 0.0103529
1929 1 -0.125252
1929 2 -0.180596
1929 3 -0.205896
1929 4 -0.0661155
1929 5 -0.271327
1929 6 -0.315262
1929 7 -0.335084
1929 8 -0.198722
1929 9 -0.20994
1929 10 -0.145714
1929 11 -0.0970388
1929 12 -0.0324651
1930 1 0.107722
1930 2 0.131754
1930 3 0.130761
1930 4 0.183475
1930 5 -0.0410394
1930 6 -0.308557
1930 7 -0.170855
1930 8 -0.134983
1930 9 0.143212
1930 10 0.0330516
1930 11 -0.103601
1930 12 -0.0195934
1931 1 0.18599
1931 2 0.568528
1931 3 0.563265
1931 4 0.481241
1931 5 0.331683
1931 6 0.335041
1931 7 0.366674
1931 8 0.192465
1931 9 0.357965
1931 10 0.0969511
1931 11 0.0487089
1931 12 0.182358
1932 1 -0.0213062
1932 2 -0.0484739
1932 3 0.0516014
1932 4 -0.241207
1932 5 0.0328256
1932 6 -0.0113879
1932 7 -0.157072
1932 8 0.0872915
1932 9 -0.174232
1932 10 0.0849357
1932 11 -0.184065
1932 12 -0.350843
1933 1 0.0742627
1933 2 -0.0780989
1933 3 -0.277374
1933 4 -0.391107
1933 5 0.052257
1933 6 -0.0530831
1933 7 0.0684131
1933 8 0.129017
1933 9 0.60032
1933 10 0.168582
1933 11 -0.0602466
1933 12 -0.108185
1934 1 -0.250384
1934 2 -0.600687
1934 3 -0.677946
1934 4 -0.454667
1934 5 -0.516071
1934 6 -0.312301
1934 7 -0.182198
1934 8 -0.287306
1934 9 0.00761511
1934 10 -0.238728
1934 11 -0.154747
1934 12 0.0528573
1935 1 -0.189254
1935 2 0.0207632
1935 3 -0.402833
1935 4 0.0209284
1935 5 -0.328169
1935 6 -0.331932
1935 7 -0.527535
1935 8 -0.422899
1935 9 -0.283586
1935 10 -0.251806
1935 11 -0.366843
1935 12 -0.208808
1936 1 -0.13955
1936 2 0.251344
1936 3 0.0714004
1936 4 -0.141506
1936 5 -0.167943
1936 6 -0.249749
1936 7 -0.207107
1936 8 0.237959
1936 9 0.311562
1936 10 0.215056
1936 11 -0.11248
1936 12 0.264406
1937 1 -0.0134795
1937 2 0.369751
1937 3 0.238546
1937 4 0.218911
1937 5 -0.151695
1937 6 0.157204
1937 7 0.190362
1937 8 0.0229115
1937 9 -0.0399453
1937 10 0.056194
1937 11 0.10125
1937 12 -0.156039
1938 1 0.0188597
1938 2 0.134207
1938 3 0.0165322
1938 4 0.0796386
1938 5 -0.0850824
1938 6 0.263229
1938 7 0.243242
1938 8 -0.0919723
1938 9 0.0530146
1938 10 0.145215
1938 11 0.196067
1938 12 0.112525
1939 1 -0.323546
1939 2 -0.378864
1939 3 -0.380989
1939 4 -0.14899
1939 5 -0.17605
1939 6 -0.12829
1939 7 0.0159166
1939 8 -0.0427446
1939 9 -0.232462
1939 10 -0.32362
1939 11 0.171581
1939 12 -0.046992
1940 1 -0.184276
1940 2 -0.0158412
1940 3 0.258261
1940 4 0.119133
1940 5 0.0854794
1940 6 -0.0897899
1940 7 0.187667
1940 8 -0.167405
1940 9 0.0626763
1940 10 0.262994
1940 11 0.331985
1940 12 0.322711
1941 1 0.483538
1941 2 0.679797
1941 3 0.460049
1941 4 0.492431
1941 5 0.296579
1941 6 0.427009
1941 7 0.533959
1941 8 0.525589
1941 9 0.187209
1941 10 0.183771
1941 11 0.119771
1941 12 0.499164
1942 1 0.254959
1942 2 0.201637
1942 3 0.420537
1942 4 0.293194
1942 5 0.365893
1942 6 0.523183
1942 7 0.118876
1942 8 0.638605
1942 9 0.396722
1942 10 -0.0394433
1942 11 0.0607483
1942 12 -0.0468186
1943 1 -0.151474
1943 2 -0.18653
1943 3 -0.206259
1943 4 -0.275451
1943 5 -0.0467665
1943 6 -0.390596
1943 7 -0.397338
1943 8 -0.276862
1943 9 0.270641
1943 10 0.145594
1943 11 0.234187
1943 12 0.132059
1944 1 0.0231383
1944 2 -0.351954
1944 3 0.0363692
1944 4 -0.0550194
1944 5 -0.323293
1944 6 0.040545
1944 7 -0.0950972
1944 8 -0.124294
1944 9 0.0110632
1944 10 0.177771
1944 11 0.0467596
1944 12 0.105365
1945 1 0.401567
1945 2 0.295533
1945 3 -0.339402
1945 4 -0.180321
1945 5 -0.0430047
1945 6 0.150453
1945 7 0.426446
1945 8 0.433947
1945 9 0.0366206
1945 10 -0.0506441
1945 11 -0.0760477
1945 12 0.144011
1946 1 -0.26442
1946 2 -0.122946
1946 3 0.0264237
1946 4 0.326545
1946 5 -0.401655
1946 6 -0.116554
1946 7 -0.315879
1946 8 -0.585824
1946 9 -0.44196
1946 10 -0.160442
1946 11 -0.379011
1946 12 -0.329314
1947 1 0.0302451
1947 2 -0.3183
1947 3 -0.303991
1947 4 -0.508108
1947 5 -0.417993
1947 6 -0.271749
1947 7 -0.114593
1947 8 0.0622022
1947 9 0.0474943
1947 10 -0.195174
1947 11 -0.387403
1947 12 -0.496005
1948 1 -0.346484
1948 2 -0.248867
1948 3 -0.201375
1948 4 -0.203932
1948 5 -0.311502
1948 6 -0.284562
1948 7 -0.131873
1948 8 -0.00620737
1948 9 -0.157657
1948 10 -0.187849
1948 11 -0.232931
1948 12 0.15998
1949 1 -0.415885
1949 2 -0.475058
1949 3 -0.312918
1949 4 -0.533347
1949 5 -0.406471
1949 6 -0.383547
1949 7 -0.290621
1949 8 -0.451475
1949 9 -0.342566
1949 10 -0.320911
1949 11 -0.0714697
1949 12 -0.150209
1950 1 -0.325364
1950 2 -0.0340617
1950 3 0.226092
1950 4 -0.159772
1950 5 -0.196562
1950 6 -0.0861213
1950 7 -0.274853
1950 8 -0.439631
1950 9 -0.182063
1950 10 -0.123172
1950 11 -0.471847
1950 12 -0.583196
1951 1 -0.811511
1951 2 -0.721596
1951 3 -0.588535
1951 4 -0.223323
1951 5 -0.355846
1951 6 -0.0874325
1951 7 -0.183415
1951 8 -0.365064
1951 9 -0.12325
1951 10 -0.0599219
1951 11 -0.18524
1951 12 0.051712
1952 1 -0.0970695
1952 2 -0.127683
1952 3 -0.220477
1952 4 -0.162146
1952 5 -0.0639718
1952 6 -0.162413
1952 7 -0.0477454
1952 8 -0.0561822
1952 9 0.035126
1952 10 -0.109278
1952 11 -0.22635
1952 12 -0.217341
1953 1 -0.40602
1953 2 -0.455066
1953 3 -0.176855
1953 4 -0.0843541
1953 5 -0.302031
1953 6 0.00716078
1953 7 -0.242572
1953 8 -0.288199
1953 9 -0.335494
1953 10 -0.148727
1953 11 0.00887428
1953 12 0.208683
1954 1 0.147357
1954 2 0.12303
1954 3 -0.0245246
1954 4 -0.160707
1954 5 0.214777
1954 6 0.0499115
1954 7 -0.0946954
1954 8 -0.181353
1954 9 -0.197284
1954 10 -0.223444
1954 11 -0.218233
1954 12 -0.556991
1955 1 -0.177578
1955 2 -0.395668
1955 3 -0.416478
1955 4 -0.418353
1955 5 0.0352741
1955 6 -0.347913
1955 7 -0.25055
1955 8 -0.0585037
1955 9 0.139224
1955 10 -0.036368
1955 11 -0.277302
1955 12 -0.133327
1956 1 -0.251545
1956 2 -0.425647
1956 3 -0.333424
1956 4 -0.0658824
1956 5 -0.100306
1956 6 0.110119
1956 7 0.216515
1956 8 0.0944627
1956 9 0.0334264
1956 10 0.0551134
1956 11 -0.0375874
1956 12 -0.20453
1957 1 0.116202
1957 2 0.198883
1957 3 -0.0186166
1957 4 0.0723155
1957 5 0.342212
1957 6 0.160643
1957 7 0.0889118
1957 8 0.00550817
1957 9 -0.151189
1957 10 0.0123757
1957 11 0.308869
1957 12 0.0458218
1958 1 0.474017
1958 2 0.316876
1958 3 0.266955
1958 4 0.197777
1958 5 0.24447
1958 6 0.417479
1958 7 0.724051
1958 8 0.909352
1958 9 0.762147
1958 10 0.514373
1958 11 0.364345
1958 12 0.52714
1959 1 0.189151
1959 2 0.604742
1959 3 0.432961
1959 4 0.182368
1959 5 0.463202
1959 6 0.305112
1959 7 0.0696066
1959 8 0.253205
1959 9 0.163643
1959 10 0.151964
1959 11 0.305085
1959 12 0.22839
1960 1 0.0445648
1960 2 -0.138027
1960 3 0.286721
1960 4 0.535258
1960 5 0.535257
1960 6 0.338122
1960 7 0.249361
1960 8 0.0387531
1960 9 0.152051
1960 10 0.280028
1960 11 0.246782
1960 12 0.326321
1961 1 -0.164735
1961 2 -0.193124
1961 3 -0.0762075
1961 4 0.407522
1961 5 0.0439736
1961 6 -0.242397
1961 7 -0.722286
1961 8 -0.861482
1961 9 -0.729275
1961 10 -0.56617
1961 11 -0.459498
1961 12 -0.301101
1962 1 -0.582766
1962 2 -0.71609
1962 3 -0.342637
1962 4 -0.118955
1962 5 0.0264329
1962 6 0.00681369
1962 7 -0.0126339
1962 8 0.0444116
1962 9 -0.160023
1962 10 -0.0386309
1962 11 -0.00532826
1962 12 -0.0123063
1963 1 -0.456135
1963 2 -0.572705
1963 3 -0.445635
1963 4 -0.22456
1963 5 -0.0956002
1963 6 -0.111195
1963 7 -0.438239
1963 8 -0.683187
1963 9 -0.465271
1963 10 -0.508451
1963 11 -0.219946
1963 12 0.0675178
1964 1 0.602535
1964 2 0.703189
1964 3 0.344061
1964 4 0.196638
1964 5 0.0555591
1964 6 0.017056
1964 7 0.0519304
1964 8 -0.151414
1964 9 0.0931926
1964 10 0.219304
1964 11 -0.405685
1964 12 -0.39756
1965 1 -0.232277
1965 2 0.00491614
1965 3 -0.365209
1965 4 -0.185262
1965 5 -0.127754
1965 6 -0.150199
1965 7 -0.184501
1965 8 -0.220591
1965 9 -0.177364
1965 10 -0.355097
1965 11 -0.0472534
1965 12 0.0665776
1966 1 0.0691404
1966 2 0.323293
1966 3 0.253897
1966 4 0.139153
1966 5 -0.00950104
1966 6 -0.109276
1966 7 -0.253696
1966 8 -0.423829
1966 9 -0.297538
1966 10 -0.0539666
1966 11 0.0806729
1966 12 -0.122521
1967 1 -0.398602
1967 2 -0.547212
1967 3 -0.486841
1967 4 -0.0450867
1967 5 -0.00790193
1967 6 -0.234608
1967 7 -0.677603
1967 8 -0.560015
1967 9 -0.607618
1967 10 -0.33227
1967 11 -0.138965
1967 12 -0.231873
1968 1 -0.469409
1968 2 -0.485295
1968 3 -0.372389
1968 4 -0.224857
1968 5 -0.0463202
1968 6 0.00138369
1968 7 0.160786
1968 8 0.210879
1968 9 0.396154
1968 10 0.198806
1968 11 0.219399
1968 12 0.191288
1969 1 0.382088
1969 2 0.378644
1969 3 0.343066
1969 4 0.339261
1969 5 0.333307
1969 6 0.339916
1969 7 0.136051
1969 8 0.0631312
1969 9 0.0502777
1969 10 0.210157
1969 11 0.0866762
1969 12 0.260304
1970 1 0.16966
1970 2 -0.0697327
1970 3 0.225292
1970 4 -0.0332501
1970 5 -0.0676425
1970 6 0.221868
1970 7 0.269473
1970 8 0.0675177
1970 9 0.259715
1970 10 0.1445
1970 11 -0.00325345
1970 12 -0.176854
1971 1 -0.571179
1971 2 -0.709152
1971 3 -0.8135
1971 4 -0.474
1971 5 -0.26079
1971 6 -0.127272
1971 7 -0.110468
1971 8 0.0944238
1971 9 0.128239
1971 10 0.0306862
1971 11 -0.267166
1971 12 -0.416767
1972 1 -0.201188
1972 2 -0.0235857
1972 3 -0.393504
1972 4 -0.204983
1972 5 -0.0805296
1972 6 -0.282454
1972 7 -0.355549
1972 8 -0.18979
1972 9 -0.0517215
1972 10 0.0586485
1972 11 -0.111022
1972 12 0.0571636
1973 1 0.514711
1973 2 0.314185
1973 3 0.26344
1973 4 0.457456
1973 5 0.264847
1973 6 0.336693
1973 7 0.562383
1973 8 0.533043
1973 9 0.639851
1973 10 0.293402
1973 11 -0.0114682
1973 12 -0.368541
1974 1 -0.632528
1974 2 -0.579132
1974 3 -0.57812
1974 4 -0.341393
1974 5 -0.169629
1974 6 -0.101628
1974 7 0.131452
1974 8 0.212529
1974 9 0.24429
1974 10 0.265029
1974 11 -0.05212
1974 12 0.0723452
1975 1 -0.00503602
1975 2 -0.149952
1975 3 -0.16208
1975 4 -0.382027
1975 5 -0.166678
1975 6 -0.0684919
1975 7 0.151263
1975 8 0.164661
1975 9 0.458684
1975 10 0.17798
1975 11 -0.259601
1975 12 -0.459306
1976 1 -0.513414
1976 2 -0.395661
1976 3 -0.41544
1976 4 -0.458674
1976 5 -0.291982
1976 6 -0.371195
1976 7 -0.648599
1976 8 -0.339543
1976 9 -0.194825
1976 10 -0.181099
1976 11 -0.111596
1976 12 -0.223786
1977 1 -0.0780968
1977 2 -0.135849
1977 3 -0.365004
1977 4 0.00259648
1977 5 0.240467
1977 6 0.247928
1977 7 0.0138106
1977 8 0.0670232
1977 9 -0.000367197
1977 10 -0.210725
1977 11 0.313048
1977 12 0.261006
1978 1 0.696124
1978 2 0.540105
1978 3 0.568886
1978 4 0.0296627
1978 5 -0.000552948
1978 6 -0.244674
1978 7 -0.130884
1978 8 -0.0080148
1978 9 -0.134546
1978 10 0.0716233
1978 11 0.208043
1978 12 0.046034
1979 1 0.0254271
1979 2 0.387589
1979 3 0.19622
1979 4 0.177164
1979 5 0.431057
1979 6 0.0557103
1979 7 0.0588943
1979 8 -0.150067
1979 9 -0.00170456
1979 10 0.060709
1979 11 0.101158
1979 12 0.0880645
1980 1 0.109686
1980 2 0.111859
1980 3 0.1814
1980 4 0.0414749
1980 5 0.27085
1980 6 0.143793
1980 7 0.451897
1980 8 0.629174
1980 9 0.546059
1980 10 0.562957
1980 11 0.45509
1980 12 0.492827
1981 1 0.158618
1981 2 0.042593
1981 3 0.215772
1981 4 -0.115208
1981 5 -0.0439965
1981 6 0.0215028
1981 7 0.323965
1981 8 0.326718
1981 9 0.362054
1981 10 0.373106
1981 11 0.0801451
1981 12 0.0209251
1982 1 -0.157032
1982 2 -0.238585
1982 3 -0.0526665
1982 4 -0.0938688
1982 5 -0.0928793
1982 6 -0.206114
1982 7 -0.23672
1982 8 -0.222004
1982 9 -0.32677
1982 10 -0.351702
1982 11 -0.0181328
1982 12 0.501692
1983 1 0.847266
1983 2 1.01396
1983 3 1.14789
1983 4 1.06113
1983 5 0.610809
1983 6 0.53569
1983 7 0.294595
1983 8 0.252347
1983 9 0.308568
1983 10 0.29155
1983 11 0.572034
1983 12 0.255953
1984 1 0.0877149
1984 2 -0.261448
1984 3 -0.095879
1984 4 -0.154979
1984 5 -0.0892111
1984 6 -0.023586
1984 7 0.0454945
1984 8 0.164054
1984 9 0.263348
1984 10 0.246567
1984 11 0.210409
1984 12 0.0990429
1985 1 0.306902
1985 2 0.325115
1985 3 0.245311
1985 4 0.162937
1985 5 0.0212853
1985 6 0.0893838
1985 7 0.151044
1985 8 0.154976
1985 9 0.0230439
1985 10 0.209036
1985 11 -0.113102
1985 12 0.433122
1986 1 0.017952
1986 2 0.14171
1986 3 0.0872307
1986 4 0.173994
1986 5 0.282572
1986 6 0.37357
1986 7 0.448483
1986 8 0.289007
1986 9 0.119314
1986 10 0.100453
1986 11 0.483052
1986 12 0.515403
1987 1 0.378895
1987 2 0.259079
1987 3 0.53762
1987 4 0.494428
1987 5 0.540131
1987 6 0.371846
1987 7 0.289763
1987 8 0.31583
1987 9 0.182803
1987 10 0.224912
1987 11 0.555315
1987 12 0.363733
1988 1 0.412812
1988 2 0.796993
1988 3 0.872377
1988 4 0.513762
1988 5 0.600496
1988 6 0.43362
1988 7 0.385862
1988 8 0.590493
1988 9 0.51641
1988 10 0.562405
1988 11 0.282469
1988 12 0.0944411
1989 1 0.205014
1989 2 -0.00897019
1989 3 0.10734
1989 4 0.170936
1989 5 0.369866
1989 6 0.481061
1989 7 0.384835
1989 8 0.314136
1989 9 0.309323
1989 10 0.469787
1989 11 0.577009
1989 12 0.384458
1990 1 0.401634
1990 2 0.829576
1990 3 0.509877
1990 4 0.570076
1990 5 0.484102
1990 6 0.46534
1990 7 0.412817
1990 8 0.545908
1990 9 0.216273
1990 10 0.425196
1990 11 0.335198
1990 12 0.486665
1991 1 0.416676
1991 2 0.391917
1991 3 0.385981
1991 4 0.248894
1991 5 0.21231
1991 6 0.257775
1991 7 0.0383941
1991 8 -0.0354886
1991 9 0.0227515
1991 10 0.12462
1991 11 0.10764
1991 12 0.184687
1992 1 0.557088
1992 2 0.555059
1992 3 0.711567
1992 4 0.601514
1992 5 0.745999
1992 6 1.05003
1992 7 0.759745
1992 8 0.724337
1992 9 0.669629
1992 10 0.430198
1992 11 0.409017
1992 12 0.403861
1993 1 0.41039
1993 2 0.184097
1993 3 0.294455
1993 4 0.227094
1993 5 0.320519
1993 6 0.356267
1993 7 0.247397
1993 8 0.357591
1993 9 0.16712
1993 10 0.0548647
1993 11 0.339826
1993 12 0.308162
1994 1 0.254087
1994 2 0.19382
1994 3 -0.139289
1994 4 -0.177792
1994 5 -0.22947
1994 6 -0.36679
1994 7 -0.490616
1994 8 -0.709273
1994 9 -0.679724
1994 10 -0.440613
1994 11 -0.0614445
1994 12 0.0497913
1995 1 0.129943
1995 2 0.209917
1995 3 0.228809
1995 4 0.404996
1995 5 0.545112
1995 6 0.416825
1995 7 0.502755
1995 8 0.373855
1995 9 0.246139
1995 10 0.456158
1995 11 0.495985
1995 12 0.163807
1996 1 0.355824
1996 2 0.323559
1996 3 0.286035
1996 4 0.415122
1996 5 0.227201
1996 6 0.386139
1996 7 0.541801
1996 8 0.490212
1996 9 0.40585
1996 10 0.642174
1996 11 0.60001
1996 12 0.344879
1997 1 0.0498812
1997 2 -0.211761
1997 3 0.133504
1997 4 0.149894
1997 5 0.125654
1997 6 0.208848
1997 7 -0.189873
1997 8 -0.237583
1997 9 -0.342357
1997 10 -0.384859
1997 11 -0.494023
1997 12 -0.0254069
1998 1 0.531773
1998 2 0.723155
1998 3 1.04418
1998 4 0.858548
1998 5 0.772286
1998 6 0.77008
1998 7 0.929241
1998 8 1.03124
1998 9 0.749487
1998 10 0.878032
1998 11 0.752464
1998 12 0.453945
1999 1 0.255977
1999 2 0.116779
1999 3 0.18509
1999 4 0.148526
1999 5 0.122868
1999 6 0.246566
1999 7 0.0646231
1999 8 0.103957
1999 9 0.166513
1999 10 0.0896307
1999 11 0.229727
1999 12 0.231679
2000 1 0.201119
2000 2 -0.0197779
2000 3 -0.0303261
2000 4 -0.018657
2000 5 0.00477491
2000 6 -0.0607201
2000 7 -0.0895242
2000 8 0.0542769
2000 9 0.227379
2000 10 0.279863
2000 11 0.475289
2000 12 0.314025
2001 1 0.325884
2001 2 0.0371067
2001 3 0.278819
2001 4 0.136057
2001 5 0.267163
2001 6 0.341415
2001 7 0.317199
2001 8 0.405093
2001 9 0.359881
2001 10 0.444723
2001 11 0.537445
2001 12 0.542664
2002 1 0.643909
2002 2 0.300556
2002 3 0.495828
2002 4 0.652034
2002 5 0.427372
2002 6 0.411732
2002 7 0.447374
2002 8 0.385791
2002 9 0.24594
2002 10 0.0961238
2002 11 0.282691
2002 12 0.68336
2003 1 0.596691
2003 2 0.561667
2003 3 0.555559
2003 4 0.545385
2003 5 0.481136
2003 6 0.408556
2003 7 0.254752
2003 8 0.223889
2003 9 0.352652
2003 10 0.450964
2003 11 0.413614
2003 12 0.16889
2004 1 0.466444
2004 2 0.238153
2004 3 0.176596
2004 4 0.346197
2004 5 0.427923
2004 6 0.286684
2004 7 0.187885
2004 8 0.306136
2004 9 0.259809
2004 10 0.186773
2004 11 0.475048
2004 12 0.544258
2005 1 0.505689
2005 2 0.847695
2005 3 0.835752
2005 4 0.389039
2005 5 0.488644
2005 6 0.557301
2005 7 0.597958
2005 8 0.556063
2005 9 0.666147
2005 10 0.537163
2005 11 0.378652
2005 12 0.263367
2006 1 0.104347
2006 2 0.381395
2006 3 0.345722
2006 4 0.213169
2006 5 0.476256
2006 6 0.327942
2006 7 0.189294
2006 8 0.144071
2006 9 -0.176261
2006 10 -0.254037
2006 11 0.122765
2006 12 0.459802
2007 1 0.415478
2007 2 0.464993
2007 3 0.320231
2007 4 0.303398
2007 5 0.284119
2007 6 0.567892
2007 7 0.225357
2007 8 0.19109
2007 9 0.0427375
2007 10 0.0597727
2007 11 0.158234
2007 12 0.343792
2008 1 0.211315
2008 2 0.043319
2008 3 -0.223108
2008 4 0.0108811
2008 5 -0.138662
2008 6 -0.0349937
2008 7 -0.116401
2008 8 0.121409
2008 9 0.294587
2008 10 0.277969
2008 11 0.367724
2008 12 0.269873
2009 1 0.256125
2009 2 0.128852
2009 3 0.297517
2009 4 0.177073
2009 5 0.191185
2009 6 0.517757
2009 7 0.671875
2009 8 0.666062
2009 9 0.468118
2009 10 0.583071
2009 11 0.568698
2009 12 0.588296
2010 1 0.478244
2010 2 0.807828
2010 3 0.49732
2010 4 0.584221
2010 5 0.693463
2010 6 0.712103
2010 7 0.542886
2010 8 0.531962
2010 9 0.372858
2010 10 0.629054
2010 11 0.58994
2010 12 0.325833
2011 1 -0.0490038
2011 2 -0.0482158
2011 3 -0.132756
2011 4 -0.115594
2011 5 0.192434
2011 6 0.252511
2011 7 0.0203294
2011 8 0.0812026
2011 9 0.0524631
2011 10 0.0862821
2011 11 0.215487
2011 12 0.4769
2012 1 0.227589
2012 2 0.188548
2012 3 0.0786534
2012 4 0.3688
2012 5 0.631781
2012 6 0.313837
2012 7 -0.128049
2012 8 -0.0450811
2012 9 0.160957
2012 10 0.387874
2012 11 0.484682
2012 12 0.326563
2013 1 0.503048
2013 2 0.378943
2013 3 0.407161
2013 4 0.510115
2013 5 0.595549
2013 6 0.619707
2013 7 0.357353
2013 8 0.386416
2013 9 0.358629
2013 10 0.419387
2013 11 0.394674
2013 12 0.222713
2014 1 0.401106
2014 2 0.337878
2014 3 0.414568
2014 4 0.434088
2014 5 0.633761
2014 6 0.54762
2014 7 0.682442
2014 8 0.604617
2014 9 0.375625
2014 10 0.300789
2014 11 0.626226
2014 12 0.51111
2015 1 0.407392
