0.81
0.59
0.32
0.13
1.32
0.53
1.45
1.93
1.75
0.35
0.86
1.15
0.5
0.83
0.53
1.59
0.18
2.26
2.01
0.66
1.14
2.32
0.99
0.86
0.56
0.63
0.22
0.63
1.47
0.71
0.82
1.84
1.93
0.69
0.8
1.07
0.91
0.91
0.6
0.31
1.19
0.8
2.75
1.93
1.13
1.21
0.58
0.32
0.94
0.61
0.36
0.07
1.18
2.6
2.91
1.81
1.5
3.21
0.71
0.64
0.55
0.9
0.43
0.65
0.66
0.78
1.76
2.51
0.54
1.28
0.83
0.61
1.03
0.23
0.78
0.35
1.13
2.38
1.76
2.14
0.7
0.78
0.87
0.97
0.98
0.58
1.2
0.43
0.97
2.14
1.7
2.5
1.58
1.38
1.02
0.75
0.75
0.52
0.39
0.83
2.1
3.39
2.91
2.13
1.04
1.12
1.34
0.3
0.59
0.26
0.51
0.25
1.47
1.12
1.83
1.04
0.78
1.55
1.97
0.96
0.73
0.55
0.36
0.32
0.75
1.56
1.42
3.41
1.36
1.48
1.45
0.84
0.48
0.79
0.56
0.27
1.07
3.39
2.81
1.26
1.63
1.82
0.93
0.94
0.62
0.78
0.77
0.34
1.22
1.53
1.05
1.5
2.23
0.51
0.77
0.22
0.24
0.78
0.31
1.06
1.23
0.77
2.08
2.43
0.86
0.65
1.5
0.94
0.51
0.62
0.61
1.04
1.4
0.82
1.37
1.01
1.98
1.34
0.39
0.31
0.19
0.8
0.61
0.42
0.21
1.85
1.3
2.24
0.49
0.56
1.24
0.67
0.36
0.47
0.88
0.35
0.48
1.56
2.07
1.84
3.24
1.95
0.4
0.39
0.77
0.3
0.26
0.25
0.9
2.36
2.13
0.91
2.02
0.97
0.1
0.08
0.16
0.15
0.08
0.08
0.15
1.46
4.65
1.38
1.17
0.19
0.36
0.39
0.53
0.33
0.08
0.09
1.44
3.6
3.75
1.21
1.61
0.26
0.91
0.76
0.33
0.07
0.37
0.22
1.15
1.18
1.74
2.91
0.89
1.67
0.76
0.76
0.85
0.74
1.77
0.71
2.32
1.65
2.74
2.95
1.72
0.72
0.99
0.62
0.15
0.62
0.18
0.44
1.06
2.51
3.09
1.52
1.59
0.59
0.55
0.43
0.27
0.41
0.79
0.8
0.35
1.92
1.74
1.33
1.28
1.73
0.43
0.32
0.85
0.38
0.67
0.38
0.58
0.35
0.79
0.91
1.15
0.68
0.4
1.11
1.17
0.46
0.56
0.55
1.21
1.69
1.74
2.21
1.28
0.69
0.55
0.41
0.41
0.62
0.41
0.48
0.93
2.06
3.56
1.27
1.06
0.6
1.3
0.48
0.35
0.63
0.86
0.54
1.39
0.69
2.28
2.08
2.64
0.95
1.01
0.53
0.54
0.62
0.37
0.55
0.48
2.32
0.9
1.95
1.84
1.26
0.96
0.9
0.88
0.32
0.7
0.63
0.37
2.49
2.51
1.46
1.6
0.9
0.89
0.46
0.81
0.25
0.23
0.68
1.01
0.6
1.62
1.49
0.74
0.92
0.4
1.12
0.72
0.74
0.27
0.13
0.13
0.88
2.73
2.5
0.41
0.51
0.66
0.61
0.59
0.15
0.77
0.74
1.22
1.48
1.9
2.32
1.65
1.72
1.15
0.26
