1951 2010
1948  -99.900 -99.900 -99.900 -99.900 -99.900 -99.900 -99.900 -99.900 -99.900 -99.900 -99.900 -99.900
1949  -99.900 -99.900 -99.900 -99.900 -99.900 -99.900 -99.900 -99.900 -99.900 -99.900 -99.900 -99.900
1950  -99.900 -99.900 -99.900 -99.900 -99.900 -99.900 -99.900 -99.900 -99.900 -99.900 -99.900 -99.900
1951  -99.900  -0.472  -0.582  -0.498  -0.334  -0.052   0.153   0.206   0.265   0.271   0.220   0.391
1952    0.311   0.252   0.154   0.272   0.226   0.258   0.280   0.250   0.271   0.170   0.154   0.093
1953   -0.027   0.000   0.055   0.052   0.024   0.017   0.112   0.149   0.203   0.248   0.113   0.042
1954    0.069   0.021   0.017   0.031  -0.100  -0.080  -0.071  -0.133  -0.240  -0.308  -0.490  -0.429
1955   -0.318  -0.230  -0.249  -0.234  -0.122  -0.068  -0.158  -0.029  -0.065  -0.087  -0.052  -0.077
1956   -0.263  -0.264  -0.242  -0.120  -0.087  -0.226  -0.256  -0.168  -0.171  -0.094   0.035   0.168
1957    0.222   0.191   0.125   0.084   0.044   0.015   0.128   0.179   0.223   0.180   0.147   0.053
1958    0.041   0.137   0.284   0.401   0.446   0.361   0.411   0.403   0.460   0.459   0.332   0.313
1959    0.282   0.204   0.148   0.052  -0.005   0.081  -0.005  -0.001   0.018  -0.012   0.066   0.074
1960    0.044   0.094   0.105   0.123   0.166   0.177   0.091   0.108   0.149   0.248   0.285   0.255
1961    0.218   0.151   0.156   0.204   0.111  -0.009  -0.008  -0.013  -0.084  -0.094  -0.014  -0.046
1962    0.195   0.240   0.212   0.100   0.045   0.219   0.222   0.302   0.284   0.273   0.148   0.030
1963    0.106   0.103   0.128   0.132   0.093   0.050   0.096   0.034   0.071   0.029   0.038  -0.041
1964   -0.103  -0.073   0.005   0.106   0.121   0.094  -0.043  -0.066  -0.122  -0.087  -0.118  -0.155
1965   -0.220  -0.196  -0.198  -0.245  -0.211  -0.272  -0.245  -0.181  -0.121  -0.058   0.050   0.126
1966    0.141   0.065   0.050  -0.043  -0.082  -0.060  -0.041   0.014   0.044  -0.007  -0.014  -0.178
1967   -0.184  -0.154  -0.092  -0.073  -0.116  -0.220  -0.212  -0.279  -0.212  -0.241  -0.149  -0.211
1968   -0.157  -0.251  -0.268  -0.175  -0.121  -0.182  -0.195  -0.159  -0.035   0.052   0.186   0.198
1969    0.231   0.164   0.140   0.114   0.209   0.244   0.221   0.231   0.188   0.158   0.122   0.116
1970    0.035   0.019   0.000  -0.003  -0.061  -0.080  -0.068  -0.130  -0.148  -0.169  -0.209  -0.182
1971   -0.120  -0.160  -0.284  -0.388  -0.389  -0.338  -0.366  -0.374  -0.296  -0.246  -0.102  -0.011
1972    0.001   0.019   0.034  -0.080  -0.220  -0.422  -0.369  -0.239  -0.223  -0.063   0.024   0.063
1973    0.067   0.113   0.115   0.044   0.039  -0.006  -0.031  -0.107  -0.137  -0.113  -0.139  -0.220
1974   -0.254  -0.281  -0.226  -0.244  -0.264  -0.390  -0.377  -0.359  -0.405  -0.358  -0.315  -0.273
1975   -0.229  -0.133  -0.116  -0.100  -0.134  -0.247  -0.312  -0.284  -0.310  -0.343  -0.397  -0.471
1976   -0.584  -0.487  -0.392  -0.420  -0.437  -0.391  -0.322  -0.296  -0.186  -0.216  -0.133  -0.120
1977   -0.104  -0.019  -0.018   0.056  -0.012  -0.088  -0.129  -0.143  -0.144  -0.120  -0.071   0.000
1978    0.024   0.037   0.103   0.144   0.093   0.072   0.005   0.039   0.005   0.022  -0.031   0.019
1979    0.046   0.022   0.024  -0.004  -0.031  -0.019  -0.043  -0.127  -0.167  -0.154  -0.034   0.040
1980    0.126   0.170   0.182   0.199   0.230   0.269   0.223   0.197   0.167   0.157   0.043   0.007
1981   -0.063  -0.049   0.017   0.155   0.127   0.093   0.076   0.100   0.078   0.024   0.081   0.059
1982    0.102   0.127   0.147   0.087   0.040  -0.031  -0.055  -0.035  -0.022  -0.028   0.009   0.082
1983    0.064   0.072  -0.010   0.035   0.102   0.202   0.214   0.177   0.174   0.191   0.323   0.259
1984    0.201   0.103   0.044  -0.077  -0.149  -0.247  -0.319  -0.338  -0.281  -0.224  -0.182  -0.155
1985   -0.154  -0.169  -0.153  -0.102   0.008   0.037  -0.021  -0.079  -0.088  -0.076  -0.093  -0.103
1986   -0.100  -0.102  -0.118  -0.144  -0.114  -0.112  -0.082  -0.055  -0.060  -0.037  -0.007   0.029
1987    0.082   0.114   0.047   0.025   0.037   0.174   0.227   0.295   0.247   0.266   0.285   0.199
1988    0.119   0.086   0.063   0.056   0.086   0.106   0.017  -0.113  -0.151  -0.164  -0.159  -0.086
1989   -0.160  -0.152  -0.235  -0.193  -0.159  -0.092  -0.077  -0.003  -0.003   0.031   0.023   0.058
1990    0.148   0.207   0.240   0.169   0.001   0.111   0.107   0.092   0.177   0.258   0.166   0.178
1991    0.167   0.118   0.105   0.121   0.131   0.080   0.019   0.006  -0.096  -0.228  -0.262  -0.286
1992   -0.246  -0.132  -0.138  -0.153  -0.078  -0.033   0.017  -0.020  -0.076  -0.066  -0.080   0.032
1993   -0.002   0.024  -0.089  -0.159  -0.145  -0.130  -0.008  -0.010   0.026  -0.045  -0.073  -0.100
1994   -0.033  -0.010   0.063   0.106   0.112  -0.025  -0.043  -0.077  -0.111  -0.006   0.124   0.135
1995    0.020   0.061   0.171   0.233   0.286   0.340   0.265   0.261   0.214   0.162   0.080   0.065
1996    0.026  -0.073  -0.087  -0.136  -0.136  -0.093   0.003   0.036   0.018   0.037  -0.121  -0.086
1997   -0.058   0.030  -0.006   0.032   0.026   0.161   0.275   0.189   0.104   0.011   0.021   0.116
1998    0.225   0.224   0.232   0.195   0.463   0.605   0.635   0.525   0.496   0.397   0.328   0.286
1999    0.309   0.296   0.321   0.270   0.242   0.243   0.195   0.119   0.121   0.051  -0.126  -0.174
2000   -0.161  -0.136  -0.092  -0.082  -0.057  -0.100  -0.069   0.039   0.096   0.140   0.014   0.038
2001    0.035   0.091   0.075   0.032   0.055   0.355   0.320   0.264   0.219   0.196   0.248   0.150
2002    0.222   0.206   0.239   0.311   0.296   0.215   0.177   0.091   0.149   0.190   0.195   0.128
2003    0.172   0.177   0.283   0.331   0.323   0.183   0.256   0.291   0.315   0.229   0.164   0.162
2004    0.136   0.244   0.219   0.245   0.258   0.167   0.209   0.187   0.196   0.228   0.219   0.186
2005    0.118   0.131   0.230   0.227   0.334   0.319   0.379   0.362   0.332   0.300   0.291   0.151
2006    0.154   0.170   0.192   0.152   0.072   0.043   0.183   0.197   0.259   0.229   0.135   0.187
2007    0.245   0.312   0.319   0.294   0.270   0.250   0.166   0.077   0.090   0.064   0.068   0.021
2008   -0.007  -0.017   0.016   0.068   0.153   0.062   0.079   0.068   0.115   0.079  -0.119  -0.079
2009   -0.017   0.004   0.003   0.059   0.267   0.273   0.273   0.304   0.309   0.383   0.298   0.224
2010    0.235   0.134   0.260   0.319   0.375   0.459   0.389   0.356   0.262   0.152  -0.019  -0.078
     -99.9
 Carribbean (CAR) Index                  
 For info:  http://www.esrl.noaa.gov/psd/forecasts/sstlim/Globalsst.html
