1951 2010
1948  -99.900 -99.900 -99.900 -99.900 -99.900 -99.900 -99.900 -99.900 -99.900 -99.900 -99.900 -99.900
1949  -99.900 -99.900 -99.900 -99.900 -99.900 -99.900 -99.900 -99.900 -99.900 -99.900 -99.900 -99.900
1950  -99.900 -99.900 -99.900 -99.900 -99.900 -99.900 -99.900 -99.900 -99.900 -99.900 -99.900 -99.900
1951  -99.900  -0.176  -0.098   0.105   0.275   0.319   0.431   0.416   0.285   0.014  -0.167  -0.458
1952   -0.516  -0.434  -0.274  -0.027   0.012  -0.015   0.050   0.041   0.129   0.158   0.283   0.342
1953    0.307   0.075  -0.021  -0.026   0.128   0.098   0.169   0.198   0.214   0.208   0.145   0.230
1954   -0.001  -0.223  -0.300  -0.317  -0.377  -0.171  -0.267  -0.396  -0.452  -0.362  -0.310  -0.255
1955   -0.152  -0.123  -0.188  -0.300  -0.152  -0.045   0.045   0.265   0.280   0.363   0.378   0.338
1956    0.185   0.017  -0.071  -0.192  -0.308  -0.367  -0.343  -0.343  -0.262  -0.163   0.038  -0.249
1957   -0.583  -0.669  -0.582  -0.487  -0.329  -0.255  -0.075   0.072   0.317   0.349   0.288   0.325
1958    0.532   0.752   1.036   0.890   0.761   0.592   0.437   0.321   0.224   0.156   0.130   0.186
1959    0.193   0.096  -0.061  -0.168  -0.200  -0.369  -0.352  -0.364  -0.336  -0.297  -0.338  -0.293
1960   -0.125  -0.022   0.044  -0.083  -0.046  -0.044  -0.100  -0.147  -0.163  -0.128  -0.115  -0.073
1961   -0.053  -0.042  -0.065   0.045   0.031   0.006   0.074   0.113   0.106  -0.030  -0.069   0.047
1962    0.177   0.219   0.240   0.248   0.205   0.217  -0.060  -0.047  -0.009   0.137   0.337   0.316
1963    0.411   0.352   0.251   0.119   0.043  -0.024  -0.065  -0.085  -0.119  -0.177  -0.158  -0.078
1964   -0.077   0.081   0.016  -0.014   0.051   0.030  -0.091  -0.250  -0.242  -0.204  -0.192  -0.320
1965   -0.388  -0.305  -0.277  -0.247  -0.264  -0.272  -0.248  -0.216  -0.220  -0.168  -0.160  -0.097
1966    0.074   0.204   0.385   0.345   0.210   0.144   0.035   0.073   0.044   0.136   0.112   0.123
1967   -0.029  -0.087  -0.093  -0.149  -0.281  -0.278  -0.185  -0.155  -0.128  -0.165  -0.166  -0.323
1968   -0.264  -0.133  -0.072  -0.074  -0.205  -0.386  -0.357  -0.282  -0.102  -0.018   0.086   0.315
1969    0.439   0.718   0.857   0.897   0.777   0.616   0.382   0.350   0.305   0.350   0.356   0.497
1970    0.496   0.603   0.588   0.540   0.452   0.279   0.070   0.007  -0.047  -0.040  -0.030  -0.040
1971   -0.025  -0.128  -0.258  -0.325  -0.497  -0.470  -0.397  -0.238  -0.151  -0.087  -0.153  -0.220
1972   -0.334  -0.348  -0.441  -0.505  -0.375  -0.346  -0.288  -0.280  -0.161  -0.166  -0.147  -0.251
1973   -0.214  -0.155  -0.016   0.083   0.061   0.127   0.111   0.003  -0.112  -0.182  -0.180  -0.244
1974   -0.337  -0.534  -0.695  -0.776  -0.758  -0.611  -0.441  -0.383  -0.337  -0.344  -0.391  -0.330
1975   -0.348  -0.338  -0.445  -0.533  -0.532  -0.426  -0.352  -0.303  -0.326  -0.450  -0.466  -0.446
1976   -0.399  -0.463  -0.522  -0.595  -0.555  -0.630  -0.365  -0.146   0.046   0.031  -0.075  -0.195
1977   -0.303  -0.249  -0.170  -0.090  -0.112  -0.157  -0.179  -0.221  -0.230  -0.196  -0.197  -0.163
1978    0.037   0.185   0.140   0.050  -0.023  -0.117  -0.126  -0.065   0.007   0.059   0.044   0.135
1979    0.194   0.250   0.253   0.204   0.258   0.251   0.118   0.001  -0.055  -0.018   0.090   0.236
1980    0.303   0.247   0.287   0.342   0.387   0.276   0.089   0.058   0.046   0.066  -0.002  -0.009
1981    0.005   0.211   0.243   0.283   0.156   0.116   0.031   0.002  -0.102  -0.033   0.066   0.165
1982    0.123   0.036  -0.049  -0.007  -0.007   0.027  -0.061  -0.104  -0.185  -0.275  -0.343  -0.321
1983   -0.201   0.118   0.360   0.406   0.383   0.394   0.349   0.205   0.125   0.193   0.258   0.223
1984    0.050  -0.041  -0.075  -0.055  -0.077  -0.102  -0.189  -0.193  -0.273  -0.291  -0.307  -0.220
1985   -0.223  -0.365  -0.460  -0.525  -0.362  -0.243  -0.054   0.027   0.068   0.006  -0.059  -0.173
1986   -0.247  -0.375  -0.425  -0.417  -0.291  -0.235  -0.222  -0.206  -0.177  -0.231  -0.339  -0.371
1987   -0.291  -0.034   0.176   0.381   0.497   0.543   0.544   0.472   0.428   0.397   0.424   0.350
1988    0.264   0.228   0.299   0.400   0.452   0.440   0.325   0.186   0.075   0.083   0.052  -0.063
1989   -0.119  -0.320  -0.435  -0.443  -0.302  -0.071   0.091   0.150   0.113   0.093   0.178   0.086
1990    0.046   0.011   0.129   0.194   0.125   0.079   0.078   0.210   0.280   0.274   0.264   0.195
1991    0.078  -0.017  -0.174  -0.267  -0.387  -0.340  -0.279  -0.204  -0.102   0.039   0.073   0.047
1992   -0.020  -0.007  -0.122  -0.160  -0.146   0.005  -0.003  -0.042  -0.075  -0.108  -0.134  -0.031
1993   -0.101  -0.163  -0.115  -0.009   0.050   0.063   0.030  -0.046  -0.080  -0.164  -0.291  -0.386
1994   -0.455  -0.409  -0.508  -0.392  -0.326  -0.242  -0.209  -0.201  -0.201  -0.211  -0.160  -0.119
1995   -0.063  -0.024   0.038   0.157   0.208   0.314   0.467   0.526   0.526   0.524   0.503   0.587
1996    0.570   0.431   0.327   0.289   0.342   0.234   0.176   0.168   0.107   0.018   0.052   0.187
1997    0.359   0.425   0.399   0.448   0.416   0.392   0.268   0.108   0.100   0.398   0.473   0.577
1998    0.759   0.801   0.837   0.700   0.652   0.542   0.567   0.546   0.462   0.330   0.360   0.109
1999   -0.030  -0.190  -0.231  -0.219  -0.126  -0.021   0.132   0.178   0.233   0.231   0.181   0.002
2000    0.054   0.002   0.005   0.041   0.028   0.013   0.119   0.156   0.110  -0.044  -0.125  -0.083
2001   -0.125  -0.043   0.089   0.157   0.189   0.098   0.162   0.281   0.364   0.423   0.439   0.645
2002    0.697   0.601   0.305  -0.025  -0.025   0.053  -0.038   0.047   0.205   0.276   0.210   0.210
2003    0.180   0.274   0.209   0.246   0.297   0.290   0.378   0.464   0.616   0.493   0.398   0.330
2004    0.508   0.547   0.497   0.333   0.229   0.207   0.324   0.510   0.610   0.631   0.588   0.459
2005    0.372   0.448   0.657   0.868   0.981   0.794   0.653   0.545   0.496   0.470   0.598   0.611
2006    0.453   0.234   0.224   0.269   0.442   0.390   0.425   0.443   0.545   0.622   0.462   0.436
2007    0.454   0.490   0.467   0.384   0.247   0.167   0.152   0.205   0.217   0.154   0.196   0.234
2008    0.257   0.313   0.255   0.272   0.279   0.239   0.201   0.299   0.369   0.330   0.265   0.094
2009   -0.055  -0.256  -0.355  -0.213  -0.011   0.254   0.427   0.492   0.496   0.455   0.393   0.558
2010    0.792   1.094   1.213   1.317   1.185   0.991   0.815   0.711   0.649   0.622   0.746   0.839
     -99.9
 North Tropical Atlantic (NTA) Index     
 For info:  http://www.esrl.noaa.gov/psd/forecasts/sstlim/Globalsst.html
