 1979 2009
1979   -1.091   -0.398   0.225  -0.259   0.055   0.757   0.905  -0.538   0.212   0.061   0.209  -0.752
1980    0.521    0.018  -0.535   0.204  -0.927  -0.060  -0.643   0.597  -0.439  -0.010  -0.366   1.178
1981    0.838   -0.484  -0.707  -0.898   0.820   0.344   0.207  -0.203   0.689   0.281   0.999   0.140
1982    0.728   -0.121   0.162  -0.220  -0.411  -0.360  -1.843  -1.249  -1.566  -1.621  -2.540  -0.805
1983   -1.226   -0.804   0.319   0.974   1.218   0.008   0.721  -0.098   0.505   0.662   0.504   1.209
1984    1.743    2.078   1.705   2.245   2.777   1.265   1.891   0.525   1.485   0.766  -0.123   0.521
1985    0.219    1.044  -0.051   0.740   1.381   0.653   0.591   0.270   0.940   0.510   0.592   0.262
1986    0.995    0.369   1.786   1.103  -0.432   0.488   0.042  -0.085   0.132   0.317  -0.014  -1.741
1987   -0.197   -1.077  -1.488  -1.484  -1.420  -1.056  -1.717  -0.148  -1.407  -0.788  -0.403  -0.533
1988   -0.233   -0.113   0.907  -0.397   0.702   1.036   0.570   1.824   1.376   1.182   2.279   1.371
1989    1.053    1.312   1.074   0.362   0.561   0.711   1.014   0.486   0.455   0.583   0.269  -0.440
1990   -0.228   -1.066  -0.819  -0.727   0.171   0.037  -0.236  -0.727  -0.106  -0.166  -0.498  -0.795
1991   -0.282   -0.467  -0.386   0.083  -0.282  -1.179  -0.658  -0.857  -0.835  -0.922  -0.910  -0.166
1992   -2.410   -1.376  -1.785  -1.046  -1.158  -0.776  -0.384  -0.357   0.212   0.863  -0.748  -0.406
1993   -0.460   -1.095  -0.685  -1.254  -0.435  -0.515   0.136  -0.850  -0.088  -0.626  -0.678  -0.327
1994   -0.626    0.089   0.597  -0.668  -0.065  -0.397  -1.007  -0.366  -1.163  -1.479  -0.858  -0.806
1995   -0.531   -0.435   0.192  -0.288  -0.060   0.639   0.005   1.402   1.124   0.305   1.313   0.949
1996    1.506    1.633   0.232   0.268   0.170   0.217  -0.198   0.882   0.182   1.281   0.243   1.044
1997   -0.302    1.301  -0.775  -0.889  -1.563  -2.821  -0.541  -1.922  -1.949  -2.081  -0.763  -1.624
1998   -0.471   -0.018   1.043   1.982   0.798   1.567   1.426   1.788   1.465   1.118   1.212   1.009
1999    1.610    1.076   1.597   2.094   1.153   1.323   0.891   1.285   0.646   1.700   0.869   1.531
2000    1.107    1.748   1.311   1.094   1.483   2.505   0.449   0.778   0.557   1.463   0.686   0.516
2001    1.335    1.332   1.371   0.330  -0.337   0.843  -0.745   0.065   0.782   0.725   0.696  -0.300
2002   -0.005   -0.479  -0.229  -0.123  -0.295  -0.719  -1.070  -0.527  -1.252  -1.288  -0.544  -1.089
2003   -0.804   -0.113   0.160  -0.228   0.506  -1.122   0.726   0.027   0.295   0.370  -0.115   0.551
2004   -0.179    0.103  -0.197  -1.141   0.973   0.015  -0.192  -0.844   0.594  -0.515  -0.355  -0.394
2005   -0.151   -0.961   0.207  -0.325  -0.214  -0.331   0.559  -0.142   0.556   1.213   0.619   1.462
2006    0.797    0.950   1.191   0.600   0.106   0.969  -0.696  -0.139   0.057  -1.261  -1.496   0.264
2007    0.432   -0.310   0.220  -0.101  -0.059   0.826   1.488   0.553   1.093   0.518   0.582   1.482
2008    0.653    1.817   1.565   0.885   0.600   1.019   0.651   1.264   0.325   1.303   1.148   1.595
2009    0.920    1.448   0.921   1.024   0.440   0.346 -999.000 -999.000 -999.000 -999.000 -999.000 -999.000
 -999
ESPI from NOAA/ESRL PSD http://www.esrl.noaa.gov/psd/data/climateindices/link/
