# AMO index SST 25-60N, 7-75W minus regression on global mean temperature
# as in <a haref="http://www.ocean-sci.net/5/293/2009/os-5-293-2009.html">van Oldenborgh et al 2009</a>
# based on ERSST v3b from NCDC
# AMO [C] SST
 1880  0.2476438      0.1405489      0.1595154      0.2995676      0.2326250E-01  0.1702669      0.5999058      0.3613816      0.3980978      0.2882338      0.2273442     -0.1874015    
 1881  0.2554375E-01  0.1581489      0.2040154     -0.8823237E-01  0.9586251E-01  0.2083669     -0.1608941     -0.3237184     -0.8360219E-01  0.2443381E-01 -0.5765582E-01 -0.2001015    
 1882 -0.9045625E-01 -0.5595107E-01 -0.7738456E-01 -0.1313237E-01 -0.8243750E-01  0.1946669      0.1141059     -0.1446184     -0.1872022      0.1151338      0.1152442      0.1300985    
 1883  0.7044375E-01  0.1143489     -0.1354846     -0.3033237E-01 -0.8643750E-01 -0.1691331     -0.1367941     -0.3081838E-01 -0.8880219E-01  0.6673381E-01  0.2085442      0.1869985    
 1884 -0.1095624E-01  0.5364892E-01  0.4161544E-01 -0.5873237E-01  0.4166250E-01  0.3056692E-01 -0.1375941     -0.9541838E-01 -0.2683022     -0.1736662     -0.3176558     -0.4670150E-01
 1885  0.3524375E-01 -0.5175108E-01 -0.1108456E-01  0.1470676      0.1157625      0.2296692E-01 -0.2409413E-01  0.6388162E-01  0.3289782E-01 -0.2006620E-01  0.1854418E-01 -0.5490150E-01
 1886  0.5175437      0.4798489      0.2752154      0.2676677      0.3214625      0.3516669      0.3015059      0.2054816     -0.5100219E-01  0.1146338      0.7704417E-01  0.9169850E-01
 1887  0.1856437      0.9594892E-01  0.1608154      0.2728676      0.2471625      0.4516669      0.2468059      0.2808816      0.2289781E-01  0.3167338      0.2833442      0.1656985    
 1888  0.1431438      0.2241489      0.2430154      0.3266763E-01  0.2091625      0.3315669     -0.6389412E-01 -0.1903184     -0.1767022     -0.1085662      0.7264417E-01  0.1741985    
 1889 -0.2215624E-01  0.6748930E-02 -0.4084557E-02  0.8736762E-01  0.1349625      0.2276693E-01 -0.3079941     -0.4718382E-02  0.1156978      0.1651338      0.5268442      0.4127985    
 1890  0.2509438      0.1998489      0.1322154     -0.3893237E-01  0.7626250E-01  0.1903669     -0.7159413E-01 -0.6931838E-01  0.1460978      0.3020338      0.3149442      0.6699850E-01
 1891 -0.4456237E-02  0.3724892E-01  0.1821544E-01  0.2437676      0.7226250E-01 -0.1199331      0.1700059      0.1570816      0.3329781E-01 -0.1878662     -0.2205558     -0.1214015    
 1892  0.1591438      0.8094892E-01  0.1607154      0.2478676     -0.8913749E-01 -0.2095331      0.3620587E-01  0.9018162E-01 -0.1362022     -0.3116662     -0.1060558     -0.1756015    
 1893  0.2356438      0.1566489     -0.8308456E-01 -0.2010324      0.9396251E-01  0.1822669     -0.4629413E-01  0.1195816      0.6389781E-01  0.9733380E-01  0.1349442      0.3809850E-01
 1894  0.3874375E-01 -0.8885108E-01  0.9481545E-01  0.4456763E-01  0.6962501E-02 -0.5373308E-01  0.4680587E-01 -0.7611838E-01 -0.9400219E-01 -0.3332662     -0.2885558     -0.2931015    
 1895 -0.7695624E-01 -0.6555107E-01 -0.2315846     -0.3146324     -0.1384375     -0.9513308E-01  0.4700588E-01 -0.1359184     -0.1081022     -0.2646620E-01 -0.2391558     -0.1104015    
 1896 -0.5375624E-01  0.1164892E-01  0.1115441E-02 -0.2173237E-01  0.4287625      0.2390669      0.9310587E-01  0.9698161E-01  0.1184978     -0.1540662      0.1964419E-01 -0.2794015    
 1897 -0.1400563      0.6164892E-01  0.1034154     -0.4243237E-01  0.4762501E-02 -0.1383308E-01 -0.1458941     -0.3376184     -0.2978022     -0.2561662     -0.1018558     -0.2901015    
 1898 -0.1847562      0.4014893E-01  0.2446154      0.2213676      0.1792625      0.3145669      0.5081059      0.6145816      0.4533978      0.1075338     -0.1892558     -0.1805015    
 1899 -0.8605625E-01 -0.8225108E-01  0.5841544E-01  0.3106676      0.1939625      0.2138669      0.6290588E-01  0.2111816     -0.1902185E-02 -0.1466662     -0.3016558      0.1679850E-01
 1900  0.1497438      0.5174893E-01 -0.4738456E-01  0.5736763E-01 -0.4585375     -0.2847331     -0.1924941     -0.2522184     -0.2030022     -0.1527662     -0.1487558     -0.2471015    
 1901 -0.1329562     -0.6985108E-01 -0.4093845     -0.4426324     -0.2941375     -0.2334331     -0.2978941     -0.9121838E-01  0.4829782E-01 -0.1026620E-01 -0.2043558     -0.2100015    
 1902 -0.1033562     -0.1589511     -0.1244846     -0.3251324     -0.3231375     -0.4478331     -0.4118941     -0.2089184     -0.8080219E-01  0.1346338      0.1234442     -0.1460015    
 1903 -0.2890562     -0.2684511     -0.2865846     -0.2494324     -0.4331375     -0.6385331     -0.7025942     -0.7557184     -0.5675022     -0.6658662     -0.4163558     -0.5257015    
 1904 -0.3425562     -0.4118510     -0.4773846     -0.3194324     -0.1560375     -0.4352331     -0.3252941     -0.2668184     -0.3801022     -0.4974662     -0.4523558     -0.3764015    
 1905 -0.4830562     -0.3132511     -0.3625846     -0.2405324     -0.2656375     -0.3181331     -0.2179941     -0.5210184     -0.6914022     -0.4821662     -0.4052558     -0.4081015    
 1906 -0.9415624E-01  0.5104892E-01 -0.1590846     -0.2103324     -0.2985375     -0.8183308E-01 -0.1209941     -0.2307184     -0.2517022     -0.2571662     -0.3085582E-01 -0.2709015    
 1907 -0.2076562     -0.1533511     -0.1072846      0.5306763E-01 -0.2725375     -0.3042331     -0.2613941     -0.3207184     -0.9940219E-01 -0.1984662     -0.1072558     -0.4690150E-01
 1908 -0.5475625E-01 -0.8695108E-01 -0.4845560E-03 -0.2592324     -0.1390375      0.2003669      0.4336058      0.2262816      0.3549781E-01  0.1933798E-02 -0.5425582E-01 -0.4110150E-01
 1909  0.8114375E-01 -0.8415107E-01 -0.9308456E-01 -0.1197324     -0.5483750E-01 -0.2008331     -0.2772941     -0.1588184      0.1297813E-02  0.4743379E-01 -0.3233558     -0.1783015    
 1910 -0.2867562     -0.1080511     -0.7588456E-01 -0.2363237E-01 -0.1687375     -0.3473331     -0.2521941     -0.5241838E-01  0.4889781E-01 -0.1218662      0.2340442      0.1178985    
 1911  0.4444376E-01  0.3248930E-02 -0.1228455E-01 -0.2109324     -0.8523750E-01  0.1338669      0.2577059      0.3232816      0.1400978     -0.1224662     -0.2765558     -0.1559015    
 1912 -0.2134562     -0.3555511     -0.2576846     -0.2402324     -0.2418375     -0.2182331     -0.3530941     -0.5269184     -0.3443022     -0.1512662     -0.2787558     -0.2403015    
 1913 -0.2373562     -0.1545511     -0.1112846     -0.3555323     -0.2674375     -0.4563331     -0.2947941     -0.3026184     -0.2535022     -0.2147662     -0.3043558     -0.2392015    
 1914 -0.2059563     -0.3142511     -0.3390846     -0.3225324     -0.3715375     -0.3244331     -0.5450941     -0.5113184     -0.1489022     -0.1156620E-01 -0.2815582E-01 -0.2231015    
 1915 -0.1065562     -0.1151511     -0.3748456E-01 -0.2376324     -0.9523750E-01  0.9206692E-01  0.4270587E-01  0.1927816      0.1853978      0.3071338      0.2056442      0.1534985    
 1916 -0.7125624E-01  0.2664892E-01 -0.9308456E-01  0.2101676      0.2052625      0.3577669      0.2808059      0.4678162E-01  0.1928978      0.3385338      0.9594418E-01  0.1893985    
 1917 -0.6225625E-01 -0.1315108E-01 -0.1832846     -0.7933237E-01 -0.4053750E-01  0.7266924E-02  0.4700588E-01  0.3025816     -0.2450219E-01  0.3708338      0.2555442      0.3950985    
 1918  0.1446438      0.1254892E-01 -0.5578456E-01  0.1422676      0.1218625      0.4906692E-01 -0.4009413E-01 -0.1393184     -0.1173022     -0.2112662      0.3274418E-01  0.1343985    
 1919  0.1191438     -0.2395107E-01 -0.5348456E-01 -0.2723237E-01 -0.1072375     -0.1592331     -0.3534941      0.8161739E-04  0.1074978      0.8713380E-01  0.1224442      0.9299850E-01
 1920 -0.2379562     -0.1137511     -0.1488846     -0.6403237E-01 -0.5503750E-01 -0.1840331     -0.1474941     -0.1310184     -0.9170219E-01 -0.3196620E-01 -0.9095582E-01 -0.9020150E-01
 1921 -0.3861563     -0.1182511      0.6141545E-01  0.5006763E-01  0.6386250E-01  0.8806693E-01  0.8270588E-01 -0.2337184     -0.4480219E-01  0.8413380E-01  0.2974418E-01  0.9169850E-01
 1922 -0.1042562     -0.8295108E-01 -0.2141846     -0.3141324     -0.2232375     -0.5263308E-01 -0.2578941     -0.1349184      0.1869781E-01  0.2883381E-01 -0.2930558     -0.2357015    
 1923 -0.6455624E-01 -0.1050511     -0.1127846      0.6763265E-04 -0.1893750E-01 -0.1325331     -0.9799413E-01 -0.2479184     -0.1141022      0.1533806E-02 -0.6825582E-01  0.1474985    
 1924 -0.3855625E-01 -0.8175108E-01 -0.4118456E-01 -0.4303237E-01  0.7006250E-01 -0.1063331     -0.2219941     -0.1651838E-01 -0.5190219E-01  0.2126338     -0.1379558      0.8498505E-02
 1925 -0.6605624E-01  0.8824892E-01  0.1255154      0.1139676      0.1524625      0.8446693E-01  0.7730588E-01 -0.8811839E-01  0.7639781E-01  0.6383380E-01 -0.2453558     -0.1380015    
 1926 -0.7725625E-01 -0.9585108E-01 -0.1898846     -0.1853237E-01  0.3156250E-01 -0.4513308E-01 -0.1269941     -0.2951184     -0.1682022      0.1822338      0.6834418E-01  0.2240985    
 1927  0.2671437      0.1891489      0.2940154      0.1935676      0.3650625      0.1891669     -0.5769413E-01  0.5648162E-01 -0.8670218E-01  0.4523380E-01  0.1137442      0.1652985    
 1928  0.2434376E-01  0.2204892E-01  0.1449154      0.1073676      0.1573625      0.2553669      0.2819059      0.1978816      0.2541978      0.1546338      0.9834418E-01  0.2064985    
 1929  0.3848438      0.3477489      0.2417154      0.2016676      0.8516251E-01  0.4386692E-01 -0.3739413E-01  0.9748162E-01  0.2195978      0.2767338      0.2689442      0.2697985    
 1930  0.7614376E-01 -0.1685108E-01  0.4701544E-01 -0.3573237E-01  0.1495625      0.2138669      0.3860059      0.1728162E-01  0.3131978      0.3935338      0.2792442      0.3367985    
 1931  0.3670437      0.3307489      0.2843154      0.3497676      0.3647625      0.1255669     -0.5749413E-01 -0.1141838E-01  0.3208978      0.3853338      0.3061442      0.2448985    
 1932  0.1698437      0.2159489      0.2974154      0.2390676      0.2108625      0.4016669      0.3725059      0.8052816      0.6380978      0.3692338      0.3528442      0.3361985    
 1933  0.2999437      0.3967490      0.2730154      0.4030676      0.3402625      0.4882669      0.3711058      0.4871816      0.6228978      0.8576338      0.6144442      0.3256985    
 1934  0.1549437     -0.2615108E-01  0.3501154      0.2801676      0.1226625      0.3681669      0.4607059      0.2759816      0.3912978      0.4826338      0.4104442      0.3240985    
 1935  0.1799438     -0.5051076E-02  0.1280154      0.4619676      0.3078625      0.2544669      0.1507059      0.2438816      0.1047978      0.1482338      0.4999442      0.5532985    
 1936  0.4405437      0.2703489      0.3057154      0.2601677      0.1559625      0.3830669      0.1554059      0.2655816      0.1703978      0.1195338      0.1861442      0.2019985    
 1937  0.1623438      0.1087489      0.1261154      0.5606763E-01  0.1536625      0.6880670      0.8791059      0.6982816      0.5461978      0.2319338      0.1889442      0.3625985    
 1938  0.1490438      0.3794892E-01  0.3731544E-01  0.2261676      0.3707625      0.4605669      0.2689059      0.3246816      0.3457978      0.3742338      0.4916442      0.4166985    
 1939  0.1959438      0.2181489      0.1053154      0.5686763E-01  0.1175625      0.2840669      0.2156059      0.4795816      0.5612978      0.3865338      0.1877442      0.8179849E-01
 1940  0.1498438      0.1135489      0.1469154     -0.1493237E-01  0.3816250E-01  0.2053669      0.2085059      0.1753816      0.1841978      0.3276338      0.3132442      0.2861985    
 1941  0.2172437      0.8294892E-01  0.4941544E-01  0.1679676      0.9666251E-01 -0.5933308E-01 -0.4609413E-01  0.2181618E-02  0.3449978      0.2057338      0.1648442      0.3527985    
 1942  0.2270438      0.2707489      0.2390154      0.2527676      0.3101625      0.1849669      0.3936059      0.6037816      0.5340978      0.2971338      0.2824442      0.8098498E-02
 1943  0.8004375E-01  0.4034892E-01  0.5031544E-01  0.9936763E-01  0.5846250E-01  0.1444669      0.1503059      0.9588161E-01  0.8989782E-01  0.1481338      0.2758442      0.2070985    
 1944  0.3585438      0.2912489      0.2927154      0.3599676      0.2971625      0.1648669     -0.4339413E-01  0.1461816      0.3703978      0.4296338      0.5381442      0.5291985    
 1945  0.3722438      0.4429489      0.3946154      0.4178677      0.2667625      0.1052669      0.7660587E-01  0.1178162E-01  0.1388978     -0.4036620E-01 -0.3265582E-01  0.8019850E-01
 1946 -0.7095625E-01 -0.7985108E-01  0.1720154      0.5226763E-01 -0.3223750E-01 -0.1263308E-01 -0.2979412E-01 -0.6061838E-01  0.7339782E-01  0.8513381E-01 -0.2084558     -0.1783015    
 1947 -0.2218562     -0.1721511     -0.2677845     -0.3008324     -0.1660375     -0.2559331     -0.2037941     -0.1301838E-01 -0.3020219E-01 -0.1644662      0.1614419E-01 -0.1585015    
 1948 -0.1569562     -0.1253511     -0.9918456E-01 -0.1811324     -0.1742375     -0.3083308E-01  0.8930588E-01  0.1011816      0.7999782E-01  0.2463380E-01  0.2616442      0.6139851E-01
 1949  0.1638438      0.2867489      0.1016154      0.2802677      0.2252625      0.2824669      0.4268059      0.3819816      0.1829978      0.8123380E-01  0.2947442      0.2290985    
 1950  0.1597437      0.5704892E-01 -0.7868456E-01 -0.7532369E-02  0.2806250E-01  0.1586692E-01  0.3910588E-01  0.1672816      0.3597815E-02  0.1983380E-01  0.3807442      0.3630985    
 1951  0.4461437      0.3905489      0.3625154      0.4657676      0.4353625      0.4300669      0.6887059      0.3196816      0.1731978      0.1348338      0.1888442      0.1327985    
 1952  0.1586438      0.2659490      0.2914155      0.1856676      0.2273625      0.5070670      0.5955058      0.7339816      0.3209978      0.5026338      0.3233442      0.2631985    
 1953  0.2355437      0.1472489      0.1372154      0.2321676      0.4863625      0.3326669      0.3547059     -0.3301838E-01  0.1678978     -0.1816620E-01  0.3972442      0.2699985    
 1954  0.3326437      0.2047489      0.2628154      0.1656676      0.1645625      0.2531669      0.3377059      0.1163816      0.2209781E-01  0.1073338     -0.7255822E-02  0.2446985    
 1955  0.1755438      0.1542489      0.2500154      0.2490676      0.4856625      0.3255669      0.6057059      0.2889816      0.3809978      0.2569338      0.4945442      0.2590985    
 1956  0.1882438      0.1201489      0.1499154      0.1501676      0.1129625     -0.1193331      0.1536059      0.2111816      0.4849781E-01  0.1365338     -0.3745582E-01  0.1779850E-01
 1957  0.2674375E-01 -0.3505108E-01 -0.3384560E-02 -0.5823237E-01 -0.2169375     -0.2111331      0.9005874E-02 -0.6718383E-02  0.9739781E-01  0.5203380E-01 -0.9475582E-01 -0.1251015    
 1958 -0.1320562      0.1614892E-01  0.1463154      0.1514676      0.5216250E-01  0.4626692E-01 -0.4079413E-01  0.1034816      0.3879781E-01 -0.7326620E-01  0.7194418E-01  0.6429850E-01
 1959 -0.4695624E-01 -0.1456511     -0.2442846     -0.3131323     -0.1242375     -0.1379331     -0.1546941      0.5948162E-01  0.2845978      0.1384338      0.1264419E-01  0.8698493E-02
 1960  0.4094376E-01 -0.2925108E-01  0.8831544E-01  0.7246763E-01  0.2653625      0.2908669      0.2857059      0.4479816      0.2434978      0.2617338      0.1781442     -0.7020150E-01
 1961  0.7154375E-01  0.2024892E-01  0.1641154      0.1796676      0.8696251E-01  0.1041669      0.3042059      0.3146816      0.9389781E-01  0.1146338      0.2618442      0.2679985    
 1962  0.5874376E-01  0.1211489      0.2301544E-01  0.5096763E-01 -0.1007375     -0.2179331     -0.9669413E-01 -0.2601184     -0.2280219E-01  0.9613380E-01  0.6504418E-01  0.1853985    
 1963  0.9834374E-01 -0.6195108E-01 -0.1268456E-01 -0.9943236E-01 -0.1649375     -0.2844331     -0.2953941     -0.5090184     -0.5792022     -0.2429662     -0.1675558     -0.1247015    
 1964 -0.2451562     -0.1090511     -0.1454846     -0.1985324      0.1138625     -0.4693308E-01 -0.6889413E-01 -0.5841838E-01  0.6059781E-01  0.5373380E-01 -0.4675582E-01  0.2629849E-01
 1965 -0.3325625E-01 -0.1775108E-01  0.3741544E-01  0.1006676      0.8356251E-01 -0.3933308E-01 -0.6639412E-01 -0.2381838E-01 -0.9170219E-01 -0.2936662     -0.3964558     -0.1856015    
 1966 -0.1634562     -0.1844511     -0.1562846      0.5767629E-02 -0.1757375     -0.2969331     -0.3287941      0.5248162E-01 -0.5760219E-01  0.7913379E-01 -0.9535582E-01  0.9999850E-01
 1967  0.9364377E-01  0.1532489      0.3021544E-01  0.3946763E-01 -0.2870375     -0.2227331      0.4480588E-01  0.1807816      0.1117978     -0.5676620E-01  0.5544418E-01 -0.4340149E-01
 1968 -0.3965624E-01 -0.1851082E-02 -0.2217846     -0.5203237E-01 -0.1482375     -0.3642331     -0.2924941     -0.2579184     -0.1423022     -0.2961662     -0.2689558     -0.3058015    
 1969 -0.2351562     -0.1203511     -0.1773846     -0.3095323     -0.5720375     -0.4496331     -0.1245941     -0.3063184     -0.3082022     -0.4022662     -0.3466558     -0.2895015    
 1970 -0.3762562     -0.4293511     -0.3278846     -0.3019324     -0.2500375     -0.3999331     -0.2540941     -0.3741838E-01 -0.2687022     -0.2910662     -0.2873558     -0.2656015    
 1971 -0.3782563     -0.3337511     -0.2361846     -0.2569324     -0.2189375     -0.7793307E-01 -0.3349413E-01 -0.3515184     -0.3098022     -0.1611662     -0.1656558     -0.3283015    
 1972 -0.3397563     -0.3689511     -0.4412846     -0.3109324     -0.5035375     -0.4109331     -0.2181941     -0.5339184     -0.3850022     -0.6049662     -0.5637558     -0.6615015    
 1973 -0.7169563     -0.5547511     -0.4310845     -0.3606324     -0.3784375     -0.1988331     -0.1431941     -0.1460184     -0.1051022     -0.2922662     -0.2731558     -0.1811015    
 1974 -0.1726562     -0.7205108E-01 -0.2379846     -0.2756324     -0.4250375     -0.4792331     -0.6288942     -0.7158184     -0.4353022     -0.3795662     -0.2677558     -0.1605015    
 1975 -0.1805562     -0.2427511     -0.1859846     -0.2613324     -0.2981375     -0.2072331      0.2790587E-01  0.3495816     -0.8402187E-02 -0.2259662     -0.6205582E-01 -0.1134015    
 1976 -0.1331562     -0.1692511     -0.5778456E-01 -0.2193237E-01 -0.3293750E-01 -0.3333308E-01  0.1943059      0.2849816     -0.5590219E-01 -0.5226620E-01 -0.3853558     -0.4601015    
 1977 -0.3562562     -0.2775511     -0.1112846     -0.1926324     -0.1374375     -0.1148331     -0.1509413E-01 -0.1178184     -0.6690219E-01 -0.8656619E-01 -0.1571558     -0.1856015    
 1978 -0.1402562     -0.2645107E-01 -0.1296846     -0.2377324     -0.3176375     -0.2376331     -0.1647941      0.1684816     -0.1300219E-01 -0.1091662     -0.2025582E-01 -0.1166015    
 1979 -0.1995562     -0.2306511     -0.3343846     -0.2976324     -0.1082375     -0.1343308E-01 -0.6449413E-01 -0.2242184     -0.1516022     -0.1257662     -0.7255582E-01 -0.1739015    
 1980 -0.7685624E-01 -0.1479511     -0.1239846     -0.9332370E-02  0.1262501E-02 -0.2093308E-01 -0.1445941     -0.3111184     -0.2736022     -0.1064662     -0.3206558     -0.2443015    
 1981 -0.2283562     -0.1442511     -0.9768456E-01 -0.1540324     -0.5423750E-01 -0.6403308E-01 -0.3605942     -0.3630184     -0.7780219E-01 -0.2890662     -0.1081558      0.5729850E-01
 1982 -0.1333562     -0.1858511      0.2551544E-01 -0.1916324     -0.1815375     -0.2309331     -0.3731941     -0.3409184     -0.2894022     -0.4251662     -0.3557558     -0.4189015    
 1983 -0.2775562     -0.1429511     -0.9288456E-01 -0.1192324     -0.1555375     -0.2185331     -0.3799412E-01 -0.3013184     -0.4111022     -0.1027662     -0.2013558     -0.1091015    
 1984 -0.1381562     -0.3355107E-01 -0.9138456E-01  0.7726763E-01 -0.1305375     -0.3510331     -0.3204941     -0.1198184     -0.1130022     -0.3060662     -0.3238558     -0.2104015    
 1985 -0.3125562     -0.2800511     -0.1996846     -0.2468324     -0.2499375     -0.8193308E-01 -0.3294125E-02 -0.4849184     -0.3090022     -0.3623662     -0.4217558     -0.3979015    
 1986 -0.3070562     -0.3276511     -0.2673846     -0.3088323     -0.1742375     -0.1976331     -0.1959941     -0.2619184     -0.2436022     -0.4311662     -0.4638558     -0.3424015    
 1987 -0.1974562     -0.2716511     -0.6198456E-01 -0.1143237E-01 -0.7523750E-01 -0.1181331     -0.3129413E-01  0.1656816     -0.1122022     -0.2531662     -0.2800558     -0.3635015    
 1988 -0.3548563     -0.2672511     -0.2105846     -0.1588324     -0.1523750E-01 -0.8583307E-01 -0.1373941     -0.3090184     -0.3176022     -0.2035662      0.2314419E-01 -0.1859015    
 1989 -0.1192562      0.4148930E-02 -0.1488456E-01 -0.1064324      0.1553625      0.4688669      0.2724059      0.2481617E-02 -0.2418022     -0.2496662     -0.1363558     -0.3781015    
 1990 -0.3418562     -0.2647511     -0.3860846     -0.3128324     -0.2759375     -0.2009331     -0.2327941     -0.1811838E-01  0.9849782E-01 -0.6696620E-01 -0.2336558     -0.1821015    
 1991 -0.2981563     -0.1871511     -0.9428456E-01 -0.2672324     -0.3615375     -0.4792331     -0.4902941     -0.2815184     -0.3482022     -0.3689662     -0.2331558     -0.1373015    
 1992 -0.1752562     -0.1171511     -0.1268845     -0.1378324     -0.2105375     -0.2668331     -0.3913941     -0.4926184     -0.3447022     -0.3686662     -0.3029558     -0.2693015    
 1993 -0.1668562     -0.8845107E-01 -0.2420846     -0.8193237E-01 -0.2352375     -0.5025331     -0.6424941     -0.2296184     -0.1178022     -0.3825662     -0.2570558     -0.3140015    
 1994 -0.2639562     -0.1913511     -0.1816846     -0.1631324     -0.2179375     -0.3203331     -0.3050941     -0.2668184     -0.2607022     -0.9966620E-01 -0.9885582E-01 -0.2090150E-01
 1995 -0.4256248E-02 -0.4475108E-01  0.4821545E-01  0.8026764E-01  0.2306625      0.2619669      0.8800587E-01 -0.1540184     -0.2438022     -0.8136620E-01 -0.5965582E-01 -0.5900150E-01
 1996 -0.1007562     -0.1650511     -0.1209846      0.4367635E-02 -0.2035375     -0.2830331     -0.2766941     -0.1929184      0.4539781E-01 -0.2226620E-01 -0.7275582E-01 -0.5650150E-01
 1997  0.6524375E-01  0.9434892E-01  0.1715444E-02  0.2066763E-01 -0.2993750E-01 -0.3815331     -0.4369412E-01 -0.1399184     -0.1209022     -0.5136620E-01 -0.1674558     -0.9850150E-01
 1998 -0.3315625E-01 -0.1588511      0.7031544E-01  0.1336763E-01  0.4986250E-01  0.1344669      0.1023059      0.2063816      0.1937978      0.2309338      0.4003442      0.3438985    
 1999  0.2029438      0.1386489      0.4148154      0.4050676      0.5311625      0.3663669      0.2310059      0.4718816      0.1290978      0.2583380E-01 -0.1228558      0.8579850E-01
 2000  0.1255438      0.1531489      0.2560154      0.1198676      0.3291625      0.1229669      0.1496059      0.8208162E-01  0.1555978      0.1342338      0.2769442      0.7519850E-01
 2001  0.1194376E-01  0.1648489      0.1951544E-01  0.1206763E-01 -0.6583750E-01  0.1928669     -0.3979412E-01  0.2897816      0.2811978      0.2215338      0.2974418E-01  0.2210985    
 2002  0.1909438      0.6748930E-02  0.1881544E-01  0.5906763E-01 -0.1630375     -0.3903331     -0.4585941     -0.1537184     -0.1747022     -0.1330662     -0.9845582E-01 -0.1100150E-01
 2003  0.2654375E-01  0.6544892E-01  0.7141544E-01  0.4346763E-01  0.3136250E-01  0.9026692E-01  0.2578059      0.1891816      0.2096978      0.2839338      0.1274442      0.1953985    
 2004  0.2922438      0.1342489      0.1451154      0.7996763E-01  0.9006250E-01  0.2036669      0.3524058      0.1906816     -0.4330219E-01 -0.4926620E-01 -0.4205582E-01  0.2024985    
 2005  0.1521438      0.1606489      0.1252154      0.2101676      0.6226250E-01 -0.1723308E-01  0.2010059      0.2445816      0.9329782E-01 -0.2566203E-02  0.4664418E-01  0.2209985    
 2006  0.3176438      0.2334489      0.1215154      0.2489676      0.4884625      0.3023669      0.3957059      0.2562816      0.1376978      0.1450338      0.2531442      0.9149849E-01
 2007  0.1690438      0.1734489      0.1548154     -0.7332370E-02  0.6256250E-01 -0.5393308E-01 -0.1930941     -0.3166184      0.6559781E-01  0.2593338      0.4574442      0.4210985    
 2008  0.3980438      0.4766489      0.3496155      0.1921676      0.3055625      0.5344669      0.2121059      0.2585816     -0.3450219E-01  0.3823380E-01  0.1248442      0.2459985    
 2009  0.1749438      0.1060489      0.1269154      0.6676763E-01  0.3026250E-01  0.1275669     -0.2529413E-01 -0.1424184     -0.3548022     -0.8666202E-02 -0.9315582E-01  0.3789850E-01
 2010 -0.4315625E-01 -0.1652511     -0.1116846     -0.4253237E-01  0.4326250E-01  0.1988669      0.1171059      0.3116816      0.1384978      0.3253379E-01  0.2230442      0.2122985    
 2011  0.2453438      0.2115489      0.7371545E-01  0.1546763E-01  0.1848625      0.6156693E-01 -0.3553941     -0.3090184      0.7097814E-02  0.3923380E-01 -0.4365582E-01  0.1037985    
 2012  0.3161438      0.4323490      0.4285154      0.3674676      0.3115625      0.4273669      0.4408059      0.5133816      0.3615978      0.2109338      0.1662442      0.3420985    
 2013  0.3259438      0.2646489      0.2172154      0.1511676      0.2696250E-01 -0.1398331      0.2527059      0.6038162E-01  0.6169781E-01  0.3524338      0.1878442      0.4879850E-01
 2014  0.1534438      0.2161489      0.1374154     -0.5263237E-01 -0.9993750E-01 -0.4393308E-01  0.2306059      0.1695816     -0.2150219E-01  0.8963379E-01  0.1879442      0.1357985    
 2015  0.2059437      0.8354892E-01 -0.5458456E-01 -0.1125324     -0.6183750E-01  0.2316692E-01 -0.1597941     -0.2218184     -0.5470219E-01 -0.1717662     -0.1636558     -0.2370150E-01
 2016  0.9734376E-01  0.6164892E-01  -999.9000      -999.9000      -999.9000      -999.9000      -999.9000      -999.9000      -999.9000      -999.9000      -999.9000      -999.9000    
