# ORA-S3
# MOC [Sv] Meridional Overturning Circulation at 26N
      1961.04      24.1295
      1961.13      24.3407
      1961.20      21.8380
      1961.29      21.3163
      1961.37      21.6671
      1961.45      23.3589
      1961.54      23.9466
      1961.62      23.8821
      1961.71      23.0648
      1961.79      22.7454
      1961.87      20.6584
      1961.96      22.3710
      1962.04      26.6940
      1962.13      22.9662
      1962.20      17.0957
      1962.29      22.7131
      1962.37      18.5501
      1962.45      20.0284
      1962.54      20.3139
      1962.62      22.7693
      1962.71      21.4171
      1962.79      20.4673
      1962.87      21.7969
      1962.96      21.9637
      1963.04      21.7706
      1963.13      23.4236
      1963.20      25.0815
      1963.29      22.0753
      1963.37      23.6673
      1963.45      20.3164
      1963.54      22.1349
      1963.62      21.4158
      1963.71      20.7717
      1963.79      18.2750
      1963.87      21.1905
      1963.96      21.8552
      1964.04      22.8437
      1964.13      22.9664
      1964.20      24.0433
      1964.29      23.9860
      1964.37      20.3849
      1964.46      21.4754
      1964.54      24.3270
      1964.62      23.5954
      1964.71      22.9265
      1964.79      22.1908
      1964.87      22.6521
      1964.96      24.1006
      1965.04      23.8451
      1965.13      21.0099
      1965.20      23.0939
      1965.29      23.1758
      1965.37      22.3176
      1965.45      22.1043
      1965.54      23.9120
      1965.62      23.0744
      1965.71      22.3498
      1965.79      21.3534
      1965.87      21.4596
      1965.96      22.7826
      1966.04      19.5468
      1966.13      22.9623
      1966.20      22.8487
      1966.29      22.7928
      1966.37      23.4746
      1966.45      21.9428
      1966.54      21.5726
      1966.62      22.5125
      1966.71      19.5666
      1966.79      18.8423
      1966.87      18.9648
      1966.96      18.8097
      1967.04      18.4874
      1967.13      17.9396
      1967.20      17.5438
      1967.29      15.4164
      1967.37      16.7811
      1967.45      16.9524
      1967.54      21.0721
      1967.62      19.9865
      1967.71      18.3367
      1967.79      19.0759
      1967.87      18.4348
      1967.96      16.8742
      1968.04      18.5408
      1968.13      13.8439
      1968.20      17.7471
      1968.29      15.4460
      1968.37      16.7799
      1968.46      16.3552
      1968.54      17.7445
      1968.62      16.2934
      1968.71      15.2671
      1968.79      15.7690
      1968.87      18.5572
      1968.96      16.8707
      1969.04      15.6280
      1969.13      11.1190
      1969.20      13.6953
      1969.29      19.5828
      1969.37      18.2233
      1969.45      16.9643
      1969.54      19.9449
      1969.62      21.3635
      1969.71      21.0650
      1969.79      17.8683
      1969.87      17.2579
      1969.96      18.9169
      1970.04      16.9233
      1970.13      21.4472
      1970.20      17.6993
      1970.29      18.4843
      1970.37      18.3635
      1970.45      17.9046
      1970.54      18.7790
      1970.62      20.4606
      1970.71      18.6817
      1970.79      14.6208
      1970.87      16.7539
      1970.96      17.7869
      1971.04      18.0847
      1971.13      20.1366
      1971.20      18.1123
      1971.29      16.3946
      1971.37      18.1647
      1971.45      18.4624
      1971.54      21.8069
      1971.62      23.9896
      1971.71      21.1210
      1971.79      24.9084
      1971.87      24.3754
      1971.96      27.1059
      1972.04      28.4437
      1972.13      25.8812
      1972.20      25.1405
      1972.29      23.4087
      1972.37      22.7467
      1972.46      20.7626
      1972.54      21.7253
      1972.62      21.6146
      1972.71      18.1588
      1972.79      17.4025
      1972.87      19.2864
      1972.96      22.8363
      1973.04      19.7153
      1973.13      20.1101
      1973.20      17.2049
      1973.29      14.5481
      1973.37      13.8550
      1973.45      14.9644
      1973.54      17.1610
      1973.62      19.5041
      1973.71      17.5447
      1973.79      17.0490
      1973.87      17.8493
      1973.96      21.1991
      1974.04      24.1630
      1974.13      21.7634
      1974.20      19.9477
      1974.29      19.8205
      1974.37      15.7625
      1974.45      16.6554
      1974.54      19.0601
      1974.62      19.8618
      1974.71      18.1678
      1974.79      15.4409
      1974.87      14.7215
      1974.96      16.0428
      1975.04      17.6879
      1975.13      15.0494
      1975.20      14.0571
      1975.29      14.4424
      1975.37      13.9998
      1975.45      14.0924
      1975.54      17.1144
      1975.62      17.0962
      1975.71      18.5783
      1975.79      17.2247
      1975.87      17.4150
      1975.96      16.1510
      1976.04      19.1630
      1976.13      19.0897
      1976.20      18.1860
      1976.29      14.4213
      1976.37      15.5475
      1976.46      16.7515
      1976.54      15.7713
      1976.62      16.9285
      1976.71      16.9576
      1976.79      19.4848
      1976.87      19.7256
      1976.96      19.7295
      1977.04      18.2877
      1977.13      21.2701
      1977.20      21.2520
      1977.29      20.6212
      1977.37      18.1437
      1977.45      17.7825
      1977.54      19.9857
      1977.62      20.2964
      1977.71      15.7719
      1977.79      17.2875
      1977.87      20.3563
      1977.96      18.3551
      1978.04      21.7531
      1978.13      14.6884
      1978.20      21.9107
      1978.29      19.0833
      1978.37      19.5587
      1978.45      19.0262
      1978.54      20.7824
      1978.62      20.8224
      1978.71      19.9450
      1978.79      19.7601
      1978.87      21.9413
      1978.96      20.7616
      1979.04      19.5630
      1979.13      20.1157
      1979.20      19.4877
      1979.29      16.9383
      1979.37      18.7564
      1979.45      17.4698
      1979.54      20.2112
      1979.62      18.9652
      1979.71      18.5528
      1979.79      18.5807
      1979.87      20.9436
      1979.96      19.1618
      1980.04      16.2515
      1980.13      16.1204
      1980.20      15.8751
      1980.29      14.8473
      1980.37      14.0671
      1980.46      15.5501
      1980.54      17.2463
      1980.62      17.4719
      1980.71      19.1609
      1980.79      17.9127
      1980.87      17.9714
      1980.96      22.4652
      1981.04      19.0850
      1981.13      20.5701
      1981.20      14.4506
      1981.29      19.0308
      1981.37      16.6088
      1981.45      16.9364
      1981.54      19.4942
      1981.62      20.1889
      1981.71      19.4023
      1981.79      18.6332
      1981.87      17.8877
      1981.96      19.5937
      1982.04      19.5195
      1982.13      20.7753
      1982.20      18.6830
      1982.29      15.9313
      1982.37      15.1940
      1982.45      13.8049
      1982.54      16.9767
      1982.62      17.2732
      1982.71      15.8706
      1982.79      14.4285
      1982.87      16.5970
      1982.96      20.3263
      1983.04      18.1162
      1983.13      15.1892
      1983.20      15.4623
      1983.29      13.9667
      1983.37      15.4950
      1983.45      13.4499
      1983.54      16.8855
      1983.62      18.0539
      1983.71      17.1195
      1983.79      17.6142
      1983.87      15.6919
      1983.96      19.8275
      1984.04      23.9360
      1984.13      22.3178
      1984.20      18.7556
      1984.29      17.8244
      1984.37      19.5610
      1984.46      17.8580
      1984.54      20.8163
      1984.62      19.1469
      1984.71      17.9961
      1984.79      19.4658
      1984.87      18.2924
      1984.96      21.1929
      1985.04      17.1666
      1985.13      20.3775
      1985.20      19.2673
      1985.29      18.4640
      1985.37      16.1596
      1985.45      16.8299
      1985.54      20.8305
      1985.62      21.6237
      1985.71      19.7920
      1985.79      21.2671
      1985.87      23.3023
      1985.96      21.4211
      1986.04      24.1436
      1986.13      19.0331
      1986.20      22.6605
      1986.29      17.4642
      1986.37      16.8568
      1986.45      17.7447
      1986.54      17.7865
      1986.62      18.2410
      1986.71      16.5785
      1986.79      18.1355
      1986.87      21.8501
      1986.96      18.6886
      1987.04      14.9734
      1987.13      17.0516
      1987.20      16.2661
      1987.29      16.2857
      1987.37      18.1927
      1987.45      18.4101
      1987.54      19.3634
      1987.62      18.9405
      1987.71      18.4332
      1987.79      19.7211
      1987.87      21.0982
      1987.96      19.8052
      1988.04      22.7422
      1988.13      22.4381
      1988.20      22.1311
      1988.29      18.3193
      1988.37      18.9258
      1988.46      19.4038
      1988.54      21.3015
      1988.62      21.4792
      1988.71      20.1751
      1988.79      19.0436
      1988.87      18.9671
      1988.96      19.7832
      1989.04      23.1516
      1989.13      22.8731
      1989.20      20.7334
      1989.29      19.7016
      1989.37      16.5089
      1989.45      16.4802
      1989.54      18.5934
      1989.62      18.6902
      1989.71      17.5744
      1989.79      15.1423
      1989.87      16.5884
      1989.96      14.7371
      1990.04      22.6835
      1990.13      20.1566
      1990.20      15.8581
      1990.29      14.5362
      1990.37      13.8186
      1990.45      16.2018
      1990.54      17.3709
      1990.62      17.1933
      1990.71      17.8006
      1990.79      18.3400
      1990.87      18.8974
      1990.96      20.8293
      1991.04      19.4157
      1991.13      18.0182
      1991.20      18.2844
      1991.29      17.3670
      1991.37      16.2301
      1991.45      16.2628
      1991.54      17.4443
      1991.62      16.3971
      1991.71      15.6190
      1991.79      15.2685
      1991.87      18.5554
      1991.96      18.6027
      1992.04      17.0085
      1992.13      18.8036
      1992.20      20.1825
      1992.29      18.9234
      1992.37      18.2302
      1992.46      18.8591
      1992.54      20.2504
      1992.62      20.7113
      1992.71      19.6583
      1992.79      16.8986
      1992.87      21.7423
      1992.96      18.9501
      1993.04      20.6646
      1993.13      15.8903
      1993.20      17.3140
      1993.29      16.6373
      1993.37      14.9968
      1993.45      14.3322
      1993.54      16.7619
      1993.62      18.0033
      1993.71      17.8282
      1993.79      15.3031
      1993.87      21.3097
      1993.96      19.4010
      1994.04      22.9083
      1994.13      19.3250
      1994.20      19.7480
      1994.29      18.8323
      1994.37      17.7601
      1994.45      16.9442
      1994.54      19.3821
      1994.62      19.2927
      1994.71      18.2519
      1994.79      16.1590
      1994.87      18.8334
      1994.96      18.0110
      1995.04      21.3393
      1995.13      20.8733
      1995.20      17.5104
      1995.29      16.1417
      1995.37      15.1564
      1995.45      15.7403
      1995.54      19.6337
      1995.62      20.6719
      1995.71      19.3605
      1995.79      20.3627
      1995.87      20.4732
      1995.96      18.6566
      1996.04      21.9442
      1996.13      20.1948
      1996.20      17.9647
      1996.29      18.7878
      1996.37      17.7494
      1996.46      19.1191
      1996.54      20.1290
      1996.62      20.4461
      1996.71      18.5555
      1996.79      17.5451
      1996.87      20.3582
      1996.96      16.2167
      1997.04      17.0760
      1997.13      22.3295
      1997.20      18.4554
      1997.29      14.7484
      1997.37      15.9423
      1997.45      14.9748
      1997.54      18.3508
      1997.62      18.4159
      1997.71      16.8489
      1997.79      15.6783
      1997.87      18.5642
      1997.96      17.6879
      1998.04      20.0527
      1998.13      13.8903
      1998.20      18.5261
      1998.29      15.7656
      1998.37      12.3285
      1998.45      13.3261
      1998.54      17.0807
      1998.62      18.3508
      1998.71      17.2852
      1998.79      17.0281
      1998.87      17.9138
      1998.96      21.3981
      1999.04      19.5014
      1999.13      14.9906
      1999.20      12.9526
      1999.29      13.1349
      1999.37      11.3602
      1999.45      14.0124
      1999.54      15.2877
      1999.62      15.7869
      1999.71      15.4721
      1999.79      15.5155
      1999.87      15.5981
      1999.96      15.5476
      2000.04      16.4519
      2000.13      17.5582
      2000.20      14.5238
      2000.29      15.2816
      2000.37      13.0754
      2000.46      14.3314
      2000.54      15.0503
      2000.62      17.0260
      2000.71      15.5566
      2000.79      14.5840
      2000.87      14.5462
      2000.96      16.0968
      2001.04      16.8964
      2001.13      17.1910
      2001.20      14.2013
      2001.29      16.5405
      2001.37      13.6386
      2001.45      16.2294
      2001.54      20.1770
      2001.62      19.3076
      2001.71      16.4457
      2001.79      17.5244
      2001.87      17.4025
      2001.96      16.9583
      2002.04      19.5039
      2002.13      17.7040
      2002.20      19.6886
      2002.29      18.9193
      2002.37      19.1050
      2002.45      18.9582
      2002.54      19.7090
      2002.62      16.4100
      2002.71      14.6109
      2002.79      14.5886
      2002.87      17.8233
      2002.96      15.9078
      2003.04      18.1413
      2003.13      17.4103
      2003.20      14.5710
      2003.29      15.8565
      2003.37      17.1533
      2003.45      19.6803
      2003.54      23.9353
      2003.62      22.9512
      2003.71      20.5399
      2003.79      18.2690
      2003.87      19.5461
      2003.96      19.6603
      2004.04      19.4561
      2004.13      17.7903
      2004.20      20.5427
      2004.29      18.4311
      2004.37      19.6705
      2004.46      18.0711
      2004.54      19.9806
      2004.62      19.7562
      2004.71      21.4301
      2004.79      16.2905
      2004.87      17.0559
      2004.96      19.2123
      2005.04      17.9958
      2005.13      13.4564
      2005.20      12.8387
      2005.29      15.1061
      2005.37      15.1490
      2005.45      15.9140
      2005.54      17.8017
      2005.62      18.0636
      2005.71      17.7006
      2005.79      16.0548
      2005.87      19.0150
      2005.96      17.5670
