# SST [C] from Hadley Centre SST data set HadISST1
# cutting out region lon=   90.000  100.000, lat=  -10.000    0.000
 1870   28.45051       28.28204       28.26141       28.99723       28.97765       28.64426       28.42426       28.08927       27.81970       27.83362       27.93860       28.17845    
 1871   28.50235       28.54002       28.59635       28.76312       28.67382       28.28553       28.23575       27.83237       27.34975       27.41289       27.55440       27.91902    
 1872   28.13788       28.37034       28.57036       28.76773       28.90174       28.57788       28.16632       27.68353       27.55619       27.55442       27.79355       27.88577    
 1873   28.03838       28.26218       28.35618       28.82865       28.60151       28.50119       28.11401       27.95756       27.75296       27.38176       27.62456       27.92632    
 1874   28.54882       28.37730       28.97029       29.06935       28.70664       28.64721       28.41652       27.46861       27.66904       27.72263       27.57929       28.11863    
 1875   28.30410       28.29951       28.42902       28.50244       28.80460       28.26404       27.88275       27.55705       27.42542       27.69189       28.16521       27.91761    
 1876   27.95099       28.35108       28.73328       28.95219       28.92846       28.33197       27.97683       27.49702       27.23625       27.18622       27.41216       27.83588    
 1877   28.18318       27.98682       28.57188       28.91505       28.93505       28.84193       28.73305       27.64113       27.46659       27.43926       27.52409       28.17025    
 1878   28.89328       29.34604       29.20495       29.47848       29.55715       29.19154       28.73724       28.23811       27.63877       27.99428       27.80817       28.30219    
 1879   28.53555       28.56029       28.87301       28.95522       28.90622       28.49743       28.11254       27.87296       27.64468       27.53558       27.59093       27.88090    
 1880   28.07417       28.33735       28.65383       28.70170       28.67607       28.26411       28.18801       28.10742       27.56507       27.65089       27.95972       28.15688    
 1881   27.98946       28.69955       29.02718       29.48657       29.31987       28.59143       28.49557       28.09899       27.84519       27.87284       27.75723       28.17335    
 1882   28.67030       28.99642       28.78141       29.03961       28.87663       28.32653       28.03429       27.77499       27.71499       27.62440       27.49203       27.75443    
 1883   28.65598       28.40636       28.66929       28.61705       28.83666       28.92838       28.48358       27.68398       27.61378       27.31964       27.45839       27.69206    
 1884   27.96520       28.25202       28.67534       28.63606       28.75168       28.40900       28.11472       28.02735       28.11082       27.71032       27.86806       28.15038    
 1885   28.52060       28.05744       28.48863       28.82665       28.81304       28.16582       27.87412       27.53004       27.69393       27.45276       27.82586       28.22598    
 1886   28.63778       28.67300       29.08054       29.16359       29.04902       28.53189       28.33505       28.03686       27.74393       27.63261       27.73155       27.76200    
 1887   28.17098       28.29521       28.46733       28.59503       28.52967       28.21615       28.09450       27.54717       27.11457       27.40892       27.52176       27.72609    
 1888   27.93454       28.45108       28.73891       29.03744       29.09506       28.63478       28.20521       27.95915       27.57504       27.92902       28.09647       28.24629    
 1889   28.75571       28.72922       29.20221       29.34090       29.34141       28.62450       28.30474       28.00296       27.86816       27.60524       27.64622       27.75675    
 1890   27.84075       27.99973       28.53838       28.66414       28.50891       28.29980       27.91093       27.28362       27.29756       27.50846       27.56893       27.90232    
 1891   28.10756       28.61043       28.86446       28.93628       28.86407       28.48214       27.85105       27.49084       27.36030       27.26782       27.47580       27.89327    
 1892   28.34452       28.62578       28.53504       28.92489       29.03218       28.95110       28.24971       27.85378       28.01678       27.38119       27.36981       27.68542    
 1893   27.88402       28.10003       28.60957       28.79367       28.65795       28.35018       28.06215       27.78320       27.62678       27.59489       27.46432       27.87965    
 1894   27.92038       28.28522       28.46825       28.74168       28.53075       28.17606       27.73301       27.21047       27.09432       27.28939       27.43667       27.84386    
 1895   28.07704       28.21896       28.48360       28.67194       28.53621       28.34378       27.89387       27.70633       27.55238       27.45214       27.94562       28.13199    
 1896   28.52094       28.72202       28.87438       29.02689       28.99862       28.73292       28.16816       27.83496       27.56754       27.28629       27.54519       28.09325    
 1897   28.53798       28.93205       28.98425       29.03051       28.89329       28.71594       28.56511       28.40235       28.02448       28.22934       27.95729       28.30408    
 1898   28.33991       28.42668       28.36054       28.78589       28.80956       28.43357       28.47326       27.97033       27.73139       27.78878       27.57228       27.88428    
 1899   27.94194       28.00703       28.10736       28.43767       28.55572       28.31875       27.99289       27.53249       27.39105       27.67859       27.70313       28.28670    
 1900   28.47276       28.71570       28.89093       29.16152       28.89524       28.52458       28.19941       27.82108       27.70100       27.50689       27.66325       28.43395    
 1901   28.72865       28.75857       28.87705       29.12012       29.06071       28.57793       28.06095       27.97387       27.49554       27.55765       27.75112       28.14848    
 1902   28.32071       28.61037       28.49743       28.62544       28.67957       28.69491       28.12884       27.51097       27.32808       27.50838       27.43678       28.08016    
 1903   28.39470       28.52901       28.59341       28.89573       28.66172       28.76905       28.36984       27.91504       27.66736       27.58392       27.53309       27.87667    
 1904   27.69334       28.19364       28.29757       28.35637       28.50449       28.40443       27.88048       27.75160       27.59708       27.29765       27.55591       28.05276    
 1905   28.32920       28.47276       28.78327       28.71037       28.53123       28.60113       28.03661       27.65547       27.43980       27.53452       27.87511       28.29526    
 1906   28.44478       28.88755       28.74929       29.05151       28.84391       28.86281       28.39357       28.02413       28.05561       27.80500       27.70294       27.73974    
 1907   28.44551       28.43310       28.54322       29.08041       28.66344       28.29668       28.06094       27.83155       27.50398       27.41583       27.53176       27.80272    
 1908   28.25796       28.46049       28.37029       29.00620       28.72556       28.33455       28.09020       27.78128       27.34412       27.52375       27.62368       28.00817    
 1909   28.32582       28.32014       28.68699       28.94078       29.03058       28.71660       28.28835       27.86282       27.65240       27.64156       27.71121       28.06682    
 1910   28.43189       28.06409       28.56658       28.42788       28.75151       28.41388       28.15684       27.72710       27.71426       27.62152       27.54609       27.75013    
 1911   28.24787       28.49457       28.93892       28.82519       28.87782       28.58535       27.98933       27.89647       27.56550       27.63029       27.61282       27.87582    
 1912   28.20452       28.49327       28.44873       29.05223       28.80192       28.57323       28.29517       28.21201       27.98174       27.65032       27.71342       28.03188    
 1913   28.09789       28.66091       28.33987       28.61514       28.69361       28.32834       27.96980       27.54709       27.44861       27.22400       27.76313       28.11886    
 1914   28.30448       28.62433       28.70784       28.88938       28.74218       28.45896       28.33594       28.00140       27.57314       27.67877       28.26097       28.25319    
 1915   28.55199       28.71933       28.76384       29.19261       29.32147       28.90375       28.58616       28.03320       27.91098       27.60426       27.81958       27.88199    
 1916   28.08006       28.13016       28.40877       28.73242       28.83160       28.80029       28.35123       28.15562       28.08165       27.59973       27.56559       27.90206    
 1917   27.93196       28.16920       28.12723       28.67683       28.65130       28.47131       28.38498       27.99676       28.04422       27.72806       27.65301       27.83081    
 1918   27.77612       27.77934       28.08030       28.50371       28.63971       28.29331       28.07302       27.50851       27.43032       27.44871       27.67496       27.90536    
 1919   28.47901       28.64717       28.78991       29.10611       29.21554       28.93059       28.17234       27.97556       27.92433       27.61008       27.30058       27.89401    
 1920   28.21777       28.27637       28.39912       28.74351       28.72824       28.29462       27.88492       27.98004       27.71561       27.42696       27.67989       27.85429    
 1921   27.99231       28.16745       28.26474       28.81953       28.62038       28.33178       28.19669       27.99094       27.46413       27.66774       27.81752       28.35571    
 1922   28.37466       28.47607       28.37702       28.73153       28.67904       28.38775       28.23100       27.82473       27.47025       27.47818       27.87141       27.70247    
 1923   27.94151       28.31555       28.68252       28.95910       28.89525       28.39500       28.02022       27.65727       27.13222       27.16035       27.21145       27.95219    
 1924   28.42774       28.79484       28.89751       29.11472       28.90748       28.72243       28.35504       27.91363       27.80169       27.23499       27.39210       28.00226    
 1925   27.84072       27.96924       28.30050       28.22928       28.69152       28.21078       28.26106       27.57664       27.18048       27.42983       27.72305       28.11203    
 1926   28.33159       28.47689       28.72459       28.84530       28.90438       28.48476       28.46300       27.72743       27.78932       27.58560       27.73314       28.12732    
 1927   28.03473       28.54635       28.37517       28.81300       28.74149       28.38688       28.39217       27.92760       27.86281       27.67957       27.62827       28.07507    
 1928   28.47188       28.68346       28.77946       28.72751       28.94537       28.88938       28.36050       28.23692       28.14144       27.67594       27.75926       28.05363    
 1929   28.22625       28.26104       28.52331       29.01666       28.75617       28.45729       28.26689       27.83301       27.62782       27.56387       27.62897       28.13414    
 1930   28.44985       28.75695       28.84141       29.21348       28.98090       28.43848       28.13087       27.73309       27.79342       27.71699       27.65269       28.02128    
 1931   28.41664       28.92027       29.09953       29.38801       29.24385       29.09020       28.66968       28.04172       28.05318       27.79917       28.01622       28.37333    
 1932   28.50480       28.56285       28.84374       28.71283       29.01440       28.57175       28.09052       28.06133       27.62509       27.80482       27.59493       27.81306    
 1933   28.41823       28.57300       28.49407       28.57873       29.04628       28.54778       28.35478       28.00427       28.30898       27.93382       27.73244       28.15619    
 1934   28.14837       27.89611       28.10593       28.52058       28.33070       28.48984       28.25830       27.60614       27.93907       27.46192       27.61473       28.19064    
 1935   28.07722       28.48358       28.23996       29.04114       28.82907       28.58247       28.03163       27.54088       27.47004       27.56709       27.42830       27.91320    
 1936   28.15469       28.78015       28.85910       28.91060       28.91307       28.42539       28.05140       28.21394       28.06673       27.94308       27.64112       28.44832    
 1937   28.39166       28.83075       28.87864       29.29297       28.73260       28.81947       28.52779       27.99606       27.53048       27.80381       27.80717       27.91863    
 1938   28.42722       28.56293       28.57395       28.84552       28.82307       28.96540       28.55736       27.73836       27.71157       27.78846       27.92443       28.24608    
 1939   28.05165       28.34845       28.38630       28.80441       28.81416       28.55907       28.17225       27.67073       27.41882       27.38413       27.86718       28.05335    
 1940   28.20371       28.53956       28.98003       29.08656       29.08164       28.67719       28.48669       27.76045       27.84263       28.03752       28.14964       28.46263    
 1941   28.85718       29.12037       29.11543       29.41254       29.25978       29.12917       28.97006       28.47342       27.98985       27.92248       27.98747       28.63814    
 1942   28.58564       28.71351       29.23317       29.28594       29.34086       29.25376       28.46300       28.57471       28.12874       27.72019       28.05714       28.24756    
 1943   28.36864       28.58181       28.69756       28.81973       29.02665       28.29944       28.10749       27.84197       28.09645       27.86585       28.06162       28.32743    
 1944   28.51242       28.22603       28.88007       28.95573       28.69799       28.78736       28.23176       27.88935       27.89359       27.88920       27.85697       28.28055    
 1945   28.75536       28.88442       28.40273       28.79832       28.90943       28.86091       28.83953       28.50290       27.91464       27.76828       27.68764       28.31350    
 1946   27.96754       28.31278       28.76002       29.43552       28.65399       28.71534       28.07836       27.53920       27.42714       27.44957       27.38163       27.75346    
 1947   28.33567       28.29213       28.41424       28.55233       28.64410       28.51221       28.36895       27.94775       27.65922       27.41698       27.42018       27.65906    
 1948   28.12230       28.19455       28.41326       28.82410       28.69269       28.55058       28.25187       27.85858       27.72177       27.70465       27.76595       28.41064    
 1949   28.12156       28.23282       28.52518       28.50068       28.70414       28.32727       28.14842       27.74446       27.51839       27.41809       27.75447       28.00971    
 1950   28.19618       28.62415       29.03120       28.79874       28.88584       28.53292       28.05165       27.58238       27.62931       27.57258       27.35218       27.57800    
 1951   27.61961       27.85593       28.25137       28.71593       28.70992       28.55274       28.10320       27.58333       27.75556       27.75976       27.66114       28.20201    
 1952   28.31251       28.49575       28.60435       28.90946       28.96552       28.54436       28.19198       27.89507       27.77357       27.54467       27.54368       27.95233    
 1953   27.98136       28.08223       28.52192       28.84892       28.72366       28.83147       28.15237       27.78570       27.45037       27.58282       27.83265       28.36601    
 1954   28.49482       28.67118       28.62552       28.96187       29.24731       28.77056       28.21720       27.74003       27.59467       27.44393       27.56174       27.59966    
 1955   28.25859       28.13257       28.30427       28.55289       28.84772       28.19041       27.90224       27.77902       27.78082       27.56543       27.54470       27.99793    
 1956   28.16774       28.11064       28.38659       28.90979       28.81505       28.68941       28.45216       28.04429       27.71618       27.73421       27.79058       27.99629    
 1957   28.63512       28.84918       28.75894       29.12483       29.39688       28.90038       28.41842       27.83607       27.55247       27.73203       28.12397       28.20345    
 1958   28.82546       28.88057       28.91296       29.08228       29.19485       28.93923       28.93720       28.80100       28.51149       28.16683       28.20125       28.76954    
 1959   28.74039       29.21533       29.23265       29.23365       29.49664       29.07292       28.48215       28.28351       28.07754       27.82038       28.05392       28.26091    
 1960   28.35627       28.45492       29.00962       29.41909       29.42738       29.04023       28.58315       27.88659       27.88794       27.99732       28.04988       28.40221    
 1961   28.14915       28.22418       28.57111       29.21083       28.90954       28.36752       27.66315       27.11128       27.06992       27.07255       27.16488       27.66875    
 1962   27.73762       27.95432       28.36911       28.83289       28.99159       28.70324       28.35270       28.07519       27.73902       27.74097       27.84365       28.17632    
 1963   28.01122       28.14789       28.39023       28.86867       28.96985       28.57845       27.98548       27.43266       27.54203       27.27973       27.67794       28.19741    
 1964   29.07085       29.25506       29.17633       29.26758       28.99468       28.65745       28.34677       27.72549       27.80473       28.00936       27.58501       27.82240    
 1965   28.42889       28.71971       28.54385       29.03206       28.98862       28.58612       28.29860       27.88795       27.60255       27.43217       27.78947       28.19619    
 1966   28.51282       28.95910       28.93902       29.03961       28.98578       28.63576       28.04526       27.60868       27.44424       27.60323       27.98917       28.06685    
 1967   27.96265       28.03428       28.29753       29.06166       29.19216       28.64910       27.95500       27.62767       27.33184       27.41605       27.66422       27.94354    
 1968   27.99586       28.24584       28.39166       28.77341       29.03600       28.71750       28.43877       28.11095       28.15115       27.91741       28.03440       28.31737    
 1969   28.79156       28.96446       29.08945       29.31264       29.36132       28.97905       28.53822       28.10168       27.83185       27.95874       27.93153       28.46194    
 1970   28.53367       28.51534       28.90995       28.92060       28.90067       28.94040       28.70155       28.21096       28.13577       27.87209       27.83385       27.97745    
 1971   27.79995       27.82060       27.95138       28.48031       28.66787       28.61449       28.29556       27.97775       27.97840       27.77100       27.67251       27.85592    
 1972   28.39455       28.57916       28.44641       28.89747       29.04679       28.61713       28.05364       27.73994       27.80226       27.78625       27.67338       28.11544    
 1973   28.75933       28.72585       28.86447       29.25764       29.08311       28.86912       28.76410       28.28040       28.29386       27.92266       27.74493       27.76263    
 1974   27.96156       28.18260       28.37479       28.72752       28.87856       28.71412       28.58597       28.14405       27.88920       27.91669       27.78392       28.23380    
 1975   28.42377       28.40219       28.52938       28.61191       28.86879       28.77835       28.51394       28.04355       28.13436       27.82093       27.53631       27.70006    
 1976   27.97471       28.25629       28.32874       28.62219       28.81477       28.47772       27.84701       27.61951       27.61008       27.56810       27.67317       27.95171    
 1977   28.30524       28.42949       28.42533       29.02145       29.25364       28.96980       28.55005       28.28239       27.96667       27.73977       28.32935       28.63613    
 1978   29.09132       29.09678       29.23061       29.02855       28.92660       28.24352       27.91611       27.66131       27.49654       27.84627       28.03701       28.29913    
 1979   28.43852       28.91914       28.90433       29.18249       29.38663       28.77073       28.49907       27.90313       27.82527       27.63671       27.82353       28.23010    
 1980   28.51472       28.76473       28.88396       28.91463       29.20352       28.65296       28.63200       28.48614       28.19393       28.27781       28.25387       28.69207    
 1981   28.61747       28.70034       28.96928       28.80652       28.84204       28.66735       28.52377       28.10725       28.06667       28.01845       27.85577       28.21768    
 1982   28.29854       28.35906       28.69243       28.89312       28.91879       28.52070       28.23405       27.89564       27.54003       27.35994       27.80038       28.60814    
 1983   29.23514       29.50539       29.72394       30.03721       29.63241       29.34444       28.84804       28.35774       28.16429       28.03661       28.48720       28.62105    
 1984   28.63861       28.28622       28.75394       28.96225       28.94538       28.75447       28.45800       28.11295       27.95579       27.98584       28.06142       28.31983    
 1985   28.66814       28.63895       28.85517       29.09619       28.90781       28.66935       28.46004       28.04740       27.73102       27.93134       27.64394       28.70230    
 1986   28.49990       28.81975       28.90020       29.23194       29.34816       29.13851       28.88265       28.25090       27.91667       27.88734       28.37733       28.77814    
 1987   28.77794       28.94620       29.32976       29.56025       29.58689       29.10977       28.69015       28.34082       28.12702       28.00943       28.44102       28.59820    
 1988   28.83800       29.29507       29.53631       29.54156       29.55798       29.09103       28.84844       28.64084       28.29758       28.31582       28.20724       28.40371    
 1989   28.66946       28.63890       28.81158       29.20048       29.37012       29.08928       28.58142       28.10937       27.96770       28.08215       28.39811       28.61658    
 1990   28.87892       29.43678       29.19273       29.45859       29.40460       29.14797       28.76144       28.50745       28.00563       28.10990       28.12469       28.62376    
 1991   28.82661       29.06239       29.17146       29.32886       29.31709       29.07051       28.56342       28.06728       27.90764       27.87828       27.87425       28.31700    
 1992   28.88346       29.07779       29.33313       29.52584       29.70854       29.69081       29.06734       28.68690       28.40093       28.19048       28.41877       28.66899    
 1993   28.87963       28.82736       29.02308       29.22210       29.36417       29.07858       28.68052       28.39268       27.99911       27.86616       28.18768       28.42306    
 1994   28.69864       28.68599       28.56292       28.82165       28.88432       28.44024       27.98214       27.34659       27.14003       27.34824       27.71223       28.10221    
 1995   28.47674       28.69975       28.88075       29.34899       29.52361       29.16192       28.87735       28.30420       28.06361       28.22462       28.33369       28.48309    
 1996   28.96426       29.09016       29.11483       29.43014       29.29177       29.20704       28.89593       28.38865       28.14949       28.29716       28.43730       28.54418    
 1997   28.54520       28.36020       28.88576       29.19511       29.16147       28.93298       28.32771       27.77730       27.51967       27.29626       27.25924       27.92126    
 1998   28.80141       29.16835       29.69456       29.86756       29.76222       29.46465       29.17999       28.88369       28.46557       28.44223       28.47894       28.52425    
 1999   28.57527       28.59087       28.88113       29.08185       29.11635       28.92383       28.48622       28.14631       27.97290       27.78942       28.13749       28.46659    
 2000   28.70137       28.63023       28.70366       28.94923       28.97744       28.68560       28.31020       28.00596       27.97622       28.02344       28.35052       28.55326    
 2001   28.73286       28.63841       29.01246       29.11090       29.23396       29.04263       28.66287       28.33541       28.12859       28.19917       28.38727       28.80945    
 2002   29.09445       28.83357       29.28088       29.66985       29.38502       29.09240       28.94470       28.46097       28.15125       27.82406       28.02175       28.71970    
 2003   28.93775       29.05491       29.31932       29.57716       29.52810       29.18465       28.69847       28.23726       28.12580       28.14795       28.28463       28.37237    
 2004   28.91266       28.79860       28.96313       29.34385       29.38893       29.06011       28.54301       28.33107       28.05564       27.96003       28.33448       28.75226    
 2005   28.92253       29.41036       29.56443       29.32931       29.48614       29.26288       28.88560       28.54794       28.43387       28.23751       28.19720       28.38904    
 2006   28.43291       28.91995       29.01083       29.25760       29.55275       29.13392       28.69525       28.29767       27.69364       27.56278       27.98902       28.60492    
 2007   28.81656       29.11116       29.08876       29.36919       29.28498       29.29292       28.60790       28.22680       27.88423       27.80563       28.05279       28.60103    
 2008   28.66963       28.70506       28.56805       29.09289       28.85891       28.73695       28.36238       28.20204       28.07627       28.03231       28.16668       28.41563    
 2009   28.74271       28.70030       28.92068       29.22409       29.22024       29.25403       29.09260       28.65071       28.24841       28.36225       28.44124       28.71700    
 2010   28.82130       29.19237       29.20209       29.59088       29.68817       29.36870       28.83505       28.42972       28.09071       28.33358       28.33489       28.49241    
 2011   28.39357       28.61237       28.65878       28.96096       29.27726       29.11401       28.51428       28.13294       27.84283       27.83717       28.16106       28.62470    
 2012   28.70951       28.74287       28.78450       29.43995       30.12641       29.24359       28.30944       28.01830       27.89381       28.07912       28.17234       28.52043    
 2013   28.86152       28.95765       29.09095       29.52630       29.62308       29.25934       28.61722       28.38993       28.24317       28.02065       28.24049       28.42130    
 2014   28.84371       29.08506       29.23276       29.43134       29.68480       29.37637       29.13054       28.60097       28.29375       28.15034       28.56734       28.57307    
 2015   28.75498       29.06686       29.27955       29.52259       29.62780       29.37088       29.04191       28.39187       28.40182       28.17098       28.43199       29.01974    
 2016   29.13300      -999.9000      -999.9000      -999.9000      -999.9000      -999.9000      -999.9000      -999.9000      -999.9000      -999.9000      -999.9000      -999.9000    
