# Difference between
# hadisst1_wio.dat
# hadisst1_seio.dat
# Timeseries are not normalized
# Timeseries are not normalized
# diff [C] difference of SST and SST
 1870 -0.3519497     -0.8986855E-01  0.4857960      0.1081314     -0.2132359     -0.2226505     -0.2819939     -0.1522846     -0.2588158     -0.3074856     -0.2722034     -0.2155380    
 1871 -0.2533894     -0.1266079     -0.5838394E-01  0.9700775E-02  0.6327248E-01  0.8332062E-01 -0.8817482E-01 -0.2244568E-01  0.1136246     -0.6521416E-01  0.1159286     -0.5998611E-02
 1872  0.1506996E-01  0.4076004E-01  0.6656647E-02  0.3874207E-01  0.5715370E-01  0.1253090      0.1006546      0.9654427E-01  0.1015549      0.3569412E-01  0.5287743E-01  0.4039192E-01
 1873  0.2247314     -0.1716194     -0.1710243     -0.1314468     -0.5151558E-01 -0.2557297     -0.2660427     -0.4992256     -0.2088757      0.3349495E-01 -0.7376099E-01 -0.1101875    
 1874 -0.3276291     -0.1351299     -0.4266224     -0.4596462      0.3454208E-02 -0.2107983     -0.1387634      0.7249451E-01 -0.3118763     -0.6910648     -0.3773727     -0.5180283    
 1875 -0.2173195     -0.4484749E-01  0.3145599E-01  0.2256737      0.1009445      0.1958199     -0.4374313E-01  0.1063843      0.7019424E-01 -0.2076855     -0.5808525     -0.2117386    
 1876 -0.3977013E-01 -0.2748680     -0.2883434     -0.2590389     -0.2240448     -0.1538105      0.2108574E-01  0.1359348      0.2170639      0.1851444     -0.4344368E-01 -0.4328918E-01
 1877 -0.1198997      0.6270409      0.1393967     -0.2117577     -0.3307552     -0.2444611     -0.3630238      0.4621735      0.7833347      0.6618042      0.6949787      0.4176311    
 1878  0.3940010E-01 -0.7061005E-01  0.2409859      0.1271534     -0.1113853     -0.4944992E-01  0.3072548E-01 -0.7493973E-02  0.2207165     -0.2294044     -0.4088211E-01 -0.1070290    
 1879 -0.9395790E-01 -0.6481743E-01 -0.2315044     -0.2441578     -0.1716461      0.7873917E-01  0.1096172     -0.2225037     -0.1341648     -0.2847557     -0.4151630     -0.3319283    
 1880 -0.3177586     -0.9982872E-01 -0.1250839      0.2387218      0.3304482E-01  0.6799698E-02 -0.1044827     -0.2864056     -0.1315498E-01 -0.2524357     -0.2926235     -0.1722775    
 1881  0.8379173E-01 -0.4027596     -0.2266636     -0.3547173     -0.8969688E-01  0.2857494      0.1847477      0.1011162      0.3125381E-01 -0.1845570     -0.9309387E-01 -0.2194386    
 1882 -0.4260197     -0.5495987     -0.9550476E-01 -0.2784729E-01  0.9824371E-01  0.1991997      0.1619568     -0.2961540E-01 -0.1577759     -0.8342361E-01 -0.2619171E-01 -0.4180908E-01
 1883 -0.3416691      0.1043415     -0.1712952      0.1921024      0.5978394E-01 -0.1589966E-01 -0.1184826      0.2001438     -0.4007339E-01  0.9646606E-01  0.7676888E-01 -0.2247810E-01
 1884 -0.1063004     -0.6188774E-01 -0.2356548      0.2879219      0.3900337      0.1130505      0.3272667      0.5196571E-01 -0.2803268     -0.6457520E-01 -0.2850113     -0.1790676    
 1885 -0.2970982      0.3020821      0.9591484E-01 -0.5107880E-02  0.5786324E-01  0.2198200      0.1331463      0.2990036      0.3535461E-01  0.1923237     -0.1121311     -0.1430283    
 1886 -0.3803883     -0.3896198     -0.2426033     -0.2670288E-04 -0.9261703E-01 -0.9771156E-01 -0.2978535     -0.4369755     -0.4088459     -0.4447861     -0.4068031     -0.2716770    
 1887 -0.2021503     -0.1303978     -0.5528450E-01 -0.4639816E-01 -0.1821709E-01  0.6056976E-01 -0.5273819E-02  0.2498646      0.1344738     -0.1049156     -0.3044319E-01  0.2911186E-01
 1888 -0.3094864E-01 -0.2306786     -0.3502254     -0.4068565     -0.2414970     -0.9294128E-01 -0.3714371E-01  0.6141663E-03  0.1143456E-01 -0.1858959     -0.3164730     -0.8733749E-01
 1889 -0.4316998     -0.1393890E-01 -0.4617538     -0.5219288     -0.3324757     -0.1922112     -0.5066490E-01 -0.2056751     -0.3954449     -0.4691448     -0.4019909     -0.6576920E-01
 1890  0.1160011      0.2040329     -0.2237320E-01 -0.2647400E-02  0.2124786E-02 -0.3513603     -0.3458538     -0.1433163     -0.3865452     -0.6199436     -0.5701218     -0.2913284    
 1891 -0.1475983     -0.4404678     -0.4557648     -0.1151066     -0.1117363     -0.2227974E-01  0.1202259      0.2134037      0.2270756      0.2387447      0.1328278      0.1593018    
 1892 -0.8674049E-01 -0.3160858E-01  0.8350563E-01 -0.8738899E-01 -0.3223801E-01 -0.3078003     -0.2804947     -0.4357052     -0.7150364     -0.2781239     -0.7991219E-01 -0.1529675    
 1893 -0.1003399     -0.1057606     -0.2123032     -0.2596684     -0.2050552     -0.2181892     -0.6418228E-01 -0.2628536     -0.2598648     -0.3637962     -0.1794624     -0.2054291    
 1894  0.4242134E-01 -0.7238770E-01 -0.1172237     -0.9541702E-01  0.3985405E-01  0.1133995      0.2762966      0.3964252      0.1907749     -0.3692627E-01 -0.9995270E-01 -0.5956841E-01
 1895 -0.5823898E-01  0.7910156E-01  0.1226616E-01  0.1561165E-01  0.1295948      0.1069698      0.1374569      0.2121563      0.1410351      0.2414131     -0.2205715     -0.1301594    
 1896 -0.2084293     -0.3388386     -0.3292942     -0.7406807E-01  0.4478455E-01 -0.6999969E-02  0.1677265      0.6195450E-01  0.2594662      0.5708351      0.2924767      0.2644119    
 1897 -0.8277893E-02 -0.1740398     -0.7458305E-01  0.3714180E-01  0.9513474E-01 -0.3101349E-02  0.5468750E-01 -0.1023445     -0.2159767     -0.6583939     -0.5071125     -0.4119968    
 1898 -0.2297306     -0.1145077     -0.7343292E-03 -0.2825737E-01 -0.9030724E-01 -0.2183151E-01 -0.3874550     -0.3775845     -0.2990055     -0.4340248     -0.1753540     -0.1451168    
 1899 -0.9961891E-01  0.4098129E-01  0.1278458      0.1380234      0.1389351     -0.6805992E-01 -0.9985352E-01  0.2308464E-01 -0.2658463     -0.1270962     -0.1250134     -0.3620377    
 1900 -0.1627979     -0.2271843E-01 -0.2016239     -0.4765701E-01  0.1381836      0.2451096      0.9685707E-01 -0.5646515E-01 -0.2761459E-01  0.3670502E-01  0.1341171     -0.3371487    
 1901 -0.3049393     -0.5506287     -0.4448738     -0.2881775     -0.3070679     -0.3093300     -0.2179928     -0.4632454     -0.3644066     -0.2746944     -0.4206429     -0.3847771    
 1902 -0.1868687     -0.2624702      0.4714966E-02  0.3614826      0.1432743      0.3756905E-01  0.6880760E-01  0.5813961      0.4207764      0.1930847      0.2244358     -0.5253792E-01
 1903 -0.2241879     -0.2025795     -0.1061649     -0.2794170      0.9071350E-01 -0.1706009     -0.2416344     -0.6535339E-01 -0.1239452     -0.4373055     -0.2789135     -0.2018890    
 1904  0.6993103E-01  0.3513145E-01  0.1538658E-01  0.2946606      0.8378410E-01  0.7339478E-02  0.2476463     -0.7305527E-01 -0.2535648      0.2017155      0.2804756E-01 -0.2811966    
 1905 -0.2754803     -0.3929710E-01 -0.2031631     -0.1346359      0.2580624     -0.1247025E-01  0.2245674      0.1732540      0.4722843     -0.1454353E-01 -0.1464539     -0.2052879    
 1906 -0.1789703     -0.2034397     -0.1473846     -0.3282471      0.4185295E-01 -0.1904793     -0.3361645     -0.3905544     -0.8472767     -0.4770546     -0.3413620      0.2845192E-01
 1907 -0.2357693     -0.2053833E-01  0.1318550E-01 -0.2024479      0.1621246E-01  0.7363892E-01 -0.1058331     -0.4814568     -0.4926682E-01  0.9201431E-01  0.9517860E-01  0.2950134    
 1908 -0.2999878E-01 -0.1349983     -0.8622551E-01 -0.4487686      0.3470421E-01  0.2885494     -0.9514427E-01 -0.4967499E-01  0.8361435E-01 -0.8102608E-01 -0.6986237E-01 -0.3086472    
 1909 -0.3713703     -0.1328392     -0.2706738     -0.1443787     -0.5232868     -0.5283413     -0.4782238     -0.4259758     -0.2823448     -0.3309441     -0.2480431     -0.7518768E-01
 1910 -0.2706699      0.1305313     -0.2746143     -0.1468658E-01 -0.2644577     -0.9811974E-01 -0.3487530     -0.3076649     -0.5281048     -0.5057850     -0.3132019     -0.6607819E-01
 1911 -0.6658554E-02 -0.3645687     -0.4461937     -0.4036865     -0.1830959     -0.4848003     -0.7950401E-01 -0.2792244     -0.1265163     -0.2660637      0.2174759E-01  0.8810234E-01
 1912  0.8184242E-01 -0.7060051E-01  0.9912491E-01 -0.2419853E-01  0.1419544      0.1757889     -0.1308231     -0.4963646     -0.4175453     -0.2195358     -0.2621441     -0.2418175    
 1913  0.7930756E-02 -0.8391762E-01  0.4867554E-01 -0.2725792E-01  0.1055546      0.1715298      0.4396439E-01 -0.6056595E-01 -0.3358650E-01  0.2098141     -0.1168423     -0.6388855E-01
 1914 -0.2954865E-01 -0.1420021E-01 -0.1600342     -0.2226639E-01  0.1904335      0.6592312      0.2789574      0.8558464E-01  0.2070351      0.1474552     -0.4006310     -0.3013382    
 1915 -0.4195099     -0.3730392     -0.8897400E-01  0.4981995E-02 -0.2511158      0.1539001     -0.1982346     -0.6402397E-01  0.6093979E-02  0.1665554      0.2513695E-01  0.2673607    
 1916  0.4135132E-01  0.2058411      0.1763859      0.2584724      0.2498436E-01 -0.2433891     -0.1943436     -0.4331551     -0.7063656     -0.3459854     -0.4477329     -0.1814575    
 1917  0.3444099E-01 -0.1927948E-01  0.3807068E-02 -0.9384727E-01 -0.1192760     -0.4586983E-01 -0.2704926     -0.9394455E-01 -0.4316158     -0.4767857     -0.4439220     -0.2975388    
 1918  0.2148514      0.2308311      0.2266560     -0.5642700E-01 -0.1663551      0.2454948E-01  0.7010460E-01  0.2158146      0.3871040      0.4761658      0.4589882      0.3499222    
 1919  0.1877918      0.1124020     -0.4074287E-01 -0.1454182     -0.1688271     -0.1864796      0.1903858     -0.3581429E-01 -0.4402542E-01 -0.7036209E-02  0.1592178     -0.2840805E-01
 1920  0.1730709      0.2826328      0.3502254      0.1995430      0.3674049      0.2468090     -0.3190422E-01 -0.2437248     -0.1771564     -0.6845474E-01 -0.2041512     -0.9009743E-01
 1921  0.1970100E-01  0.5400085E-01  0.1391068      0.5284119E-01  0.8007240E-01  0.1016102     -0.7480431E-01 -0.4673462      0.3686523E-01 -0.2470589E-01 -0.2777328     -0.2451267    
 1922 -0.1864796     -0.3698349E-02  0.2296867     -0.1081963     -0.9839630E-01  0.2873993     -0.1459846     -0.6815529E-01 -0.8226395E-01  0.8118439E-01 -0.3009529      0.5105019E-01
 1923  0.2664185E-01 -0.1808777     -0.2612038     -0.9224892E-01 -0.1181602E-01  0.1827087      0.1324654E-01  0.3140450E-01  0.5380363      0.6587448      0.8097172      0.1587715    
 1924 -0.1016197     -0.2515678     -0.1235752     -0.9724617E-01 -0.3941727E-01 -0.1283684     -0.7439423E-01 -0.1536446     -0.2266045      0.3414154      0.2788734E-01 -0.1332893    
 1925  0.7199097E-01  0.1110516      0.1741600E-01  0.6709023      0.1009426      0.3727016      0.2986526E-01  0.2672958      0.7714748      0.4189835      0.3410683      0.1255016    
 1926  0.2024899      0.4743004E-01  0.2759857      0.1948719      0.1996822      0.3880997      0.8797646E-01  0.3933449      0.7036400E-01  0.3376045     -0.8993149E-02 -0.3468704E-01
 1927  0.1252689      0.1459599      0.1220055     -0.1109676     -0.5894661E-01  0.5576897E-01 -0.2870731     -0.3020058     -0.2424450     -0.1218948      0.1172485     -0.8146858E-01
 1928 -0.4497910E-01 -0.2102852E-01 -0.7909393E-01  0.2281189E-02 -0.9486580E-01 -0.2943993     -0.2456932     -0.5399151     -0.5779438     -0.2804451      0.3755760E-01 -0.2578735E-02
 1929  0.4732132E-01  0.1075020     -0.3371429E-01 -0.1402187     -0.5196571E-01  0.6084442E-03 -0.1621037     -0.1974258      0.6434631E-01  0.1260548      0.1654892      0.3000221    
 1930 -0.8761024E-01 -0.2944393     -0.1541634     -0.1129379     -0.2022667      0.1528187      0.4375458E-01  0.1633453     -0.2297363      0.6869507E-01  0.5332661      0.3189411    
 1931  0.3483810      0.1269112     -0.1411037     -0.1652870      0.1095123     -0.7513046E-01 -0.6122589E-02 -0.3195381E-01 -0.5189552     -0.1622543     -0.2733231E-01 -0.4671383    
 1932 -0.3076000     -0.3468189     -0.2118149      0.1829834     -0.1438961     -0.2453041E-01  0.1604156     -0.1778469      0.3876495E-01 -0.2678947     -0.8003235E-02  0.1739101    
 1933  0.3908157E-01  0.3617096E-01  0.2297554      0.3839931     -0.6602669E-01  0.3961563E-02 -0.1761246     -0.2495155     -0.9834270     -0.6110668     -0.2627029     -0.3327198    
 1934 -0.3719597      0.8794975E-01  0.1823616E-01  0.1273422      0.2901535      0.1374607     -0.1104641      0.3256950     -0.2663555      0.1260643      0.1799870      0.7728195E-01
 1935  0.3260803      0.1870708      0.3678360     -0.2908707E-01  0.1422653      0.1542206      0.1730461      0.3112850      0.2551060      0.9873581E-01  0.4207363      0.3605824    
 1936  0.4002419     -0.8304787E-01  0.1357651E-01  0.1349316      0.4610252E-01  0.3006306      0.3379078     -0.8846474E-01 -0.9813499E-01 -0.2028656      0.3201370     -0.2595901E-01
 1937  0.7368088E-01  0.6342125E-01 -0.1439285E-01 -0.2647381      0.3295746     -0.7725906E-01 -0.1430931      0.6350517E-01  0.4988346      0.6455421E-01  0.3118877      0.1728115    
 1938  0.1284218      0.1118717      0.3160362      0.7039261E-01  0.3159237     -0.1836109     -0.1450329      0.2178555      0.8642387E-01 -0.5219460E-01 -0.3016224     -0.2090778    
 1939  0.1105213      0.2192707      0.1665268      0.5552292E-02 -0.2730560E-01  0.7551956E-01  0.1004963      0.1893234      0.2196560      0.2493343      0.6023788E-01  0.1509819    
 1940  0.2682095     -0.3028870E-02 -0.2994537     -0.2281971     -0.1344757      0.1511383     -0.2688408E-01  0.6306458E-01  0.4343414E-01 -0.6802368E-01 -0.1295090E-01 -0.2327728E-01
 1941 -0.1213284     -0.2850094     -0.3011513E-01 -0.1473808E-01  0.3442764E-02 -0.1224689     -0.1300850     -0.9674072E-02  0.8801651E-01  0.1927948      0.4201965     -0.2146721E-01
 1942  0.3850174E-01 -0.2477837E-01 -0.1049843     -0.1282883     -0.2541771     -0.6718998     -0.3526440     -0.6760769     -0.4564457     -0.1779556     -0.4365921     -0.4034786    
 1943 -0.3686008     -0.2630482     -0.2830524     -0.1101875     -0.3458595E-01  0.3529491      0.1948547      0.1199150     -0.3552265     -0.1639156     -0.1073933     -0.1688194    
 1944  0.4754066E-01  0.4633808     -0.7372284E-01 -0.5449867E-01  0.5005741      0.3427124E-01  0.3004055      0.1634846      0.2002029     -0.2057152      0.1342583      0.3275414    
 1945  0.6918144E-01  0.1477699      0.3314457     -0.7019806E-01 -0.2218857     -0.2978706     -0.2929249     -0.4438438     -0.2891350     -0.2523746     -0.3317070E-01 -0.1569481    
 1946  0.3567791      0.2202110     -0.8713341E-01 -0.3933277      0.4660835     -0.1292992      0.1884766      0.3622055      0.2765961      0.2917442      0.3220482      0.9471130E-01
 1947 -0.2590179E-02  0.1981316      0.2015762      0.1256180E-01  0.2809334      0.1637993     -0.2789841     -0.2486057     -0.3362541     -0.2485657     -0.2177238E-01  0.8916283E-01
 1948 -0.9993935E-01  0.1967716      0.3471069      0.8755112E-01  0.1722736      0.1643200      0.9546280E-02 -0.3081512E-01 -0.2525749     -0.2006531E-01 -0.1560707     -0.3371887    
 1949  0.5715179E-01  0.1997509     -0.9210396E-01  0.3657112      0.7787323E-01  0.2412701      0.3026066      0.1489964      0.2574348      0.2308235     -0.7447243E-01 -0.8934784E-01
 1950  0.6616974E-01 -0.3873272     -0.5616837     -0.2101784     -0.1598549     -0.1762810      0.6545639E-01  0.8178520E-01 -0.1012058     -0.1016350      0.6616783E-01  0.2091331    
 1951  0.3384018      0.3747311      0.2417870     -0.2375393     -0.1295662E-01  0.3039932E-01  0.1115360      0.3482437      0.2811050      0.1496353      0.3170681      0.1164131    
 1952  0.7724190E-01  0.1501999      0.1414871      0.1765823      0.3206253E-01  0.1729012     -0.2760506E-01 -0.1326942     -0.1990051     -0.1276150      0.1054974      0.1226330    
 1953  0.3874416      0.4162521      0.3470364      0.1910820      0.4079933     -0.7738113E-01  0.7803535E-01 -0.9174347E-02  0.1828537      0.4961395E-01  0.1011391      0.1066418    
 1954 -0.1275291     -0.7497978E-01  0.1205254      0.4943275E-01 -0.3548660     -0.2290192     -0.3297424     -0.2230358     -0.2538147     -0.2979145     -0.1064224      0.2255001    
 1955  0.9536934E-01  0.1249714      0.2196159      0.2234707     -0.2370758     -0.2210045E-01  0.4767609E-01 -0.4340553E-01 -0.2021370     -0.1379948      0.2224731E-01 -0.7893944E-01
 1956  0.6623077E-01  0.1877708      0.1925163     -0.9135818E-01 -0.2467957     -0.4779186     -0.6367340     -0.4011650     -0.2876358     -0.2959938     -0.3098736      0.2243233E-01
 1957 -0.3460293     -0.4929199     -0.8002281E-01 -0.1878185     -0.1863461     -0.2419987     -0.1207943      0.1750164      0.9601593E-01 -0.1051960     -0.1801224      0.3961182E-01
 1958 -0.9503937E-01  0.3910065E-03 -0.8203316E-01  0.9883881E-02 -0.9434700E-01 -0.3136101     -0.5370846     -0.8564663     -0.7743244     -0.5162144     -0.4026527     -0.5078583    
 1959  0.2215958E-01 -0.3595791     -0.3463345     -0.1276379     -0.3994560     -0.4361496     -0.3601532     -0.5841045     -0.4857349     -0.1366653     -0.2113438      0.1873207E-01
 1960 -0.2359962E-01  0.1024017     -0.2526245     -0.4536877     -0.4736061     -0.4710407     -0.3623943     -0.1606846     -0.2386551     -0.5185547     -0.5446510     -0.3350487    
 1961  0.1678600      0.3010502      0.1583061     -0.2179680      0.2515411E-01  0.3733101      0.8512459      0.9862137      0.8396358      0.8334045      0.7195377      0.6180019    
 1962  0.6233921      0.5874405      0.4694061      0.2215328     -0.1233273     -0.1426201     -0.3451347E-01 -0.6882477E-01  0.1120262     -0.2648544E-01  0.1716614E-01  0.1419029    
 1963  0.4292793      0.4246807      0.3073368      0.1103325     -0.3960609E-01  0.5334091E-01  0.4460869      0.6402454      0.2978745      0.7283459      0.5682678      0.2317715    
 1964 -0.3382492     -0.4728184     -0.2348042     -0.1007786     -0.1445160     -0.6291962E-01 -0.3619232     -0.2193966     -0.4550838     -0.5952244     -0.1126022      0.5188179E-01
 1965 -0.4150200     -0.4180889     -0.1871738     -0.2840290     -0.3735771     -0.2116699     -0.2055531     -0.9343529E-01  0.1630936      0.3530941      0.6851768E-01 -0.1654816E-01
 1966 -0.8561897E-01 -0.1287403     -0.1989937     -0.1445274     -0.1505165      0.1294098      0.4264469      0.4587936      0.5902233      0.1772861     -0.1425915      0.1517105E-01
 1967  0.1444511      0.2187004      0.4387970     -0.1180992     -0.9315681E-01  0.1240807      0.3248863      0.3120136      0.4720249      0.5101357      0.2946377      0.2803612    
 1968  0.2323208      0.2291603      0.1785355      0.9830093E-01 -0.1617565      0.2824020E-01 -0.2993240     -0.2327061     -0.4588642     -0.2649555     -0.2933140     -0.7279778E-01
 1969 -0.1092281     -0.1094589      0.9958458E-01  0.1473637      0.1983261E-01 -0.2449989     -0.7745361E-01 -0.3453636E-01  0.1786442      0.1438351      0.2017975      0.8840179E-01
 1970  0.4001102      0.4586906      0.2584152      0.3770008      0.3231850     -0.1964092     -0.2777042     -0.1729660     -0.3227654     -0.2909336     -0.1028728     -0.1827812E-01
 1971  0.4142208      0.2216511      0.3805866      0.4164314      0.1285534     -0.1185513     -0.1925640     -0.2186451     -0.4633236     -0.3788452      0.6277657E-01  0.1981812    
 1972  0.2278137E-01 -0.2125797      0.3645706E-01  0.9008217E-01  0.1294651      0.6054497      0.7865162      0.7590446      0.5981255      0.5776463      0.9462872      0.7696323    
 1973  0.2471905      0.1538525      0.2065067      0.1990223      0.3442726      0.2643013E-01 -0.1165237     -0.1605148     -0.3030643      0.1519394E-01  0.1095066      0.2542419    
 1974  0.2264824      0.1127815      0.1683865      0.5286217E-01 -0.7750511E-01  0.3290939E-01 -0.1427040     -0.2117157     -0.1915760     -0.4337864     -0.2704926     -0.1548386    
 1975 -0.1946106      0.1341248E-01 -0.1192341      0.2964821      0.2469540      0.1083488      0.1343460      0.9963989E-02 -0.3880653     -0.4972858     -0.3756332E-01  0.2568245E-01
 1976  0.9041977E-01  0.1289902      0.2050877      0.2932911      0.2168045      0.4709892      0.8004265      0.4414635      0.2035732      0.2138348      0.1993771      0.2949619    
 1977  0.2448692      0.2531242E-01  0.3689270      0.1905918     -0.2953529E-01  0.1174889      0.2492523E-01 -0.8554649E-01  0.6127548E-01  0.3813934     -0.7511139E-01 -0.1647949E-02
 1978 -0.4192295     -0.3529301     -0.3697529      0.5096245E-01 -0.1977654      0.2393894      0.2977772      0.2902355      0.2627144     -0.1043339     -0.1777630     -0.1585484    
 1979  0.4037895     -0.1544952E-01  0.1310558     -0.4296684E-01 -0.2482052      0.2814808     -0.6202698E-02  0.1239357      0.1460552      0.2811165      0.2172775      0.1839104    
 1980  0.6362915E-01 -0.6646919E-01 -0.1592140      0.2837410      0.2298431      0.1957893     -0.1385937     -0.3511143     -0.1790657     -0.2204437     -0.6988144E-01 -0.2646484    
 1981 -0.8384895E-01  0.6205177E-01  0.1440754      0.3480415      0.3843250      0.8850861E-01 -0.6312370E-01 -0.2994537E-01 -0.1482849     -0.1146240      0.9269714E-03  0.1573925    
 1982  0.1895313      0.2750301      0.1387863      0.2429123      0.3443127      0.4149590      0.4192448      0.3857956      0.6645660      0.9171352      0.5502472      0.7809067E-01
 1983 -0.2856197     -0.3411598     -0.4354744     -0.3764477      0.6588364E-01  0.3670101      0.5272770      0.4821339      0.1982155      0.5523491E-01 -0.1838913     -0.1050186    
 1984 -0.1698895      0.7402992E-01 -0.5419540E-01  0.1264820     -0.1367455     -0.2207508     -0.1982231     -0.2085438     -0.2080555     -0.3202248     -0.1816730     -0.1037388    
 1985 -0.2653503     -0.2157784     -0.2539635      0.9763718E-02  0.8714294E-01 -0.2329388     -0.8321381E-01 -0.5244446E-01  0.1317654     -0.2222042      0.2647781     -0.4114265    
 1986 -0.3595924E-01 -0.1062183     -0.1631546     -0.1982365     -0.7299614E-01 -0.1316891     -0.3099346     -0.1554356      0.7794571E-01  0.1033344     -0.1527233     -0.2345982    
 1987  0.1126099E-01  0.1825142E-01 -0.6408310E-01 -0.1531601E-01  0.2555046      0.2821293      0.4271774      0.4467640      0.5230541      0.5284748      0.1187077      0.2352924    
 1988  0.4439106      0.7678032E-01 -0.3100395E-01  0.4523277E-01 -0.1836967     -0.1909256E-02  0.4973602E-01 -0.1032162      0.5704880E-02 -0.1562557      0.8037567E-02  0.1719227    
 1989 -0.2082195      0.3115082E-01 -0.1031952     -0.3405571     -0.4082260     -0.5212784     -0.1401138     -0.2046394E-01  0.1014748     -0.7617378E-01 -0.1606617     -0.5890656E-01
 1990 -0.9230804E-01 -0.2227898      0.5376816E-02 -0.1158066     -0.7297707E-01 -0.3441505      0.4285812E-02 -0.1678963      0.9010506E-01 -0.1848412E-01  0.1042385      0.1424007    
 1991  0.1198807     -0.9181786E-01  0.3121758E-01  0.3204136      0.4193439      0.2991886      0.3286171      0.2201557      0.2937145      0.2190151      0.3006382      0.2519627    
 1992 -0.1049786     -0.1695480     -0.3967628     -0.3029385     -0.3567257     -0.6694698     -0.2469654     -0.5564137     -0.5100250     -0.3689747     -0.3941612     -0.3436565    
 1993 -0.1918888      0.6855202E-01 -0.1642246     -0.5574608E-01  0.4641342E-01 -0.2967072E-01 -0.8934212E-01 -0.2045841      0.4210472E-01  0.4093552E-01  0.1663780E-01  0.8316040E-03
 1994  0.7445908E-01  0.1850128E-01  0.3404770      0.4763527      0.5556335      0.4770699      0.6299667      0.8257751      0.7886543      0.8294258      0.4765663      0.4388428    
 1995  0.2596912      0.3156395      0.1335163     -0.3377724E-01 -0.9201622E-01  0.2820969E-01 -0.5245399E-01  0.5181503E-01  0.9265518E-01 -0.1609459     -0.1657333      0.7199287E-01
 1996 -0.1300087     -0.8659935E-01  0.1208687E-01 -0.1987667     -0.1394272     -0.3574505     -0.4418736     -0.4356556     -0.3885059     -0.7160149     -0.5570621     -0.2329578    
 1997 -0.2079010E-02  0.1945705      0.1307068      0.1362820      0.1661739      0.2271500      0.4582577      0.7386246      0.9844837       1.156803       1.515308       1.240650    
 1998  0.7565498      0.5778008      0.1575375      0.1969223      0.2834225      0.2122803     -0.1370754     -0.2860146     -0.1562252     -0.3213463     -0.3822918     -0.1393585    
 1999  0.1944160E-01  0.1922016      0.2594967      0.1826725     -0.4367638E-01 -0.1878929E-01  0.1782875      0.1094246      0.1965141      0.1390362      0.3833771E-01 -0.1812935E-01
 2000 -0.4417038E-01  0.7645035E-01  0.1718864      0.2321529      0.1890831      0.5719948E-01  0.1969471      0.2910843      0.1902962      0.1280460     -0.1146812     -0.1118584    
 2001 -0.2450695      0.1174908      0.6377602E-01  0.2648907      0.2385635      0.6381989E-01  0.7066727E-02 -0.5219460E-01  0.1062260     -0.1412945     -0.1000919      0.3391075E-01
 2002  0.1659012E-01  0.7423019E-01  0.2629662E-01 -0.1995163     -0.1324558     -0.1457977E-01 -0.1267033     -0.1091061      0.3834038      0.6725941      0.4158173      0.1916027    
 2003  0.6454086E-01  0.2123299      0.4795456E-01  0.5392265E-01 -0.6475449E-02  0.2175598      0.2818279      0.2959232      0.2438164      0.7633591E-01  0.8657455E-02  0.3103027    
 2004  0.1329403      0.2714729      0.1793346      0.1075535     -0.2661953     -0.2407093     -0.3886414E-01 -0.4333496E-01  0.9664536E-01  0.1778145     -0.6738281E-01 -0.7712936E-01
 2005 -0.3119850E-01 -0.3712387     -0.2527943      0.3057232      0.1230049     -0.1430130E-01 -0.1409721     -0.1590252     -0.2475948     -0.1809864     -0.8136368E-01 -0.4937744E-01
 2006  0.1517105     -0.4249001E-01 -0.3383446E-01  0.3095245E-01 -0.1630955     -0.1951981E-01  0.7275581E-01  0.2140446      0.6364040      0.7689648      0.5910778      0.2504425    
 2007  0.2466698      0.7726097E-01  0.1304951      0.1346226      0.3411732      0.1046715      0.1961460      0.3703346      0.4388046      0.3435249      0.1546783     -0.1266079    
 2008  0.2021503     -0.8201790E-01  0.1456451     -0.9080696E-01  0.3418350      0.3089905      0.3705273      0.2720356      0.4270859      0.3317146      0.2325287      0.1629124    
 2009  0.1399612      0.3466301      0.3470669      0.1967010      0.3233433      0.1301804     -0.1364937      0.1541519E-01  0.1339855      0.1613560      0.9473801E-01  0.2847424    
 2010  0.4222412      0.2847614      0.5727959      0.5007820      0.1830044      0.2568054E-01  0.2274361      0.1557941      0.1073647     -0.1254959     -0.1911736     -0.4839897E-01
 2011  0.2519302      0.2617321      0.3829460      0.1343822     -0.5454636E-01 -0.3398895E-01  0.2528858      0.4143238      0.4888039      0.6220360      0.4000072      0.9506035E-01
 2012  0.1272697      0.1776810      0.2027569     -0.1411686     -0.7099762     -0.7275963E-01  0.6167164      0.7574558      0.6925354      0.4033546      0.2499771      0.3872318    
 2013  0.1041603      0.2779217      0.2537460     -0.1745777     -0.4130554     -0.3857212      0.3698540E-01 -0.5266571E-01 -0.5842590E-01  0.2534046      0.3857174      0.3394718    
 2014  0.2926064E-01 -0.1034679     -0.9891319E-01  0.8812332E-01  0.1124382E-01 -0.2684975E-01 -0.2177944     -0.9708405E-01  0.4791451E-01  0.2831364      0.6907654E-01  0.3812218    
 2015  0.1365700     -0.1234798     -0.3175354E-01  0.1289921      0.2651730      0.2819595      0.3398552      0.6495552      0.4739056      0.7382145      0.4911575      0.4443035    
 2016  0.5591106      -999.9000      -999.9000      -999.9000      -999.9000      -999.9000      -999.9000      -999.9000      -999.9000      -999.9000      -999.9000      -999.9000    
