# SST [C] from Hadley Centre SST data set HadISST1
# cutting out region lon=   40.000   80.000, lat=  -15.000   15.000
 1870   27.15486       27.33733       28.43619       29.14189       28.43445       27.22641       26.44703       26.30846       26.43063       27.02854       27.41145       27.42754    
 1871   27.30526       27.55857       28.22695       28.80935       28.40713       27.17365       26.45234       26.18140       26.33312       26.85008       27.41538       27.37765    
 1872   27.20925       27.55626       28.26600       28.84300       28.62893       27.50799       26.57174       26.15155       26.52749       27.09252       27.59148       27.39079    
 1873   27.31941       27.23572       27.87414       28.73373       28.22003       27.05026       26.15273       25.82981       26.41383       26.91766       27.29585       27.28076    
 1874   27.27749       27.38733       28.23265       28.64623       28.38013       27.24121       26.58252       25.91258       26.22691       26.53397       26.94697       27.06523    
 1875   27.14308       27.39982       28.14946       28.76464       28.57558       27.26466       26.14377       26.03491       26.36536       26.98661       27.32941       27.17050    
 1876   26.96752       27.22137       28.13392       28.72968       28.37445       26.98296       26.30268       26.00443       26.32306       26.87377       27.11377       27.25722    
 1877   27.11958       27.75902       28.40026       28.73982       28.27433       27.40227       26.67479       26.47478       27.11967       27.60347       27.96412       28.05251    
 1878   27.98898       28.42059       29.13492       29.64216       29.11580       27.94689       27.07273       26.60209       26.72923       27.26728       27.51234       27.65979    
 1879   27.49789       27.64063       28.33049       28.74759       28.40461       27.38097       26.52692       26.02193       26.38026       26.75323       26.92082       27.01360    
 1880   26.81271       27.38268       28.21773       28.97695       28.37915       27.07571       26.38829       26.19249       26.42166       26.90086       27.41215       27.44923    
 1881   27.12955       27.44195       28.48950       29.16838       28.90021       27.68198       26.98508       26.57158       26.74619       27.19069       27.40919       27.41854    
 1882   27.30058       27.59198       28.37489       29.04829       28.64491       27.33053       26.50101       26.11685       26.42696       27.04338       27.21089       27.17725    
 1883   27.37061       27.65586       28.18698       28.84568       28.56648       27.71728       26.66986       26.25560       26.44345       26.91851       27.28021       27.13421    
 1884   26.91520       27.33529       28.12867       28.96051       28.81175       27.32685       26.74675       26.45079       26.70024       27.14815       27.32810       27.43594    
 1885   27.27980       27.50468       28.27353       28.85807       28.54094       27.19044       26.31203       26.20052       26.59903       27.14749       27.45878       27.54758    
 1886   27.31369       27.42854       28.52692       29.20009       28.62644       27.23898       26.34196       25.97136       26.20483       26.69023       27.06980       26.95495    
 1887   27.02513       27.30997       28.10103       28.58516       28.18149       27.08152       26.39399       26.16851       26.11879       26.80641       27.23637       27.21983    
 1888   26.95989       27.36556       28.07767       28.66711       28.52360       27.34664       26.47283       26.33124       26.45622       27.24553       27.52505       27.62358    
 1889   27.38031       27.86044       28.42944       28.85550       28.67897       27.23709       26.55884       26.16876       26.34246       26.63850       26.98928       27.15561    
 1890   27.01305       27.34892       28.20499       28.69802       28.18107       26.75324       25.86984       25.51178       25.78076       26.39092       26.74386       27.07562    
 1891   27.01626       27.31512       28.09768       28.85770       28.42237       27.26466       26.27604       26.07572       26.45712       27.00897       27.35368       27.51720    
 1892   27.31408       27.73933       28.30753       28.87403       28.66998       27.44810       26.27398       25.78955       26.17149       26.60547       27.03495       26.99708    
 1893   26.83998       27.13943       28.08625       28.57053       28.12293       26.93679       26.30273       25.89182       26.23666       26.73350       27.02991       27.13885    
 1894   27.01910       27.35799       28.04001       28.68279       28.24064       27.09426       26.31407       25.97837       26.15484       26.75487       27.08177       27.24892    
 1895   27.07510       27.44322       28.18485       28.72408       28.33584       27.25555       26.33609       26.28996       26.56316       27.19596       27.47010       27.46646    
 1896   27.36881       27.52834       28.23407       28.98935       28.71344       27.53072       26.64065       26.26839       26.69675       27.35953       27.58272       27.82229    
 1897   27.58600       27.90317       28.59865       29.10418       28.65846       27.51764       26.92456       26.67148       26.67825       27.07335       27.19523       27.35671    
 1898   27.16648       27.45733       28.04879       28.79416       28.38929       27.21654       26.39057       25.96422       26.30213       26.85716       27.14198       27.20379    
 1899   26.89862       27.19317       27.92419       28.61222       28.36469       27.05549       26.19780       25.92705       25.99495       27.05390       27.32317       27.38929    
 1900   27.36626       27.83814       28.37829       29.15039       28.70346       27.57449       26.60103       26.13609       26.54313       27.04600       27.54242       27.56143    
 1901   27.48001       27.35310       28.12116       28.86847       28.42368       27.07340       26.14772       25.88210       26.00088       26.78536       27.07553       27.22833    
 1902   27.19014       27.49306       28.19113       29.02345       28.49288       27.53728       26.50241       26.46384       26.61860       27.20387       27.40627       27.49225    
 1903   27.22681       27.47159       28.17623       28.65284       28.42247       27.40325       26.43297       26.22116       26.41316       26.64902       26.99923       27.13941    
 1904   26.81957       27.37393       28.00194       28.68756       28.25831       27.21657       26.43289       26.05002       26.21326       27.00177       27.32901       27.23619    
 1905   27.11002       27.57862       28.26909       28.61226       28.45933       27.39346       26.56594       26.20020       26.78183       27.02238       27.47371       27.55460    
 1906   27.32211       27.82927       28.29089       28.75979       28.55580       27.47713       26.36217       26.00505       26.07808       26.83035       27.10663       27.23282    
 1907   27.26604       27.55772       28.24539       28.91449       28.34969       27.17512       26.25987       25.72157       26.32446       27.01025       27.37199       27.56236    
 1908   27.28426       27.47065       27.97305       28.59396       28.43030       27.42790       26.29982       26.10308       26.29748       26.94513       27.29887       27.16415    
 1909   27.01075       27.33246       28.10530       28.83293       28.17733       26.99306       26.11489       25.80832       26.23980       26.81302       27.20822       27.45626    
 1910   27.21752       27.33978       27.98095       28.44972       28.15709       27.12056       26.11285       25.79091       26.05590       26.61814       26.97794       27.14868    
 1911   27.29751       27.27516       28.18171       28.45803       28.36476       26.90535       26.21459       25.98872       26.30873       26.86663       27.37962       27.42855    
 1912   27.34266       27.56783       28.23684       29.06456       28.61391       27.55382       26.46911       26.08712       26.43394       26.93319       27.19633       27.25469    
 1913   27.16212       27.72215       28.07753       28.62441       28.46920       27.30467       26.31853       25.85800       26.28477       26.93622       27.39134       27.51960    
 1914   27.33123       27.75529       28.23679       28.90364       28.60265       27.92299       26.91966       26.45846       26.64992       27.32863       27.60539       27.41648    
 1915   27.18878       27.49145       28.36385       29.23412       28.74039       27.86245       26.69269       26.34065       26.78682       27.27322       27.58977       27.61398    
 1916   27.17771       27.48116       28.27414       29.02742       28.52662       27.36170       26.46165       26.09394       26.24503       26.75615       26.86291       27.18523    
 1917   27.02270       27.29508       27.82002       28.61951       28.20206       27.23024       26.41925       26.27429       26.48235       26.75368       26.95414       26.99790    
 1918   27.04727       27.15533       27.99594       28.48381       28.14339       27.12266       26.44789       26.09580       26.68717       27.42728       27.87900       27.71991    
 1919   27.72310       27.90473       28.43815       28.99722       28.71675       27.54891       26.66749       26.31122       26.75005       27.10545       27.20485       27.33023    
 1920   27.44714       27.70416       28.43833       28.97958       28.76568       27.34623       26.15778       26.10779       26.40820       26.86091       27.22079       27.22882    
 1921   27.06831       27.36661       28.09283       28.90890       28.37049       27.23819       26.42665       25.89507       26.37074       27.14544       27.28484       27.57521    
 1922   27.24448       27.61753       28.29569       28.65986       28.25068       27.47995       26.38978       26.12805       26.25773       27.06177       27.31551       27.21815    
 1923   27.02445       27.27983       28.11030       28.90338       28.55347       27.38251       26.33823       26.06015       26.54000       27.32150       27.76622       27.57559    
 1924   27.38242       27.68843       28.46292       29.05400       28.53810       27.39886       26.58541       26.13146       26.44483       27.07881       27.16504       27.33360    
 1925   26.96901       27.22545       28.00690       28.93671       28.46250       27.38828       26.59569       26.21541       26.82170       27.35122       27.80917       27.70216    
 1926   27.59038       27.66948       28.68956       29.07670       28.77410       27.67766       26.85574       26.49225       26.72943       27.42561       27.46920       27.55726    
 1927   27.21630       27.83747       28.18616       28.73856       28.35258       27.24745       26.40986       25.99707       26.49011       27.06008       27.49057       27.45823    
 1928   27.48320       27.80759       28.38935       28.76632       28.52054       27.39978       26.41957       26.06848       26.43324       26.89790       27.54187       27.51568    
 1929   27.32987       27.51370       28.17858       28.91297       28.37424       27.26270       26.40955       26.00706       26.56191       27.19233       27.53951       27.89879    
 1930   27.41854       27.60767       28.37623       29.13707       28.44867       27.39610       26.47939       26.26791       26.43343       27.28809       27.93101       27.80485    
 1931   27.82132       28.19234       28.64741       29.25925       29.02340       27.81987       26.96832       26.38124       26.40397       27.13932       27.73394       27.37082    
 1932   27.25350       27.36119       28.32091       28.93234       28.54054       27.35202       26.55570       26.25496       26.53360       27.03933       27.33198       27.45160    
 1933   27.51361       27.75433       28.41281       28.99925       28.65029       27.35654       26.48342       26.12623       26.19530       26.82516       27.21479       27.28810    
 1934   26.83271       27.12922       27.81315       28.68445       28.29089       27.43210       26.45260       26.30331       26.54246       27.09039       27.53977       27.73255    
 1935   27.45960       27.81581       28.29678       29.04858       28.64137       27.54149       26.50944       26.22364       26.59489       27.16823       27.59409       27.73841    
 1936   27.61123       27.84226       28.56166       29.08206       28.62921       27.53082       26.69407       26.49695       26.83834       27.24262       27.70631       27.88699    
 1937   27.52164       28.03933       28.55323       29.06476       28.73221       27.54701       26.68946       26.43104       26.89906       27.37077       27.86411       27.55607    
 1938   27.61194       27.81996       28.57897       28.95244       28.80903       27.58659       26.71709       26.32769       26.66774       27.23867       27.36786       27.50163    
 1939   27.21847       27.71288       28.24181       28.84649       28.45689       27.43939       26.57751       26.23153       26.50822       27.13587       27.67247       27.66896    
 1940   27.52822       27.68169       28.36956       28.89489       28.61720       27.63313       26.76457       26.19499       26.75581       27.47190       27.88174       27.90398    
 1941   27.79215       27.98052       28.77430       29.43433       28.93326       27.81150       27.14474       26.83522       26.94761       27.61768       28.15272       28.08130    
 1942   27.68044       27.83389       28.81717       29.19418       28.75672       27.38666       26.41512       26.27011       26.54204       27.04464       27.36560       27.30871    
 1943   27.05634       27.46392       28.10349       28.74607       28.66210       27.45719       26.60711       26.33336       26.61097       27.20434       27.69928       27.62324    
 1944   27.61626       27.83457       28.49533       28.93776       28.86860       27.62643       26.83693       26.42431       26.96354       27.18589       27.73628       28.07272    
 1945   27.88084       28.17735       28.42316       28.76465       28.35758       27.36784       26.85137       26.43053       26.49525       27.01831       27.39952       27.62118    
 1946   27.38062       27.67815       28.36187       29.07872       28.79011       27.39084       26.57160       26.27288       26.57348       27.24372       27.44873       27.31280    
 1947   27.38938       27.63542       28.30480       28.60142       28.59507       27.48081       26.39473       26.07062       26.19271       26.67082       27.14346       27.21285    
 1948   27.07866       27.53648       28.44935       28.94818       28.53500       27.51970       26.56618       26.19924       26.33894       27.18699       27.35493       27.53808    
 1949   27.23501       27.57773       28.12206       28.90292       28.45205       27.37334       26.75579       26.26493       26.64557       27.15132       27.42505       27.38499    
 1950   27.31865       27.38198       28.15850       28.62509       28.39602       27.16144       26.42187       26.03564       26.39785       26.97335       27.16340       27.25176    
 1951   27.01431       27.37582       28.18214       28.51492       28.36700       27.38794       26.51950       26.30305       26.90641       27.41180       27.72326       27.78305    
 1952   27.44605       27.79111       28.43482       29.12257       28.66762       27.52206       26.46914       26.13385       26.44431       26.91946       27.39423       27.53959    
 1953   27.42510       27.64364       28.55794       29.07653       28.80169       27.55889       26.53517       26.14800       26.50297       27.13484       27.67884       27.93728    
 1954   27.42359       27.74136       28.43503       29.04783       28.56248       27.34634       26.19222       25.88847       26.21060       26.64842       27.20037       27.28979    
 1955   27.41026       27.40270       28.21287       28.81289       28.28068       26.97311       26.25468       26.10709       26.44843       26.92984       27.31200       27.38362    
 1956   27.29027       27.44357       28.26809       28.85496       28.23829       27.01629       26.12019       26.01460       26.29829       26.94062       27.22576       27.48335    
 1957   27.34539       27.50142       28.36790       28.97354       28.88057       27.46318       26.60239       26.38256       26.51823       27.12924       27.68890       27.70769    
 1958   27.78672       28.02612       28.51991       29.12869       28.77054       27.43042       26.70488       26.31601       26.60691       27.15302       27.54365       27.72631    
 1959   27.81885       28.00091       28.57530       29.14254       28.76722       27.44157       26.42676       26.07088       26.46155       27.18612       27.58763       27.74427    
 1960   27.38897       27.70248       28.44598       29.00193       28.62381       27.37399       26.52552       26.09738       26.51903       26.98117       27.25028       27.53179    
 1961   27.37331       27.67039       28.41840       29.02939       28.60473       27.54563       26.81916       26.46897       26.77930       27.40836       27.62947       27.75138    
 1962   27.41731       27.68692       28.52750       29.09095       28.53830       27.36542       26.62295       26.37784       26.72079       27.21689       27.60587       27.78285    
 1963   27.49680       27.71773       28.38655       29.01553       28.60028       27.43659       26.73633       26.44438       26.70965       27.51048       27.99126       27.89381    
 1964   27.78890       27.92740       28.63051       29.20333       28.52020       27.39933       26.28961       25.87757       26.21939       26.91654       27.21746       27.33891    
 1965   27.07017       27.44678       28.04566       28.78456       28.28508       27.17925       26.39781       26.16599       26.63539       27.28767       27.60304       27.64427    
 1966   27.48350       27.97552       28.42901       28.93161       28.50530       27.56997       26.77647       26.43895       26.90421       27.28292       27.59163       27.54665    
 1967   27.16340       27.39814       28.42531       28.98009       28.76904       27.57798       26.58465       26.31116       26.67361       27.42859       27.70391       27.68853    
 1968   27.28448       27.62016       28.25918       28.90824       28.54428       27.55054       26.44421       26.24972       26.56203       27.15486       27.48614       27.70920    
 1969   27.73863       28.00016       28.87802       29.49653       29.05119       27.53885       26.76553       26.43862       26.88024       27.60498       27.87838       28.01497    
 1970   27.99008       28.11919       28.85735       29.33413       28.89389       27.54879       26.72861       26.40947       26.68275       27.08356       27.47603       27.42380    
 1971   27.27047       27.18741       28.02095       28.93327       28.46646       27.30074       26.40776       26.13058       26.38482       26.89456       27.48034       27.51873    
 1972   27.47363       27.51174       28.17185       29.02408       28.84629       28.02738       27.14492       26.87046       27.27013       27.86630       28.36472       28.34970    
 1973   28.06282       28.02486       28.75996       29.49319       29.09742       27.70035       26.95234       26.49136       26.86054       27.44026       27.59949       27.48150    
 1974   27.24434       27.44054       28.23216       28.81691       28.47109       27.55183       26.74803       26.30381       26.56737       26.98531       27.25848       27.54359    
 1975   27.28546       27.56076       28.09913       28.94492       28.78578       27.69150       26.95305       26.42499       26.61604       26.82605       27.24380       27.19037    
 1976   27.12143       27.53044       28.22281       28.95201       28.70161       27.75351       26.95220       26.43245       26.68340       27.28434       27.61760       27.71130    
 1977   27.60641       27.59996       28.48324       29.24857       28.89414       27.89209       26.87974       26.56832       26.89769       27.62357       27.99929       28.09911    
 1978   27.72839       27.88901       28.54984       29.11604       28.39887       27.28771       26.51865       26.32302       26.62900       27.24434       27.60430       27.60521    
 1979   27.89861       28.04885       28.72437       29.17605       28.80846       27.85701       26.79763       26.39854       26.84107       27.42023       27.78586       27.87864    
 1980   27.63465       27.84342       28.41373       29.23490       29.10340       27.65355       26.79817       26.50650       26.88461       27.55977       27.92904       27.89205    
 1981   27.58992       27.90755       28.80234       29.19109       28.89640       27.56066       26.76541       26.44878       26.78813       27.40623       27.60175       27.83970    
 1982   27.54437       27.77925       28.52020       29.17256       28.93314       27.74046       26.95806       26.65291       27.07434       27.77948       28.09568       28.15086    
 1983   28.00582       28.30939       28.97745       29.69729       29.36833       28.51625       27.68008       27.21135       27.23225       27.59425       28.04836       27.98066    
 1984   27.52502       27.50541       28.38873       29.12526       28.47867       27.33852       26.56454       26.27588       26.61748       27.16802       27.62480       27.68072    
 1985   27.45909       27.56833       28.29019       29.14248       28.66499       27.24121       26.68159       26.36643       26.73253       27.21154       27.65377       27.75550    
 1986   27.52024       27.85869       28.42603       29.07023       28.94520       27.81162       26.87748       26.46694       26.86436       27.49308       27.96966       28.00817    
 1987   27.84550       28.10961       28.95466       29.58146       29.51243       28.19670       27.42209       27.15906       27.51982       28.04031       28.30478       28.29812    
 1988   28.33821       28.51701       29.19429       29.62332       29.04432       27.89392       27.20294       26.90910       27.17303       27.66197       27.96033       28.04026    
 1989   27.51754       27.81521       28.39737       28.89645       28.63193       27.37280       26.74607       26.46038       26.93892       27.50838       27.98250       28.02230    
 1990   27.84291       28.35915       28.88709       29.37931       29.00166       27.60862       27.07049       26.71103       26.96548       27.59382       27.97398       28.23079    
 1991   28.00279       28.11573       28.89166       29.68580       29.40647       28.17450       27.19680       26.65891       27.07110       27.59970       27.91994       28.03359    
 1992   27.83478       28.05340       28.62535       29.25943       29.02185       27.82614       27.12514       26.50196       26.76065       27.32391       27.76966       27.78996    
 1993   27.74404       28.04107       28.54784       29.20288       29.08062       27.85371       26.89594       26.55957       26.91096       27.40950       27.94937       27.88852    
 1994   27.82940       27.84965       28.59238       29.33453       29.10999       27.72211       26.91687       26.54384       26.79843       27.68007       27.93385       28.00568    
 1995   27.79273       28.16055       28.70325       29.35174       29.10163       27.99493       27.12966       26.72749       27.02601       27.56608       27.91301       28.01971    
 1996   27.89055       28.14872       28.81590       29.26790       28.82238       27.65439       26.75882       26.32447       26.63073       27.08355       27.62529       27.77585    
 1997   27.59942       27.69993       28.70545       29.36792       28.99768       27.96493       27.09073       26.88740       27.37390       27.95547       28.51960       28.62654    
 1998   28.61426       28.89131       29.54108       30.10101       29.71568       28.48173       27.34768       26.96915       27.17909       27.62329       27.84170       27.84952    
 1999   27.65101       27.92823       28.82961       29.30105       28.74271       27.70984       26.96927       26.62721       27.03916       27.43086       27.92088       27.91309    
 2000   27.71350       27.85184       28.56453       29.21791       28.83656       27.54760       26.81191       26.66852       27.03626       27.65389       27.98089       27.90603    
 2001   27.54409       27.90106       28.76522       29.41232       29.14256       27.91125       26.97470       26.65469       27.10456       27.56028       28.03223       28.30799    
 2002   28.16734       28.05296       28.99616       29.50686       28.92260       27.88262       27.12276       26.72334       27.40440       27.99906       28.18262       28.37593    
 2003   28.05859       28.41240       29.05626       29.66761       29.19166       28.20701       27.28506       26.90466       27.23936       27.72669       28.03834       28.14730    
 2004   28.10190       28.21523       28.83145       29.48793       28.79277       27.62420       26.80891       26.65921       27.02203       27.64025       28.01215       28.13976    
 2005   27.94763       28.18428       29.00062       29.67156       29.27918       28.05338       27.04939       26.76039       27.05602       27.55893       27.86089       27.80429    
 2006   27.64092       28.02262       28.66598       29.32508       29.05969       27.91920       27.07277       26.88319       27.19979       27.83415       28.32515       28.31999    
 2007   28.11953       28.33358       28.90824       29.54034       29.29619       28.20239       27.10881       26.96861       27.19278       27.65156       27.95252       27.93905    
 2008   27.92808       27.76820       28.40268       29.03861       28.87078       27.85074       27.03767       26.84555       27.37310       27.86643       28.14426       28.04317    
 2009   27.93897       28.19209       28.95673       29.45732       29.21362       28.18901       27.26087       27.03760       27.25214       28.02601       28.28103       28.46637    
 2010   28.29984       28.62229       29.46387       30.12819       29.54121       28.19918       27.36725       26.95699       27.06782       27.71049       27.88877       27.90864    
 2011   27.70180       28.01926       28.73071       29.13187       28.89275       27.88482       27.07193       26.91874       27.20138       27.96161       28.30612       28.18439    
 2012   27.89308       28.06571       28.67624       29.33531       29.08647       27.97563       27.23092       27.14723       27.45609       27.98488       28.16737       28.37229    
 2013   28.02198       28.38073       29.03368       29.38825       28.88006       27.67842       26.95897       26.70874       27.05449       27.77646       28.37126       28.22540    
 2014   27.92927       28.12675       28.82283       29.55599       29.36608       28.15432       27.21751       26.87536       27.21141       27.93588       28.38147       28.41892    
 2015   27.94785       28.08854       28.93678       29.68811       29.56301       28.45764       27.68653       27.41290       27.74547       28.41160       28.66820       28.92867    
 2016   28.74841      -999.9000      -999.9000      -999.9000      -999.9000      -999.9000      -999.9000      -999.9000      -999.9000      -999.9000      -999.9000      -999.9000    
