# HadCRUT4.4.0.0 global (NNH+SH)/2 average average
# <a href="http://www.metoffice.gov.uk/hadobs/hadcrut4/data/current/download.html" target="_new">Met Office Hadley Centre</a>
# error estimates not yet used
# Ta [Celsius] T2m/SST temperature averaged over ns_avg
1850 01   -0.702 
1850 02   -0.284 
1850 03   -0.732 
1850 04   -0.570 
1850 05   -0.325 
1850 06   -0.213 
1850 07   -0.128 
1850 08   -0.233 
1850 09   -0.444 
1850 10   -0.452 
1850 11   -0.190 
1850 12   -0.268 
1851 01   -0.303 
1851 02   -0.362 
1851 03   -0.485 
1851 04   -0.445 
1851 05   -0.302 
1851 06   -0.189 
1851 07   -0.215 
1851 08   -0.153 
1851 09   -0.108 
1851 10   -0.063 
1851 11   -0.030 
1851 12   -0.067 
1852 01   -0.308 
1852 02   -0.477 
1852 03   -0.505 
1852 04   -0.559 
1852 05   -0.209 
1852 06   -0.038 
1852 07   -0.016 
1852 08   -0.195 
1852 09   -0.125 
1852 10   -0.216 
1852 11   -0.187 
1852 12    0.083 
1853 01   -0.177 
1853 02   -0.330 
1853 03   -0.318 
1853 04   -0.352 
1853 05   -0.268 
1853 06   -0.179 
1853 07   -0.059 
1853 08   -0.148 
1853 09   -0.409 
1853 10   -0.359 
1853 11   -0.256 
1853 12   -0.444 
1854 01   -0.360 
1854 02   -0.280 
1854 03   -0.284 
1854 04   -0.349 
1854 05   -0.230 
1854 06   -0.215 
1854 07   -0.228 
1854 08   -0.163 
1854 09   -0.115 
1854 10   -0.188 
1854 11   -0.369 
1854 12   -0.232 
1855 01   -0.176 
1855 02   -0.400 
1855 03   -0.303 
1855 04   -0.217 
1855 05   -0.336 
1855 06   -0.160 
1855 07   -0.268 
1855 08   -0.159 
1855 09   -0.339 
1855 10   -0.211 
1855 11   -0.212 
1855 12   -0.510 
1856 01   -0.119 
1856 02   -0.373 
1856 03   -0.513 
1856 04   -0.371 
1856 05   -0.119 
1856 06   -0.288 
1856 07   -0.297 
1856 08   -0.305 
1856 09   -0.459 
1856 10   -0.384 
1856 11   -0.608 
1856 12   -0.440 
1857 01   -0.512 
1857 02   -0.344 
1857 03   -0.434 
1857 04   -0.646 
1857 05   -0.567 
1857 06   -0.310 
1857 07   -0.544 
1857 08   -0.327 
1857 09   -0.393 
1857 10   -0.467 
1857 11   -0.665 
1857 12   -0.356 
1858 01   -0.532 
1858 02   -0.707 
1858 03   -0.550 
1858 04   -0.517 
1858 05   -0.651 
1858 06   -0.580 
1858 07   -0.324 
1858 08   -0.280 
1858 09   -0.339 
1858 10   -0.200 
1858 11   -0.644 
1858 12   -0.300 
1859 01   -0.307 
1859 02   -0.192 
1859 03   -0.334 
1859 04   -0.203 
1859 05   -0.310 
1859 06   -0.250 
1859 07   -0.285 
1859 08   -0.104 
1859 09   -0.575 
1859 10   -0.255 
1859 11   -0.316 
1859 12   -0.363 
1860 01   -0.186 
1860 02   -0.428 
1860 03   -0.643 
1860 04   -0.335 
1860 05   -0.290 
1860 06   -0.307 
1860 07   -0.116 
1860 08   -0.193 
1860 09   -0.229 
1860 10   -0.198 
1860 11   -0.508 
1860 12   -0.752 
1861 01   -0.890 
1861 02   -0.506 
1861 03   -0.465 
1861 04   -0.395 
1861 05   -0.761 
1861 06   -0.183 
1861 07   -0.221 
1861 08   -0.107 
1861 09   -0.331 
1861 10   -0.355 
1861 11   -0.424 
1861 12   -0.253 
1862 01   -0.749 
1862 02   -0.773 
1862 03   -0.402 
1862 04   -0.240 
1862 05   -0.232 
1862 06   -0.338 
1862 07   -0.340 
1862 08   -0.694 
1862 09   -0.413 
1862 10   -0.420 
1862 11   -0.753 
1862 12   -0.889 
1863 01    0.131 
1863 02   -0.020 
1863 03   -0.356 
1863 04   -0.241 
1863 05   -0.320 
1863 06   -0.402 
1863 07   -0.416 
1863 08   -0.321 
1863 09   -0.324 
1863 10   -0.381 
1863 11   -0.333 
1863 12   -0.351 
1864 01   -0.937 
1864 02   -0.630 
1864 03   -0.509 
1864 04   -0.538 
1864 05   -0.449 
1864 06   -0.162 
1864 07   -0.146 
1864 08   -0.310 
1864 09   -0.439 
1864 10   -0.701 
1864 11   -0.468 
1864 12   -0.602 
1865 01   -0.093 
1865 02   -0.602 
1865 03   -0.639 
1865 04   -0.224 
1865 05   -0.260 
1865 06   -0.270 
1865 07   -0.128 
1865 08   -0.207 
1865 09   -0.075 
1865 10   -0.272 
1865 11   -0.191 
1865 12   -0.338 
1866 01    0.039 
1866 02   -0.212 
1866 03   -0.595 
1866 04   -0.263 
1866 05   -0.528 
1866 06    0.108 
1866 07    0.027 
1866 08   -0.261 
1866 09   -0.225 
1866 10   -0.417 
1866 11   -0.301 
1866 12   -0.337 
1867 01   -0.305 
1867 02    0.022 
1867 03   -0.714 
1867 04   -0.251 
1867 05   -0.542 
1867 06   -0.295 
1867 07   -0.231 
1867 08   -0.225 
1867 09   -0.095 
1867 10   -0.179 
1867 11   -0.309 
1867 12   -0.624 
1868 01   -0.704 
1868 02   -0.466 
1868 03   -0.070 
1868 04   -0.371 
1868 05   -0.069 
1868 06   -0.176 
1868 07    0.147 
1868 08   -0.037 
1868 09   -0.196 
1868 10   -0.232 
1868 11   -0.500 
1868 12   -0.120 
1869 01   -0.259 
1869 02    0.270 
1869 03   -0.589 
1869 04   -0.224 
1869 05   -0.281 
1869 06   -0.370 
1869 07   -0.286 
1869 08   -0.072 
1869 09   -0.186 
1869 10   -0.422 
1869 11   -0.375 
1869 12   -0.355 
1870 01   -0.078 
1870 02   -0.450 
1870 03   -0.406 
1870 04   -0.214 
1870 05   -0.165 
1870 06   -0.209 
1870 07    0.016 
1870 08   -0.262 
1870 09   -0.263 
1870 10   -0.393 
1870 11   -0.164 
1870 12   -0.723 
1871 01   -0.527 
1871 02   -0.546 
1871 03    0.013 
1871 04   -0.144 
1871 05   -0.315 
1871 06   -0.223 
1871 07   -0.011 
1871 08   -0.221 
1871 09   -0.457 
1871 10   -0.479 
1871 11   -0.540 
1871 12   -0.560 
1872 01   -0.305 
1872 02   -0.402 
1872 03   -0.471 
1872 04   -0.150 
1872 05   -0.039 
1872 06   -0.208 
1872 07   -0.115 
1872 08   -0.027 
1872 09   -0.128 
1872 10   -0.225 
1872 11   -0.243 
1872 12   -0.424 
1873 01   -0.018 
1873 02   -0.345 
1873 03   -0.275 
1873 04   -0.521 
1873 05   -0.411 
1873 06   -0.258 
1873 07   -0.162 
1873 08   -0.161 
1873 09   -0.357 
1873 10   -0.402 
1873 11   -0.466 
1873 12   -0.277 
1874 01    0.054 
1874 02   -0.440 
1874 03   -0.562 
1874 04   -0.507 
1874 05   -0.466 
1874 06   -0.458 
1874 07   -0.174 
1874 08   -0.368 
1874 09   -0.212 
1874 10   -0.436 
1874 11   -0.503 
1874 12   -0.407 
1875 01   -0.577 
1875 02   -0.613 
1875 03   -0.598 
1875 04   -0.462 
1875 05   -0.176 
1875 06   -0.234 
1875 07   -0.302 
1875 08   -0.183 
1875 09   -0.274 
1875 10   -0.371 
1875 11   -0.500 
1875 12   -0.495 
1876 01   -0.311 
1876 02   -0.265 
1876 03   -0.383 
1876 04   -0.300 
1876 05   -0.530 
1876 06   -0.284 
1876 07   -0.134 
1876 08   -0.241 
1876 09   -0.434 
1876 10   -0.385 
1876 11   -0.575 
1876 12   -0.710 
1877 01   -0.325 
1877 02    0.057 
1877 03   -0.293 
1877 04   -0.325 
1877 05   -0.449 
1877 06   -0.088 
1877 07    0.010 
1877 08    0.150 
1877 09    0.028 
1877 10    0.055 
1877 11    0.104 
1877 12    0.172 
1878 01    0.173 
1878 02    0.404 
1878 03    0.342 
1878 04    0.324 
1878 05   -0.083 
1878 06    0.015 
1878 07   -0.050 
1878 08   -0.024 
1878 09    0.018 
1878 10   -0.120 
1878 11   -0.203 
1878 12   -0.360 
1879 01   -0.197 
1879 02   -0.154 
1879 03   -0.097 
1879 04   -0.215 
1879 05   -0.211 
1879 06   -0.270 
1879 07   -0.233 
1879 08   -0.169 
1879 09   -0.213 
1879 10   -0.121 
1879 11   -0.386 
1879 12   -0.517 
1880 01   -0.064 
1880 02   -0.176 
1880 03   -0.105 
1880 04   -0.147 
1880 05   -0.241 
1880 06   -0.308 
1880 07   -0.250 
1880 08   -0.115 
1880 09   -0.233 
1880 10   -0.387 
1880 11   -0.408 
1880 12   -0.295 
1881 01   -0.362 
1881 02   -0.238 
1881 03   -0.187 
1881 04   -0.133 
1881 05   -0.030 
1881 06   -0.229 
1881 07   -0.151 
1881 08   -0.128 
1881 09   -0.244 
1881 10   -0.284 
1881 11   -0.341 
1881 12   -0.138 
1882 01    0.114 
1882 02   -0.009 
1882 03   -0.053 
1882 04   -0.283 
1882 05   -0.373 
1882 06   -0.317 
1882 07   -0.185 
1882 08   -0.221 
1882 09   -0.155 
1882 10   -0.337 
1882 11   -0.313 
1882 12   -0.463 
1883 01   -0.409 
1883 02   -0.322 
1883 03   -0.342 
1883 04   -0.394 
1883 05   -0.253 
1883 06   -0.119 
1883 07   -0.195 
1883 08   -0.209 
1883 09   -0.278 
1883 10   -0.381 
1883 11   -0.305 
1883 12   -0.324 
1884 01   -0.418 
1884 02   -0.217 
1884 03   -0.459 
1884 04   -0.529 
1884 05   -0.392 
1884 06   -0.413 
1884 07   -0.424 
1884 08   -0.410 
1884 09   -0.342 
1884 10   -0.322 
1884 11   -0.558 
1884 12   -0.416 
1885 01   -0.508 
1885 02   -0.411 
1885 03   -0.484 
1885 04   -0.472 
1885 05   -0.521 
1885 06   -0.488 
1885 07   -0.311 
1885 08   -0.510 
1885 09   -0.333 
1885 10   -0.249 
1885 11   -0.261 
1885 12   -0.156 
1886 01   -0.401 
1886 02   -0.455 
1886 03   -0.415 
1886 04   -0.336 
1886 05   -0.191 
1886 06   -0.387 
1886 07   -0.285 
1886 08   -0.341 
1886 09   -0.433 
1886 10   -0.363 
1886 11   -0.422 
1886 12   -0.427 
1887 01   -0.566 
1887 02   -0.556 
1887 03   -0.458 
1887 04   -0.436 
1887 05   -0.354 
1887 06   -0.406 
1887 07   -0.267 
1887 08   -0.367 
1887 09   -0.343 
1887 10   -0.506 
1887 11   -0.408 
1887 12   -0.397 
1888 01   -0.603 
1888 02   -0.453 
1888 03   -0.543 
1888 04   -0.243 
1888 05   -0.349 
1888 06   -0.291 
1888 07   -0.308 
1888 08   -0.281 
1888 09   -0.216 
1888 10   -0.106 
1888 11   -0.197 
1888 12   -0.176 
1889 01   -0.054 
1889 02   -0.095 
1889 03   -0.068 
1889 04    0.013 
1889 05   -0.079 
1889 06   -0.149 
1889 07   -0.196 
1889 08   -0.227 
1889 09   -0.381 
1889 10   -0.299 
1889 11   -0.399 
1889 12   -0.175 
1890 01   -0.324 
1890 02   -0.366 
1890 03   -0.460 
1890 04   -0.319 
1890 05   -0.425 
1890 06   -0.378 
1890 07   -0.414 
1890 08   -0.421 
1890 09   -0.477 
1890 10   -0.504 
1890 11   -0.570 
1890 12   -0.407 
1891 01   -0.515 
1891 02   -0.467 
1891 03   -0.371 
1891 04   -0.360 
1891 05   -0.207 
1891 06   -0.300 
1891 07   -0.332 
1891 08   -0.318 
1891 09   -0.204 
1891 10   -0.332 
1891 11   -0.546 
1891 12   -0.124 
1892 01   -0.407 
1892 02   -0.121 
1892 03   -0.459 
1892 04   -0.483 
1892 05   -0.401 
1892 06   -0.466 
1892 07   -0.535 
1892 08   -0.445 
1892 09   -0.325 
1892 10   -0.444 
1892 11   -0.627 
1892 12   -0.794 
1893 01   -0.962 
1893 02   -0.723 
1893 03   -0.374 
1893 04   -0.562 
1893 05   -0.551 
1893 06   -0.463 
1893 07   -0.278 
1893 08   -0.288 
1893 09   -0.440 
1893 10   -0.271 
1893 11   -0.415 
1893 12   -0.352 
1894 01   -0.454 
1894 02   -0.379 
1894 03   -0.380 
1894 04   -0.379 
1894 05   -0.426 
1894 06   -0.493 
1894 07   -0.316 
1894 08   -0.343 
1894 09   -0.465 
1894 10   -0.443 
1894 11   -0.424 
1894 12   -0.404 
1895 01   -0.497 
1895 02   -0.678 
1895 03   -0.527 
1895 04   -0.408 
1895 05   -0.415 
1895 06   -0.332 
1895 07   -0.359 
1895 08   -0.267 
1895 09   -0.286 
1895 10   -0.343 
1895 11   -0.302 
1895 12   -0.318 
1896 01   -0.224 
1896 02   -0.233 
1896 03   -0.384 
1896 04   -0.350 
1896 05   -0.207 
1896 06   -0.124 
1896 07   -0.112 
1896 08   -0.068 
1896 09   -0.111 
1896 10   -0.130 
1896 11   -0.293 
1896 12   -0.032 
1897 01   -0.203 
1897 02   -0.124 
1897 03   -0.276 
1897 04   -0.070 
1897 05   -0.028 
1897 06   -0.162 
1897 07   -0.165 
1897 08   -0.160 
1897 09   -0.142 
1897 10   -0.262 
1897 11   -0.460 
1897 12   -0.484 
1898 01   -0.084 
1898 02   -0.378 
1898 03   -0.752 
1898 04   -0.569 
1898 05   -0.471 
1898 06   -0.322 
1898 07   -0.383 
1898 08   -0.309 
1898 09   -0.335 
1898 10   -0.561 
1898 11   -0.454 
1898 12   -0.361 
1899 01   -0.212 
1899 02   -0.501 
1899 03   -0.542 
1899 04   -0.347 
1899 05   -0.311 
1899 06   -0.392 
1899 07   -0.283 
1899 08   -0.150 
1899 09   -0.140 
1899 10   -0.189 
1899 11    0.027 
1899 12   -0.457 
1900 01   -0.246 
1900 02   -0.164 
1900 03   -0.276 
1900 04   -0.252 
1900 05   -0.276 
1900 06   -0.184 
1900 07   -0.193 
1900 08   -0.184 
1900 09   -0.223 
1900 10   -0.060 
1900 11   -0.262 
1900 12   -0.087 
1901 01   -0.182 
1901 02   -0.270 
1901 03   -0.246 
1901 04   -0.193 
1901 05   -0.197 
1901 06   -0.159 
1901 07   -0.194 
1901 08   -0.199 
1901 09   -0.349 
1901 10   -0.298 
1901 11   -0.446 
1901 12   -0.442 
1902 01   -0.239 
1902 02   -0.270 
1902 03   -0.393 
1902 04   -0.449 
1902 05   -0.405 
1902 06   -0.449 
1902 07   -0.392 
1902 08   -0.369 
1902 09   -0.370 
1902 10   -0.486 
1902 11   -0.534 
1902 12   -0.524 
1903 01   -0.274 
1903 02   -0.204 
1903 03   -0.355 
1903 04   -0.472 
1903 05   -0.464 
1903 06   -0.551 
1903 07   -0.496 
1903 08   -0.593 
1903 09   -0.528 
1903 10   -0.658 
1903 11   -0.627 
1903 12   -0.604 
1904 01   -0.641 
1904 02   -0.603 
1904 03   -0.659 
1904 04   -0.553 
1904 05   -0.538 
1904 06   -0.526 
1904 07   -0.530 
1904 08   -0.483 
1904 09   -0.485 
1904 10   -0.480 
1904 11   -0.386 
1904 12   -0.417 
1905 01   -0.471 
1905 02   -0.697 
1905 03   -0.461 
1905 04   -0.555 
1905 05   -0.343 
1905 06   -0.329 
1905 07   -0.298 
1905 08   -0.309 
1905 09   -0.322 
1905 10   -0.370 
1905 11   -0.224 
1905 12   -0.205 
1906 01   -0.073 
1906 02   -0.238 
1906 03   -0.293 
1906 04   -0.114 
1906 05   -0.336 
1906 06   -0.296 
1906 07   -0.321 
1906 08   -0.324 
1906 09   -0.388 
1906 10   -0.353 
1906 11   -0.430 
1906 12   -0.283 
1907 01   -0.443 
1907 02   -0.519 
1907 03   -0.343 
1907 04   -0.508 
1907 05   -0.552 
1907 06   -0.528 
1907 07   -0.407 
1907 08   -0.461 
1907 09   -0.413 
1907 10   -0.359 
1907 11   -0.581 
1907 12   -0.535 
1908 01   -0.423 
1908 02   -0.417 
1908 03   -0.636 
1908 04   -0.545 
1908 05   -0.474 
1908 06   -0.478 
1908 07   -0.478 
1908 08   -0.539 
1908 09   -0.458 
1908 10   -0.586 
1908 11   -0.595 
1908 12   -0.577 
1909 01   -0.583 
1909 02   -0.543 
1909 03   -0.689 
1909 04   -0.609 
1909 05   -0.589 
1909 06   -0.520 
1909 07   -0.585 
1909 08   -0.325 
1909 09   -0.402 
1909 10   -0.480 
1909 11   -0.432 
1909 12   -0.600 
1910 01   -0.359 
1910 02   -0.517 
1910 03   -0.485 
1910 04   -0.453 
1910 05   -0.473 
1910 06   -0.486 
1910 07   -0.469 
1910 08   -0.443 
1910 09   -0.443 
1910 10   -0.484 
1910 11   -0.653 
1910 12   -0.669 
1911 01   -0.558 
1911 02   -0.767 
1911 03   -0.701 
1911 04   -0.719 
1911 05   -0.602 
1911 06   -0.574 
1911 07   -0.516 
1911 08   -0.501 
1911 09   -0.511 
1911 10   -0.465 
1911 11   -0.378 
1911 12   -0.291 
1912 01   -0.362 
1912 02   -0.297 
1912 03   -0.385 
1912 04   -0.336 
1912 05   -0.377 
1912 06   -0.320 
1912 07   -0.458 
1912 08   -0.561 
1912 09   -0.563 
1912 10   -0.643 
1912 11   -0.515 
1912 12   -0.487 
1913 01   -0.465 
1913 02   -0.515 
1913 03   -0.534 
1913 04   -0.433 
1913 05   -0.509 
1913 06   -0.510 
1913 07   -0.443 
1913 08   -0.395 
1913 09   -0.428 
1913 10   -0.429 
1913 11   -0.270 
1913 12   -0.238 
1914 01   -0.092 
1914 02   -0.226 
1914 03   -0.335 
1914 04   -0.388 
1914 05   -0.280 
1914 06   -0.290 
1914 07   -0.337 
1914 08   -0.215 
1914 09   -0.261 
1914 10   -0.153 
1914 11   -0.176 
1914 12   -0.245 
1915 01   -0.117 
1915 02   -0.057 
1915 03   -0.193 
1915 04   -0.056 
1915 05   -0.218 
1915 06   -0.221 
1915 07   -0.118 
1915 08   -0.076 
1915 09   -0.141 
1915 10   -0.259 
1915 11   -0.140 
1915 12   -0.256 
1916 01   -0.245 
1916 02   -0.186 
1916 03   -0.405 
1916 04   -0.344 
1916 05   -0.363 
1916 06   -0.473 
1916 07   -0.380 
1916 08   -0.348 
1916 09   -0.343 
1916 10   -0.403 
1916 11   -0.573 
1916 12   -0.627 
1917 01   -0.684 
1917 02   -0.762 
1917 03   -0.826 
1917 04   -0.476 
1917 05   -0.655 
1917 06   -0.351 
1917 07   -0.120 
1917 08   -0.223 
1917 09   -0.123 
1917 10   -0.390 
1917 11   -0.396 
1917 12   -0.624 
1918 01   -0.505 
1918 02   -0.524 
1918 03   -0.446 
1918 04   -0.492 
1918 05   -0.424 
1918 06   -0.332 
1918 07   -0.342 
1918 08   -0.364 
1918 09   -0.238 
1918 10   -0.098 
1918 11   -0.033 
1918 12   -0.227 
1919 01   -0.098 
1919 02   -0.079 
1919 03   -0.302 
1919 04   -0.074 
1919 05   -0.265 
1919 06   -0.252 
1919 07   -0.364 
1919 08   -0.330 
1919 09   -0.232 
1919 10   -0.305 
1919 11   -0.531 
1919 12   -0.456 
1920 01   -0.244 
1920 02   -0.425 
1920 03   -0.123 
1920 04   -0.265 
1920 05   -0.191 
1920 06   -0.215 
1920 07   -0.291 
1920 08   -0.231 
1920 09   -0.137 
1920 10   -0.224 
1920 11   -0.284 
1920 12   -0.345 
1921 01   -0.137 
1921 02   -0.179 
1921 03   -0.251 
1921 04   -0.228 
1921 05   -0.204 
1921 06   -0.117 
1921 07   -0.138 
1921 08   -0.279 
1921 09   -0.162 
1921 10   -0.139 
1921 11   -0.301 
1921 12   -0.153 
1922 01   -0.398 
1922 02   -0.273 
1922 03   -0.269 
1922 04   -0.235 
1922 05   -0.382 
1922 06   -0.320 
1922 07   -0.229 
1922 08   -0.347 
1922 09   -0.283 
1922 10   -0.322 
1922 11   -0.288 
1922 12   -0.304 
1923 01   -0.230 
1923 02   -0.414 
1923 03   -0.408 
1923 04   -0.361 
1923 05   -0.321 
1923 06   -0.244 
1923 07   -0.347 
1923 08   -0.378 
1923 09   -0.321 
1923 10   -0.264 
1923 11   -0.020 
1923 12   -0.004 
1924 01   -0.315 
1924 02   -0.202 
1924 03   -0.270 
1924 04   -0.280 
1924 05   -0.239 
1924 06   -0.216 
1924 07   -0.264 
1924 08   -0.276 
1924 09   -0.279 
1924 10   -0.313 
1924 11   -0.362 
1924 12   -0.526 
1925 01   -0.398 
1925 02   -0.305 
1925 03   -0.223 
1925 04   -0.276 
1925 05   -0.258 
1925 06   -0.254 
1925 07   -0.217 
1925 08   -0.130 
1925 09   -0.189 
1925 10   -0.305 
1925 11   -0.056 
1925 12    0.007 
1926 01    0.090 
1926 02   -0.042 
1926 03   -0.022 
1926 04   -0.169 
1926 05   -0.219 
1926 06   -0.092 
1926 07   -0.235 
1926 08   -0.087 
1926 09   -0.104 
1926 10   -0.085 
1926 11   -0.109 
1926 12   -0.234 
1927 01   -0.254 
1927 02   -0.146 
1927 03   -0.326 
1927 04   -0.260 
1927 05   -0.259 
1927 06   -0.238 
1927 07   -0.146 
1927 08   -0.144 
1927 09   -0.132 
1927 10   -0.040 
1927 11   -0.173 
1927 12   -0.425 
1928 01   -0.050 
1928 02   -0.138 
1928 03   -0.339 
1928 04   -0.255 
1928 05   -0.286 
1928 06   -0.344 
1928 07   -0.165 
1928 08   -0.176 
1928 09   -0.223 
1928 10   -0.169 
1928 11   -0.157 
1928 12   -0.235 
1929 01   -0.479 
1929 02   -0.666 
1929 03   -0.406 
1929 04   -0.389 
1929 05   -0.389 
1929 06   -0.350 
1929 07   -0.362 
1929 08   -0.189 
1929 09   -0.267 
1929 10   -0.180 
1929 11   -0.074 
1929 12   -0.473 
1930 01   -0.330 
1930 02   -0.293 
1930 03   -0.155 
1930 04   -0.193 
1930 05   -0.197 
1930 06   -0.162 
1930 07   -0.120 
1930 08   -0.057 
1930 09   -0.078 
1930 10   -0.093 
1930 11    0.076 
1930 12   -0.072 
1931 01   -0.002 
1931 02   -0.151 
1931 03   -0.120 
1931 04   -0.180 
1931 05   -0.165 
1931 06   -0.036 
1931 07    0.007 
1931 08   -0.047 
1931 09   -0.047 
1931 10   -0.040 
1931 11   -0.148 
1931 12   -0.101 
1932 01    0.162 
1932 02   -0.191 
1932 03   -0.237 
1932 04   -0.066 
1932 05   -0.168 
1932 06   -0.194 
1932 07   -0.128 
1932 08   -0.196 
1932 09   -0.037 
1932 10   -0.172 
1932 11   -0.231 
1932 12   -0.192 
1933 01   -0.285 
1933 02   -0.315 
1933 03   -0.341 
1933 04   -0.218 
1933 05   -0.211 
1933 06   -0.260 
1933 07   -0.185 
1933 08   -0.176 
1933 09   -0.234 
1933 10   -0.198 
1933 11   -0.310 
1933 12   -0.525 
1934 01   -0.218 
1934 02   -0.160 
1934 03   -0.388 
1934 04   -0.249 
1934 05   -0.079 
1934 06   -0.042 
1934 07   -0.064 
1934 08   -0.058 
1934 09   -0.094 
1934 10   -0.084 
1934 11    0.024 
1934 12   -0.132 
1935 01   -0.223 
1935 02    0.105 
1935 03   -0.222 
1935 04   -0.267 
1935 05   -0.242 
1935 06   -0.185 
1935 07   -0.144 
1935 08   -0.153 
1935 09   -0.136 
1935 10   -0.076 
1935 11   -0.299 
1935 12   -0.264 
1936 01   -0.298 
1936 02   -0.354 
1936 03   -0.293 
1936 04   -0.202 
1936 05   -0.150 
1936 06   -0.162 
1936 07   -0.022 
1936 08   -0.043 
1936 09   -0.105 
1936 10   -0.003 
1936 11   -0.070 
1936 12   -0.009 
1937 01   -0.121 
1937 02    0.039 
1937 03   -0.273 
1937 04   -0.128 
1937 05   -0.079 
1937 06   -0.008 
1937 07    0.051 
1937 08    0.082 
1937 09    0.112 
1937 10    0.121 
1937 11    0.002 
1937 12   -0.101 
1938 01    0.019 
1938 02    0.019 
1938 03    0.064 
1938 04    0.085 
1938 05   -0.087 
1938 06   -0.059 
1938 07   -0.045 
1938 08    0.013 
1938 09    0.063 
1938 10    0.147 
1938 11    0.019 
1938 12   -0.293 
1939 01   -0.066 
1939 02   -0.043 
1939 03   -0.260 
1939 04   -0.095 
1939 05   -0.027 
1939 06    0.062 
1939 07    0.052 
1939 08    0.040 
1939 09   -0.072 
1939 10   -0.273 
1939 11   -0.121 
1939 12    0.216 
1940 01   -0.185 
1940 02   -0.033 
1940 03   -0.107 
1940 04    0.065 
1940 05    0.026 
1940 06    0.037 
1940 07    0.142 
1940 08    0.050 
1940 09    0.124 
1940 10    0.013 
1940 11   -0.060 
1940 12    0.159 
1941 01   -0.096 
1941 02   -0.019 
1941 03   -0.141 
1941 04    0.023 
1941 05   -0.020 
1941 06    0.123 
1941 07    0.116 
1941 08    0.019 
1941 09   -0.129 
1941 10    0.219 
1941 11    0.053 
1941 12    0.101 
1942 01    0.212 
1942 02   -0.078 
1942 03   -0.087 
1942 04   -0.061 
1942 05   -0.010 
1942 06    0.034 
1942 07   -0.074 
1942 08   -0.061 
1942 09    0.005 
1942 10   -0.076 
1942 11   -0.072 
1942 12    0.013 
1943 01   -0.202 
1943 02    0.068 
1943 03   -0.200 
1943 04    0.006 
1943 05   -0.013 
1943 06   -0.094 
1943 07   -0.000 
1943 08   -0.001 
1943 09   -0.014 
1943 10    0.237 
1943 11    0.027 
1943 12    0.198 
1944 01    0.290 
1944 02    0.140 
1944 03    0.148 
1944 04    0.056 
1944 05    0.068 
1944 06    0.152 
1944 07    0.221 
1944 08    0.238 
1944 09    0.303 
1944 10    0.212 
1944 11    0.009 
1944 12   -0.020 
1945 01   -0.003 
1945 02   -0.086 
1945 03   -0.039 
1945 04    0.167 
1945 05   -0.099 
1945 06    0.006 
1945 07   -0.080 
1945 08    0.364 
1945 09    0.162 
1945 10    0.185 
1945 11   -0.012 
1945 12   -0.206 
1946 01    0.101 
1946 02    0.046 
1946 03   -0.063 
1946 04    0.135 
1946 05   -0.121 
1946 06   -0.266 
1946 07   -0.048 
1946 08   -0.146 
1946 09   -0.007 
1946 10   -0.048 
1946 11   -0.091 
1946 12   -0.357 
1947 01   -0.116 
1947 02   -0.180 
1947 03   -0.066 
1947 04    0.096 
1947 05   -0.060 
1947 06    0.007 
1947 07   -0.006 
1947 08   -0.038 
1947 09   -0.075 
1947 10    0.077 
1947 11    0.043 
1947 12   -0.175 
1948 01    0.089 
1948 02   -0.126 
1948 03   -0.175 
1948 04   -0.042 
1948 05    0.109 
1948 06    0.075 
1948 07   -0.109 
1948 08   -0.001 
1948 09   -0.057 
1948 10    0.031 
1948 11   -0.051 
1948 12   -0.203 
1949 01    0.150 
1949 02   -0.145 
1949 03   -0.178 
1949 04    0.009 
1949 05   -0.043 
1949 06   -0.186 
1949 07   -0.089 
1949 08   -0.038 
1949 09   -0.072 
1949 10   -0.032 
1949 11   -0.077 
1949 12   -0.188 
1950 01   -0.333 
1950 02   -0.245 
1950 03   -0.178 
1950 04   -0.165 
1950 05   -0.087 
1950 06   -0.074 
1950 07   -0.039 
1950 08   -0.112 
1950 09   -0.106 
1950 10   -0.125 
1950 11   -0.391 
1950 12   -0.254 
1951 01   -0.355 
1951 02   -0.463 
1951 03   -0.298 
1951 04   -0.105 
1951 05   -0.013 
1951 06    0.037 
1951 07    0.049 
1951 08    0.142 
1951 09    0.093 
1951 10    0.129 
1951 11   -0.038 
1951 12    0.174 
1952 01    0.182 
1952 02    0.135 
1952 03   -0.130 
1952 04    0.055 
1952 05    0.040 
1952 06    0.040 
1952 07    0.099 
1952 08    0.094 
1952 09    0.098 
1952 10   -0.009 
1952 11   -0.189 
1952 12   -0.060 
1953 01    0.067 
1953 02    0.146 
1953 03    0.130 
1953 04    0.195 
1953 05    0.138 
1953 06    0.164 
1953 07    0.054 
1953 08    0.095 
1953 09    0.076 
1953 10    0.073 
1953 11   -0.073 
1953 12    0.090 
1954 01   -0.237 
1954 02   -0.088 
1954 03   -0.155 
1954 04   -0.151 
1954 05   -0.207 
1954 06   -0.130 
1954 07   -0.198 
1954 08   -0.094 
1954 09   -0.087 
1954 10   -0.036 
1954 11    0.022 
1954 12   -0.235 
1955 01    0.125 
1955 02   -0.166 
1955 03   -0.405 
1955 04   -0.244 
1955 05   -0.235 
1955 06   -0.168 
1955 07   -0.200 
1955 08   -0.063 
1955 09   -0.117 
1955 10   -0.164 
1955 11   -0.313 
1955 12   -0.336 
1956 01   -0.248 
1956 02   -0.348 
1956 03   -0.311 
1956 04   -0.335 
1956 05   -0.280 
1956 06   -0.225 
1956 07   -0.211 
1956 08   -0.243 
1956 09   -0.281 
1956 10   -0.230 
1956 11   -0.259 
1956 12   -0.207 
1957 01   -0.167 
1957 02   -0.129 
1957 03   -0.185 
1957 04   -0.064 
1957 05    0.052 
1957 06    0.084 
1957 07    0.003 
1957 08    0.094 
1957 09    0.038 
1957 10   -0.013 
1957 11    0.056 
1957 12    0.158 
1958 01    0.269 
1958 02    0.183 
1958 03   -0.004 
1958 04    0.038 
1958 05    0.035 
1958 06   -0.016 
1958 07    0.041 
1958 08    0.010 
1958 09   -0.052 
1958 10    0.015 
1958 11    0.012 
1958 12    0.027 
1959 01    0.087 
1959 02    0.030 
1959 03    0.080 
1959 04    0.046 
1959 05   -0.012 
1959 06    0.063 
1959 07    0.030 
1959 08    0.048 
1959 09    0.038 
1959 10   -0.035 
1959 11   -0.112 
1959 12   -0.070 
1960 01   -0.029 
1960 02    0.102 
1960 03   -0.316 
1960 04   -0.176 
1960 05   -0.154 
1960 06   -0.029 
1960 07   -0.027 
1960 08    0.007 
1960 09    0.062 
1960 10   -0.027 
1960 11   -0.150 
1960 12    0.141 
1961 01    0.046 
1961 02    0.185 
1961 03    0.096 
1961 04    0.097 
1961 05    0.087 
1961 06    0.108 
1961 07    0.016 
1961 08    0.030 
1961 09   -0.029 
1961 10   -0.031 
1961 11   -0.020 
1961 12   -0.112 
1962 01    0.055 
1962 02    0.139 
1962 03    0.027 
1962 04    0.025 
1962 05   -0.044 
1962 06   -0.054 
1962 07    0.016 
1962 08   -0.003 
1962 09   -0.014 
1962 10    0.045 
1962 11    0.009 
1962 12   -0.010 
1963 01   -0.050 
1963 02    0.152 
1963 03   -0.142 
1963 04   -0.067 
1963 05   -0.021 
1963 06   -0.033 
1963 07    0.110 
1963 08    0.127 
1963 09    0.126 
1963 10    0.224 
1963 11    0.161 
1963 12   -0.007 
1964 01   -0.045 
1964 02   -0.124 
1964 03   -0.276 
1964 04   -0.244 
1964 05   -0.175 
1964 06   -0.159 
1964 07   -0.171 
1964 08   -0.258 
1964 09   -0.284 
1964 10   -0.268 
1964 11   -0.297 
1964 12   -0.356 
1965 01   -0.103 
1965 02   -0.244 
1965 03   -0.215 
1965 04   -0.255 
1965 05   -0.159 
1965 06   -0.110 
1965 07   -0.181 
1965 08   -0.112 
1965 09   -0.095 
1965 10   -0.030 
1965 11   -0.140 
1965 12   -0.066 
1966 01   -0.096 
1966 02   -0.094 
1966 03   -0.063 
1966 04   -0.107 
1966 05   -0.141 
1966 06    0.035 
1966 07    0.031 
1966 08   -0.022 
1966 09   -0.040 
1966 10   -0.105 
1966 11   -0.096 
1966 12   -0.144 
1967 01   -0.167 
1967 02   -0.235 
1967 03   -0.052 
1967 04   -0.068 
1967 05    0.073 
1967 06   -0.086 
1967 07   -0.066 
1967 08   -0.065 
1967 09   -0.097 
1967 10    0.060 
1967 11   -0.064 
1967 12   -0.151 
1968 01   -0.242 
1968 02   -0.214 
1968 03    0.036 
1968 04   -0.170 
1968 05   -0.221 
1968 06   -0.106 
1968 07   -0.103 
1968 08   -0.060 
1968 09   -0.086 
1968 10   -0.018 
1968 11   -0.070 
1968 12   -0.110 
1969 01   -0.171 
1969 02   -0.170 
1969 03   -0.004 
1969 04    0.108 
1969 05    0.126 
1969 06    0.023 
1969 07    0.038 
1969 08    0.051 
1969 09    0.015 
1969 10    0.023 
1969 11    0.132 
1969 12    0.194 
1970 01    0.072 
1970 02    0.143 
1970 03   -0.069 
1970 04    0.058 
1970 05   -0.036 
1970 06   -0.014 
1970 07   -0.049 
1970 08   -0.090 
1970 09   -0.039 
1970 10   -0.074 
1970 11   -0.049 
1970 12   -0.165 
1971 01   -0.097 
1971 02   -0.291 
1971 03   -0.286 
1971 04   -0.237 
1971 05   -0.215 
1971 06   -0.233 
1971 07   -0.129 
1971 08   -0.168 
1971 09   -0.123 
1971 10   -0.160 
1971 11   -0.080 
1971 12   -0.204 
1972 01   -0.376 
1972 02   -0.287 
1972 03   -0.134 
1972 04   -0.079 
1972 05   -0.065 
1972 06    0.003 
1972 07   -0.025 
1972 08    0.013 
1972 09   -0.059 
1972 10    0.002 
1972 11   -0.005 
1972 12    0.183 
1973 01    0.146 
1973 02    0.276 
1973 03    0.226 
1973 04    0.162 
1973 05    0.086 
1973 06    0.110 
1973 07    0.025 
1973 08    0.018 
1973 09   -0.038 
1973 10   -0.041 
1973 11   -0.095 
1973 12   -0.108 
1974 01   -0.376 
1974 02   -0.406 
1974 03   -0.233 
1974 04   -0.179 
1974 05   -0.195 
1974 06   -0.151 
1974 07   -0.125 
1974 08   -0.082 
1974 09   -0.129 
1974 10   -0.215 
1974 11   -0.211 
1974 12   -0.237 
1975 01   -0.071 
1975 02   -0.092 
1975 03   -0.075 
1975 04   -0.088 
1975 05   -0.083 
1975 06   -0.084 
1975 07   -0.109 
1975 08   -0.179 
1975 09   -0.126 
1975 10   -0.228 
1975 11   -0.313 
1975 12   -0.304 
1976 01   -0.230 
1976 02   -0.323 
1976 03   -0.442 
1976 04   -0.196 
1976 05   -0.317 
1976 06   -0.250 
1976 07   -0.185 
1976 08   -0.201 
1976 09   -0.164 
1976 10   -0.313 
1976 11   -0.176 
1976 12   -0.081 
1977 01   -0.081 
1977 02    0.079 
1977 03    0.104 
1977 04    0.094 
1977 05    0.069 
1977 06    0.109 
1977 07    0.060 
1977 08   -0.001 
1977 09    0.032 
1977 10   -0.006 
1977 11    0.137 
1977 12   -0.056 
1978 01    0.014 
1978 02   -0.038 
1978 03    0.027 
1978 04   -0.062 
1978 05   -0.089 
1978 06   -0.133 
1978 07   -0.063 
1978 08   -0.188 
1978 09   -0.054 
1978 10   -0.116 
1978 11    0.045 
1978 12   -0.100 
1979 01   -0.038 
1979 02   -0.140 
1979 03    0.014 
1979 04   -0.048 
1979 05   -0.030 
1979 06    0.058 
1979 07    0.054 
1979 08    0.080 
1979 09    0.092 
1979 10    0.131 
1979 11    0.147 
1979 12    0.356 
1980 01    0.133 
1980 02    0.219 
1980 03    0.072 
1980 04    0.140 
1980 05    0.139 
1980 06    0.070 
1980 07    0.060 
1980 08    0.036 
1980 09    0.037 
1980 10    0.007 
1980 11    0.131 
1980 12    0.058 
1981 01    0.334 
1981 02    0.196 
1981 03    0.207 
1981 04    0.128 
1981 05    0.066 
1981 06    0.123 
1981 07    0.094 
1981 08    0.122 
1981 09    0.072 
1981 10    0.003 
1981 11    0.071 
1981 12    0.267 
1982 01   -0.048 
1982 02    0.005 
1982 03   -0.127 
1982 04    0.026 
1982 05    0.043 
1982 06   -0.049 
1982 07   -0.019 
1982 08   -0.009 
1982 09    0.074 
1982 10    0.005 
1982 11   -0.010 
1982 12    0.253 
1983 01    0.431 
1983 02    0.310 
1983 03    0.209 
1983 04    0.115 
1983 05    0.135 
1983 06    0.136 
1983 07    0.151 
1983 08    0.198 
1983 09    0.188 
1983 10    0.099 
1983 11    0.257 
1983 12    0.083 
1984 01    0.120 
1984 02    0.017 
1984 03    0.050 
1984 04   -0.041 
1984 05    0.090 
1984 06   -0.014 
1984 07   -0.034 
1984 08    0.040 
1984 09    0.036 
1984 10   -0.023 
1984 11   -0.124 
1984 12   -0.277 
1985 01    0.008 
1985 02   -0.138 
1985 03   -0.026 
1985 04   -0.035 
1985 05   -0.002 
1985 06   -0.059 
1985 07   -0.057 
1985 08    0.030 
1985 09   -0.030 
1985 10    0.021 
1985 11   -0.077 
1985 12    0.013 
1986 01    0.127 
1986 02    0.089 
1986 03    0.076 
1986 04    0.082 
1986 05    0.044 
1986 06    0.051 
1986 07   -0.000 
1986 08    0.005 
1986 09    0.013 
1986 10    0.064 
1986 11   -0.004 
1986 12    0.010 
1987 01    0.112 
1987 02    0.302 
1987 03    0.024 
1987 04    0.093 
1987 05    0.143 
1987 06    0.125 
1987 07    0.266 
1987 08    0.233 
1987 09    0.272 
1987 10    0.200 
1987 11    0.196 
1987 12    0.322 
1988 01    0.390 
1988 02    0.229 
1988 03    0.268 
1988 04    0.228 
1988 05    0.210 
1988 06    0.224 
1988 07    0.181 
1988 08    0.179 
1988 09    0.188 
1988 10    0.146 
1988 11    0.030 
1988 12    0.149 
1989 01    0.015 
1989 02    0.147 
1989 03    0.135 
1989 04    0.080 
1989 05    0.079 
1989 06    0.079 
1989 07    0.162 
1989 08    0.181 
1989 09    0.145 
1989 10    0.154 
1989 11    0.062 
1989 12    0.210 
1990 01    0.222 
1990 02    0.307 
1990 03    0.562 
1990 04    0.367 
1990 05    0.280 
1990 06    0.279 
1990 07    0.234 
1990 08    0.252 
1990 09    0.175 
1990 10    0.330 
1990 11    0.316 
1990 12    0.247 
1991 01    0.288 
1991 02    0.292 
1991 03    0.190 
1991 04    0.385 
1991 05    0.302 
1991 06    0.306 
1991 07    0.312 
1991 08    0.261 
1991 09    0.243 
1991 10    0.187 
1991 11    0.158 
1991 12    0.125 
1992 01    0.366 
1992 02    0.321 
1992 03    0.252 
1992 04    0.144 
1992 05    0.178 
1992 06    0.127 
1992 07   -0.013 
1992 08    0.006 
1992 09   -0.059 
1992 10   -0.050 
1992 11   -0.089 
1992 12    0.078 
1993 01    0.312 
1993 02    0.252 
1993 03    0.244 
1993 04    0.131 
1993 05    0.179 
1993 06    0.177 
1993 07    0.133 
1993 08    0.096 
1993 09    0.062 
1993 10    0.098 
1993 11   -0.046 
1993 12    0.119 
1994 01    0.178 
1994 02   -0.052 
1994 03    0.220 
1994 04    0.206 
1994 05    0.271 
1994 06    0.265 
1994 07    0.173 
1994 08    0.182 
1994 09    0.187 
1994 10    0.307 
1994 11    0.308 
1994 12    0.245 
1995 01    0.419 
1995 02    0.595 
1995 03    0.325 
1995 04    0.284 
1995 05    0.216 
1995 06    0.308 
1995 07    0.327 
1995 08    0.354 
1995 09    0.252 
1995 10    0.329 
1995 11    0.322 
1995 12    0.127 
1996 01    0.115 
1996 02    0.323 
1996 03    0.186 
1996 04    0.130 
1996 05    0.216 
1996 06    0.170 
1996 07    0.221 
1996 08    0.205 
1996 09    0.099 
1996 10    0.135 
1996 11    0.149 
1996 12    0.234 
1997 01    0.206 
1997 02    0.318 
1997 03    0.347 
1997 04    0.273 
1997 05    0.286 
1997 06    0.402 
1997 07    0.366 
1997 08    0.438 
1997 09    0.475 
1997 10    0.554 
1997 11    0.498 
1997 12    0.505 
1998 01    0.483 
1998 02    0.763 
1998 03    0.558 
1998 04    0.636 
1998 05    0.573 
1998 06    0.592 
1998 07    0.672 
1998 08    0.603 
1998 09    0.392 
1998 10    0.404 
1998 11    0.295 
1998 12    0.473 
1999 01    0.347 
1999 02    0.589 
1999 03    0.228 
1999 04    0.327 
1999 05    0.245 
1999 06    0.273 
1999 07    0.291 
1999 08    0.223 
1999 09    0.298 
1999 10    0.254 
1999 11    0.237 
1999 12    0.383 
2000 01    0.227 
2000 02    0.455 
2000 03    0.382 
2000 04    0.479 
2000 05    0.280 
2000 06    0.275 
2000 07    0.262 
2000 08    0.358 
2000 09    0.307 
2000 10    0.222 
2000 11    0.162 
2000 12    0.151 
2001 01    0.363 
2001 02    0.325 
2001 03    0.515 
2001 04    0.453 
2001 05    0.414 
2001 06    0.430 
2001 07    0.465 
2001 08    0.500 
2001 09    0.418 
2001 10    0.417 
2001 11    0.611 
2001 12    0.370 
2002 01    0.661 
2002 02    0.705 
2002 03    0.699 
2002 04    0.465 
2002 05    0.425 
2002 06    0.476 
2002 07    0.487 
2002 08    0.445 
2002 09    0.420 
2002 10    0.407 
2002 11    0.449 
2002 12    0.327 
2003 01    0.596 
2003 02    0.453 
2003 03    0.459 
2003 04    0.437 
2003 05    0.477 
2003 06    0.460 
2003 07    0.477 
2003 08    0.550 
2003 09    0.542 
2003 10    0.612 
2003 11    0.459 
2003 12    0.595 
2004 01    0.502 
2004 02    0.611 
2004 03    0.525 
2004 04    0.479 
2004 05    0.315 
2004 06    0.328 
2004 07    0.358 
2004 08    0.397 
2004 09    0.442 
2004 10    0.472 
2004 11    0.600 
2004 12    0.359 
2005 01    0.550 
2005 02    0.395 
2005 03    0.560 
2005 04    0.603 
2005 05    0.520 
2005 06    0.552 
2005 07    0.550 
2005 08    0.540 
2005 09    0.566 
2005 10    0.608 
2005 11    0.629 
2005 12    0.472 
2006 01    0.385 
2006 02    0.562 
2006 03    0.463 
2006 04    0.407 
2006 05    0.401 
2006 06    0.525 
2006 07    0.488 
2006 08    0.532 
2006 09    0.499 
2006 10    0.562 
2006 11    0.541 
2006 12    0.698 
2007 01    0.832 
2007 02    0.560 
2007 03    0.524 
2007 04    0.581 
2007 05    0.447 
2007 06    0.419 
2007 07    0.441 
2007 08    0.443 
2007 09    0.459 
2007 10    0.481 
2007 11    0.387 
2007 12    0.349 
2008 01    0.171 
2008 02    0.245 
2008 03    0.550 
2008 04    0.331 
2008 05    0.340 
2008 06    0.362 
2008 07    0.451 
2008 08    0.432 
2008 09    0.406 
2008 10    0.547 
2008 11    0.524 
2008 12    0.391 
2009 01    0.481 
2009 02    0.441 
2009 03    0.406 
2009 04    0.515 
2009 05    0.441 
2009 06    0.554 
2009 07    0.539 
2009 08    0.589 
2009 09    0.564 
2009 10    0.515 
2009 11    0.545 
2009 12    0.474 
2010 01    0.561 
2010 02    0.577 
2010 03    0.678 
2010 04    0.679 
2010 05    0.591 
2010 06    0.587 
2010 07    0.619 
2010 08    0.543 
2010 09    0.442 
2010 10    0.496 
2010 11    0.593 
2010 12    0.343 
2011 01    0.313 
2011 02    0.327 
2011 03    0.425 
2011 04    0.480 
2011 05    0.384 
2011 06    0.489 
2011 07    0.510 
2011 08    0.488 
2011 09    0.454 
2011 10    0.453 
2011 11    0.347 
2011 12    0.401 
2012 01    0.306 
2012 02    0.302 
2012 03    0.358 
2012 04    0.575 
2012 05    0.574 
2012 06    0.557 
2012 07    0.510 
2012 08    0.536 
2012 09    0.553 
2012 10    0.556 
2012 11    0.554 
2012 12    0.275 
2013 01    0.450 
2013 02    0.486 
2013 03    0.401 
2013 04    0.439 
2013 05    0.520 
2013 06    0.487 
2013 07    0.514 
2013 08    0.533 
2013 09    0.535 
2013 10    0.497 
2013 11    0.639 
2013 12    0.508 
2014 01    0.523 
2014 02    0.313 
2014 03    0.561 
2014 04    0.657 
2014 05    0.599 
2014 06    0.618 
2014 07    0.541 
2014 08    0.666 
2014 09    0.589 
2014 10    0.626 
2014 11    0.489 
2014 12    0.634 
2015 01    0.688 
2015 02    0.660 
2015 03    0.681 
2015 04    0.656 
2015 05    0.696 
2015 06    0.730 
2015 07    0.696 
2015 08    0.732 
2015 09    0.784 
2015 10    0.817 
2015 11    0.808 
2015 12    1.005 
2016 01    0.894 
