# Difference between
# hadisst1_wsiod.dat
# hadisst1_esiod.dat
# Timeseries are not normalized
# Timeseries are not normalized
# diff [C] difference of SST and SST
# scaled with a factor      1.50000    
 1870 -0.6102476     -0.1476831      0.6466656       1.400602       1.378172       1.449363      0.6597090      0.2867261      0.4767894E-01 -0.3793431E-01 -0.6309071      -1.127246    
 1871  0.2095614       1.267462       1.509495      0.3505869     -0.4650564     -0.8631562     -0.7851361      -1.043055     -0.8921728     -0.6794872      0.3393831      0.7631437    
 1872   2.047945       2.962191       2.956622       1.787452      0.7969522      0.2007180     -0.2222757     -0.1209726      0.1754523      0.8095179       1.010302     -0.1252270E-01
 1873  -1.694825      -1.403707      -1.657902     -0.5834627     -0.5171814      0.1081524      0.4308701E-01 -0.5044556E-01 -0.2285586     -0.2609253     -0.6162643E-01 -0.7638417    
 1874 -0.2058048     -0.3564062     -0.3911247     -0.1461983E-01  0.7145118E-01  0.5561142      0.5174762      0.1667404      0.2700862      0.4690505     -0.1449681E-01 -0.4330016    
 1875 -0.7108698      0.1111593      0.7890015      0.9882802      0.9353600      0.8310043      0.6937437      0.2848206     -0.3710431     -0.3221712     -0.3595848      -1.412982    
 1876  -1.304046     -0.4005690     -0.8317052      -1.204299      -1.184921     -0.8543528     -0.6814584     -0.5900259     -0.4385719     -0.7293177     -0.8395872     -0.1391230    
 1877 -0.1375866E-01  0.3856401      0.2983217      0.7635040      0.6304665       1.088925       1.095743      0.8695965      0.2376565      0.4195404E-01 -0.3062468     -0.3542834    
 1878 -0.2975292      0.1656217     -0.6645012E-01  0.1928587     -0.2281781     -0.2309705E-01 -0.1587239     -0.1402645     -0.6792783     -0.9985800      -1.162356     -0.3619308    
 1879  0.4271508       1.006777       1.345891       1.299514      0.9333057      0.3883381     -0.1599512      0.1931247      0.3454599      0.3751488      0.1521234      0.3475513    
 1880  0.6379308       1.051432       1.197527      0.9624510      0.1229582     -0.3715925     -0.2283954     -0.7303333E-01  0.3049278E-01  0.3382615     -0.1994934     -0.4880619E-01
 1881  0.8446026E-01 -0.7376289E-01 -0.5477542      0.1752950      0.3930645      0.4437189      0.2862998     -0.1343078     -0.6916065     -0.5237589     -0.4470978     -0.3035517    
 1882 -0.8416557     -0.6774072      -1.314403     -0.6396561     -0.5227174     -0.3150702     -0.1745224E-02  0.2047519     -0.3457833E-01  0.5118885      0.5199537      0.3524722    
 1883  0.2430096       1.092410      0.6069745      0.5720901     -0.1130190     -0.3494826     -0.4073181     -0.2165795E-01  0.2969799      0.1736985      0.5074281      0.2280035    
 1884  0.5625716      0.5391227      0.6025972      0.5047560      0.3507329E-01 -0.2735224       1.216401      0.6842880     -0.2297401E-02  0.1906043      0.3231812     -0.6418132E-01
 1885 -0.5061435E-01 -0.5578595     -0.9202796      -1.198013     -0.8133572      0.1368141E-01 -0.9629060E-01  0.4656028E-01  0.4519158      0.6065999       1.400768       1.099382    
 1886   1.181425      0.3971328     -0.3757381E-01 -0.5148982     -0.8368436     -0.6816273     -0.1167069     -0.3240738      0.6649017E-01  0.8923188       1.384177       1.242514    
 1887  0.7283793       1.144687       1.229370       1.261356      0.7072705      0.3092280      0.9465981E-01 -0.9118193     -0.1448879     -0.8882103     -0.9931124     -0.8948364    
 1888  -1.441956      -1.969583      -1.932163      -1.578341      0.3787251      0.5637761     -0.2964820     -0.2284527E-01 -0.2488089      0.2226305      -1.496736      -1.128868    
 1889  -1.394194      -1.009749     -0.9476681     -0.1234131      0.2321577       1.065511      0.4542533      0.3971700      0.5193873      0.5678387      0.3791026      0.4604130    
 1890  0.4328357       1.688828       1.205672      0.7709026      0.3385391     -0.7585429E-01  0.2399168      0.3774462      0.7955646E-01  0.1789571E-01  0.1325197     -0.2865429    
 1891 -0.4614545E-01  0.3183060      0.2065057      0.1538772      0.2175036      0.6195487      0.3512478      0.5697614     -0.1773262E-01  0.2307586     -0.2508516     -0.5801240    
 1892 -0.3512765     -0.3598279     -0.3418207      0.2111463      0.2124939     -0.4927254E-01  0.1876431      0.2236948      0.9663707       1.431479       1.151167      0.9519194    
 1893  0.8754845      0.8889828      0.6236544      0.4868917      0.9881887      0.8959838      0.5941430      0.4371900       1.001035      0.8461332      0.6371355      0.6377907    
 1894   1.115275       1.258086      0.8448458      0.1635647     -0.2802401     -0.2829723     -0.2439966     -0.3388366      -1.009506     -0.8692503     -0.7986975     -0.2276230    
 1895  0.7671719      0.4514924      0.6202497      0.1614361      0.1721449     -0.4392587     -0.4770498     -0.9493446E-01 -0.7142286     -0.9437714      -1.125037      -1.038763    
 1896 -0.1353350     -0.7362241     -0.6836987      -1.324539     -0.9664019     -0.7722560     -0.8152283     -0.5384845     -0.6202068     -0.5533218      -1.748437     -0.3089504    
 1897 -0.4026804      -1.475830      -1.826053      -1.513209      -1.679034      -1.388443      -1.424197     -0.8938349     -0.5442038      -1.095632     -0.8087482     -0.4675313    
 1898 -0.3669777      0.1955939      0.5402128      0.5902406     -0.3852939E-01 -0.7228746     -0.4753704      0.7033826      -1.322462      -1.769748      -2.126739      -2.277237    
 1899  -1.618938      -1.343665     -0.7830563     -0.4426603     -0.5177593E-01 -0.5069216      -1.343722     -0.2524194      0.5578308     -0.5215359     -0.4795102      -1.089987    
 1900  -1.271450      -1.166213     -0.9420289     -0.8587276     -0.7045326     -0.6014385     -0.6241722     -0.4803000     -0.4499587     -0.4774218     -0.7675581     -0.7422294    
 1901  -1.776741      -1.017025     -0.7471647     -0.4772043     -0.4811211     -0.2111951     -0.6708384      -1.659359     -0.8810892      0.1520548      0.7699126       1.093323    
 1902   1.689643      0.8141899     -0.1085844     -0.3796119     -0.4300175      -1.240016      0.5148067     -0.3622943     -0.5207433     -0.8959236      0.5088100     -0.7289601E-01
 1903 -0.1807393     -0.4416390      0.4266158     -0.1358328      0.7905034      0.7830020      0.9479171      0.2958899      0.2891235      0.8079271       1.676588      0.9895849    
 1904   1.820320     -0.3962230E-01 -0.4081622      0.2782688      0.7624626E-02  0.1562290      0.2705641       1.004897       1.618106      0.8634596      0.3740329      0.7772282    
 1905  0.4037503      0.6615972      0.8415128E-01 -0.7603884      -1.025877      0.5728083     -0.4030695       1.891305     -0.1185322E-01  0.2952576      -1.022060     -0.1506414    
 1906  0.2691850      0.1309862     -0.3720159      0.6802396      0.3196993      0.1984062      0.1248837     -0.2768898E-01 -0.4050036      0.5470334       1.021989      0.9324158    
 1907   1.344970     -0.4554749E-01 -0.5226430     -0.5599765     -0.5822353     -0.5009366     -0.4016475     -0.5975847     -0.7550240E-02 -0.2139902     -0.8046085     -0.4426461    
 1908  0.8809605       1.418990      0.6991368     -0.5874825E-01 -0.1228294      0.5831107      0.1267719      0.8140497      0.7362699      0.7893878       1.434383      0.4103709    
 1909 -0.1623345     -0.5794744     -0.3132448     -0.6743631     -0.8831233      -1.395538     -0.2166395     -0.1919689     -0.2393446      0.5488471      0.3307343E-02 -0.4433841    
 1910 -0.1689033     -0.6752301E-01 -0.3180314     -0.3017320      0.9904861E-01  0.3480006     -0.1587696      0.3204603      0.5560455      0.3024302     -0.2298518       1.353021    
 1911  0.2769242     -0.4015418      0.8312559     -0.4863996     -0.1261139      0.3535537     -0.5992728      0.2440968      0.1723938     -0.8427000      -1.312463      0.8913231E-01
 1912  -1.021053     -0.5698586     -0.9930611      -1.923836     -0.7476396      -1.280711     -0.5528640     -0.5182456E-01  0.3978280     -0.6085968      0.6505422     -0.1345768    
 1913 -0.1681824     -0.3348828E-01 -0.5818062     -0.3124894     -0.9582711     -0.5936650     -0.4637175     -0.1264658      0.4216747      0.3573732     -0.3793573     -0.1281424    
 1914  0.2944908      0.7058458     -0.3482236      0.3213530      0.7787704E-02 -0.7361412E-02  0.2354622      0.4573346E-01  0.2996635E-01   1.307922       1.622257       1.536918    
 1915   1.019005      0.9080629      0.6060305      0.3002901     -0.1902694      -1.211577     -0.6299601     -0.8654107     -0.9226227      -1.010568     -0.6611308      -1.060796    
 1916  -1.269602     -0.8831633      -1.145519     -0.8894949     -0.8017157      0.9217644E-01 -0.3324508E-01  0.1330662E-01  0.3236504      0.8538121       1.070017       1.284454    
 1917   1.027179      0.7061921      0.3296271      0.5829076     -0.4391212     -0.5282594E-01 -0.6512147     -0.6232796      0.7549095E-01  0.6608678E-01 -0.1762104     -0.8725920    
 1918  -1.723054     -0.7339267     -0.7813627      0.4858275      0.4474383       1.166971       1.539325      0.6645299      0.1710863      0.3610182      0.3167638     -0.2038794    
 1919  -1.161455      -1.037453      -1.516469     -0.6459846      0.6522275E-01  0.2473812     -0.2698431     -0.4590912     -0.7217445     -0.6677884     -0.5121975     -0.7225457    
 1920  -1.410170      -1.278025      -1.805729     -0.9067011     -0.8106852     -0.5905152     -0.5979996      0.3806562      0.2025118     -0.3876458     -0.5817661     -0.2417392    
 1921  0.8054380     -0.2876014      0.8386658     -0.3412599     -0.8347149      -1.779730      -1.372613      -1.483875      -1.172433      -1.227510     -0.6251450     -0.8327665    
 1922 -0.2758971     -0.8966160E-01  -1.208233      -1.410490      -1.423722     -0.9255725     -0.5591327      0.6677856      0.4770412     -0.4220724     -0.5939484      0.6742830    
 1923   1.037395      0.7684423     -0.2297973E-01  0.6199722     -0.5108643E-01  0.7631264       1.254713      0.6268501E-02  0.2055560      0.1042271E-01 -0.5112219     -0.6472178    
 1924  -1.570669      -2.293179      -1.962358      -1.809205      -1.070426     -0.9234438     -0.2666016      0.1526099     -0.2054444     -0.7508696     -0.2487945     -0.9666567    
 1925 -0.6031408     -0.2913666     -0.1496687      0.9782124E-01  0.6021480      0.2100019      0.6370296      0.2009868     -0.2439480     -0.4996662      -1.542546     -0.2425919    
 1926  -1.338873      -1.642674     -0.6124335     -0.8531342     -0.7655354     -0.9341356      0.3488445E-01 -0.9013051      -1.050980     -0.5181170     -0.3271694      0.2409954    
 1927  0.8700714      0.5585318     -0.4908742     -0.2374764     -0.4827548     -0.5719784     -0.5030250E-01 -0.5509187     -0.7257042      -2.010363      -1.999897      -1.926267    
 1928 -0.8891745     -0.5340528      -1.421279     -0.2115240     -0.7442950      -1.256876     -0.8153629      0.3488101      0.2281008      -1.617002     -0.3600798     -0.4575720    
 1929 -0.5548955E-01 -0.8239288     -0.9990691E-02 -0.3889275      0.2115441E-01 -0.7366763      0.1997623     -0.5423528     -0.3740874      0.1606035     -0.7560825E-01 -0.1511222    
 1930 -0.9584141E-01   1.110967      0.8509799      -1.070981      -1.378466      -1.357152     -0.9449387E-01 -0.7985859      0.1584864     -0.4461938      -1.031213     -0.5880861    
 1931  -1.262134      -1.008010      -2.520658     -0.8196974      -1.320940     -0.4454613E-02 -0.3692465      0.5523175     -0.4981240     -0.8883191E-01 -0.5711031      -2.356365    
 1932 -0.1785192     -0.7235755     -0.7777034     -0.8398590     -0.6323833      -1.027719      0.5963487      0.9195042E-01   1.131583      0.5747681      0.7954416       1.024203    
 1933 -0.4308414E-01  -1.623368      -1.124233     -0.3300390     -0.9698354     -0.4741173     -0.4336423      0.1606493      -1.477595      -1.126997      0.1895199     -0.2094126    
 1934  0.6887340E-01 -0.1562176      0.7695150       1.179337      0.8530998     -0.6872063     -0.9140111E-01  0.6088657      0.5120973      0.3109789      0.2808380      -1.032583    
 1935 -0.9544946E-01 -0.7317810     -0.1840954     -0.4647388     -0.8641320     -0.7058373     -0.2351160     -0.7711631      0.3477544     -0.1472568      0.9802724      0.2139759    
 1936  0.7169809      0.6241551     -0.4108487     -0.7469645     -0.2368899      0.9990034      0.4329070     -0.6346950     -0.8961784     -0.1915455E-01 -0.1433373E-02 -0.4423428E-01
 1937  0.6564417      0.3919259      0.4225359     -0.4221697      0.1134338     -0.1989126     -0.2954006     -0.7668000     -0.2966737     -0.1400843     -0.1670322      0.1479635    
 1938   1.012404     -0.1682654      0.6069745      0.7181025     -0.9856483      0.5262336     -0.1830969     -0.1295414      0.2621498      0.2348700      0.4387435      0.7423839    
 1939   2.248152       1.279987       1.173437      0.9234066      0.9080456     -0.4711161     -0.5879173     -0.7892245     -0.7330084     -0.8642551      0.3008166     -0.3244771    
 1940  -1.646916     -0.6068172     -0.6766320      0.6224613      0.7987833       1.899541     -0.5955077     -0.6644097     -0.8708609     -0.8802911     -0.9404182      0.1741076    
 1941  0.3256129E-01 -0.2103681     -0.4099188      0.4806804E-01 -0.1471596     -0.3918571     -0.4159727      0.4138641     -0.4441537     -0.3513765      0.2398710      0.3924951    
 1942 -0.5413828     -0.9136876     -0.4791270     -0.8406372     -0.1259651      0.6252336      0.5689116      -1.542703     -0.5107098     -0.1815777     -0.1622601      0.1836175    
 1943  0.5095167       1.069402      0.4505711       1.159401       1.233381       1.010525      0.3491765      0.6813297      0.9836227      0.8584930      0.1876116      0.5930299    
 1944 -0.3974018     -0.3503466      0.1028566      0.6642436E-01  0.9316921E-01  -2.083229      -1.114537      0.4982100      0.9508010      0.1270924     -0.8513317     -0.5943432    
 1945  -1.010299     -0.6464625     -0.8310755     -0.7936134     -0.3956652     -0.1497889     -0.3186093     -0.1445818      0.2726211      0.2715111      -1.047890     -0.4640578E-01
 1946 -0.6745262      -1.489898     -0.7676840     -0.3099546     -0.2030811      -1.014012     -0.1374235      0.1508103     -0.1961889      0.1327629      0.1083097     -0.1707545    
 1947  0.1819009      0.3622885       1.119195      0.2254115      0.3379698     -0.2233171       1.046920      0.6840764     -0.2275973      0.4546938      0.8570938      0.1226864    
 1948 -0.2588597      -1.958421      -1.144017     -0.8886253     -0.9804869     -0.3252268      0.4810581     -0.5849991     -0.5122977     -0.3331518      0.1184464E-01 -0.6308812    
 1949 -0.4816102      -1.585239     -0.1574679      -1.638339     -0.2633571E-01 -0.2674026     -0.2130203      0.3469649      0.2168655E-01 -0.7145404      -1.097900     -0.4151345E-02
 1950 -0.4194660      -1.754331     -0.9969893     -0.8851290     -0.4758569     -0.7085810     -0.7012281      -1.079415     -0.2742777      0.6107712E-01  0.4029379       3.232786    
 1951   2.991146       1.328422       2.978385       1.424166      0.5384445       1.801185       1.232079       1.728719       1.662552      0.3494997      0.2358970     -0.4318170    
 1952 -0.7701043     -0.3612528     -0.3738156     -0.9249088      0.6097098      0.1877117      0.4059991       1.506165       1.087378       1.214052       1.445108      0.4667443    
 1953   1.849150       1.182501      0.9832506      0.7785646      0.5402440      0.8041964      0.6410952     -0.3292322      0.1500577      0.3864412       1.089189     -0.9797660    
 1954 -0.5138139      0.2786036     -0.7566290      0.2649594E-01   1.064043     -0.8171082E-02   1.073513      0.1174965      0.5534649E-01  0.8663979       1.825461       1.837489    
 1955  0.3392830      0.3701163      0.2112636     -0.1500978     -0.3490620      0.2620955      0.4556779      0.9200249       1.057840     -0.7185172E-01 -0.2059737     -0.4723462    
 1956  -1.257903     -0.6575488      0.7952272      0.8511972       1.754691       2.048150       1.737053       1.524857       1.492209       2.061224      0.7014683      -1.230011    
 1957  -2.320026      -2.494717      -1.645229      -1.088693      -1.357467     -0.3272724E-01 -0.4321260     -0.6688643      0.3590812     -0.2801114     -0.7035513      -1.212999    
 1958  -2.334650      -2.317314      -1.441349     -0.9777688      -1.318705      -1.689297     -0.9961739     -0.2953434E-01 -0.2399883      0.4347897      0.7637329      0.3457660    
 1959 -0.5893107      -1.190108      -2.462070     -0.9829901      -1.107957     -0.7469673     -0.6697998     -0.4913263     -0.3682852     -0.2520618     -0.1235332     -0.1167269    
 1960  0.3888988E-01 -0.5520974     -0.7636356E-01 -0.4094782     -0.5561371     -0.4169513     -0.2583217      0.6967449E-01  0.4318314     -0.5883121E-01 -0.6146622      0.1331434    
 1961   1.884189       1.663059       2.223120       2.248534       1.488976       1.538206      0.7738266      0.6723318      0.5214873       1.082743       1.093297      0.7022124    
 1962   1.468615      0.8337507      0.7638159     -0.8787918E-01 -0.5891963     -0.6576290     -0.6027946     -0.7357950     -0.2182532       1.045049      0.7272836      0.3104152    
 1963 -0.9611292      0.1049338     -0.2909231      0.1772919     -0.7666456      0.2141275      0.2520819     -0.3472795      -1.009174      -1.813318      -2.652442      -3.175812    
 1964  -3.358683      -2.857164      -1.838325      -1.158025      -1.478156     -0.9347363      -1.104504     -0.8885708     -0.5384130     -0.7383184     -0.1279707     -0.7849159    
 1965  -2.209293      -1.961721      -1.423259      -1.635429     -0.8907394      -1.418427     -0.6648960      0.2246532      0.3575220      0.7402782       1.412905       1.643075    
 1966   1.439589       1.588134       1.186532      0.8359709      0.1301279      0.6677628E-02  0.8290588      0.2047062      0.2190427     -0.7895136     -0.9037142      -1.565380    
 1967  -1.423923     -0.7876595     -0.6344661     -0.4584561     -0.5334092     -0.1994820     -0.2572289     -0.4199380      0.5927754E-01  0.5282878E-01  0.9416199E-01 -0.2021970    
 1968  0.2559729       2.393258       2.507371       2.030571       2.009193       1.915907       1.582343       1.860315       2.137615       1.909484      0.2998723       1.016270    
 1969   1.043306       1.658916     -0.3271923      0.2830981E-01   1.117204      0.6138182      0.6396075     -0.2197953     -0.6750498     -0.4519559E-01  0.2288819E-04 -0.6089802    
 1970  -1.033670     -0.3498402      -2.205300      -1.160033      -1.337216     -0.1436806E-01 -0.7796173     -0.2891379      0.1671409      0.5506325E-01   1.356503       1.958823    
 1971   1.344729      0.1184778      0.2902651       1.974080       1.569515       1.476588      0.6969366      0.6159925      0.1225319      0.4809580     -0.1031771     -0.6311530    
 1972 -0.7939825     -0.6427604     -0.5606232      0.3770313      0.6724548      0.9423465      0.9607744       1.127970       1.070964     -0.2022028      -1.616781      -1.380149    
 1973 -0.5854998      0.3129529      0.5488815      0.5855455       1.029156      0.5388478      0.6236629      0.5196762      0.5927525       1.004053       1.507867       1.807758    
 1974   2.982911       3.186276       2.352510       2.116671       1.757103       1.517673      0.6395331       1.295986      0.5502090       1.359584       2.089403       1.425216    
 1975  0.2894811     -0.2064256     -0.9394342     -0.2351046     -0.7487955      0.3573417E-02 -0.7079314E-01  0.4452037E-01 -0.1425362E-01  0.3189897       1.898002       2.175287    
 1976   2.058146       2.451831       2.881365      0.8469372      0.1199141     -0.1601201     -0.3654242     -0.2722349     -0.5787650      0.1818867      0.7424498     -0.2053156    
 1977  0.2885827     -0.5562400      0.4231653      0.3120832      0.1568585      0.4440308     -0.3435374     -0.5324993     -0.2233830     -0.2074671      0.5993842E-02 -0.5623770    
 1978  -1.222984     -0.7936134     -0.6363001     -0.9557648     -0.1230869       1.163269      0.8186930       1.676145       1.712605       1.401177       1.734715      0.7608031    
 1979  0.1925354     -0.6864738E-01  0.1984949      0.9522372      0.7121888      0.6897927      0.1835775      0.4948339      0.9276696     -0.1160717     -0.5223828      -1.368207    
 1980 -0.7518052     -0.6014470     -0.6483879      0.3471509      0.9357491      0.2867889      0.9898710      0.4821311      0.5859718       1.654933       1.887849       2.257098    
 1981   3.697241       3.766236       2.571064       1.684674      0.1597881E-01  0.3122577     -0.4071236     -0.1058092     -0.4264985     -0.1992188      0.8961983       1.215440    
 1982   1.883397       2.291780       2.908893       1.715916      0.8998089       1.660712       2.192467       1.356377       1.119507      0.8049002     -0.7422666     -0.5264654    
 1983  -1.723458     -0.4952316      0.3490505      0.1527500      0.2465744      0.7577735       1.228269      0.5020494     -0.2063598     -0.6196061     -0.2480163      0.3782588    
 1984 -0.4486398     -0.6303691     -0.3602829      -1.124362      0.9393311E-01 -0.1907530     -0.4544763     -0.3108015     -0.7959023     -0.4855958     -0.4038392       1.064298    
 1985  0.2907228     -0.6566162     -0.5089331      0.3206006      0.2081909      0.2596665E-01 -0.2669936      0.3313350      0.4275255      0.8387090      0.7512531     -0.2461480    
 1986  0.2189655      0.3211098       1.722090       1.179651      0.8654737      0.1896773     -0.7512761E-01  0.1273642      0.6118326      0.6949025     -0.4425058      0.9207343E-01
 1987  0.3685912      0.5312919      0.4176179      0.3599597       1.202373     -0.3917884E-01  0.3051081      0.7488614      0.2396222      0.1237192      0.6158781       1.229959    
 1988   1.374673     -0.3348513      -1.488267     -0.8860904      0.4244899      0.3480149E-01 -0.2874241     -0.9010361      -1.355375     -0.9365102      0.1139317      0.6520213    
 1989  0.9345275     -0.3549985     -0.6943503     -0.3421269     -0.7410908E-01  0.4719028      0.8431433      0.4599924     -0.4115010E-01  0.2290020     -0.8841705E-01  0.9910868E-01
 1990  0.7340670     -0.6151113     -0.6844198      0.6935120E-01  0.2101994      0.9603167      0.8288383E-02  0.3890991      0.7445355      0.5609237      0.4682637     -0.2411070    
 1991  0.8459042      0.9054395       1.232534      0.3752317      0.4326324     -0.4246930     -0.6242753      -1.001009     -0.5248231     -0.3624144     -0.7519569      -1.842747    
 1992 -0.9060345     -0.1593675     -0.3743104     -0.9396971      0.5668687      0.4128027      0.2423286E-01  0.9750366E-02  0.4251250       1.173088       1.509098       2.335593    
 1993   1.434205      0.8936319      0.2079448      0.7906408       1.553673       1.270351      0.2648191      0.6645927      0.6907082E-01  0.7889842E-01 -0.2260437      0.7883577    
 1994  0.3997479      0.5536280      0.5112361E-01 -0.2824315     -0.5198966     -0.5790424     -0.5978107E-01 -0.1364079     -0.7394886     -0.8265923      -1.105236     -0.7718982    
 1995  -1.116755     -0.2985221      -1.025714     -0.7867899     -0.4384461     -0.3392887E-01  0.6906079     -0.1752606      0.3083811      0.7456799      0.4091492     -0.2916126    
 1996  0.7103949     -0.6886138     -0.3517771     -0.3858232     -0.1061525     -0.1917716     -0.5168610     -0.5276985     -0.3541403     -0.5723276     -0.2185850     -0.6820764    
 1997  0.3442326       2.140569       1.975261      0.5210437      0.5368853      0.7267227      0.2210484      0.1939344     -0.1115141      -1.251303      -2.241159      -2.317364    
 1998 -0.8452406     -0.8530427      -1.956733      -1.479549      -1.129420     -0.5231810     -0.3626919     -0.6136951     -0.3891505      0.3029823E-01  0.3871450       1.645266    
 1999   1.927359       2.197701       1.507246      0.4776048      0.2955064      0.2363577     -0.6959152E-01  0.1983747     -0.3246202     -0.7975501     -0.5678616     -0.2023315    
 2000  -1.557501     -0.2329874       1.257211       1.628211       1.057531      0.3734751     -0.1024275     -0.2962045     -0.6255483     -0.3615933     -0.2030782      0.9458427    
 2001  0.2942962       1.493634       2.288942      0.7750853      0.5476369     -0.4167596      -1.523214     -0.6731701      0.5518054E-01  0.1280079     -0.1986093     -0.7696780    
 2002 -0.9462346     -0.5675410E-01 -0.1130247      -1.114088      -1.249031      -1.163051     -0.4645585     -0.4092894     -0.1232271      0.2428437E-01 -0.6887340E-01 -0.9941969    
 2003  -1.189505     -0.4287243      0.7042693E-01 -0.5118942E-01  0.2828121     -0.1543035     -0.8881245     -0.9918278     -0.5359068     -0.9084035E-01  0.7113933E-01  0.9792479    
 2004  0.2893896      0.1624260      0.6305867       1.598811      0.3098603     -0.3495569      0.7089902E-01  0.3837747      0.8332616      0.6365405      0.9078999      0.2447148    
 2005  0.6080046      0.6023626     -0.2256288     -0.5212613     -0.4630765     -0.3217449     -0.2787380     -0.4415990     -0.2864742      0.5961141     -0.1193047E-02  0.6616517    
 2006   1.410490       2.355489       1.912576       1.404742      0.6395587      0.4630222     -0.1436234E-01  0.1447506     -0.8140755E-01 -0.4009524      0.5564031       1.922313    
 2007   1.402960       1.520556       1.420172       1.294610       1.011932     -0.4091835E-01  0.4790038     -0.9898281E-01 -0.1311808     -0.1915197      0.3349286      0.2138129    
 2008   1.087272      0.2619523      0.6887569      0.3007278      0.1462383     -0.5358725     -0.7806646     -0.7038575      0.1061068      0.2931891      0.4139643      0.6937093    
 2009 -0.8639574     -0.8410578     -0.5083352      0.2091408E-01 -0.1996164     -0.5657673E-01 -0.1460752     -0.2743348      0.3232041      0.7312488E-01 -0.7019234E-01  0.3583975    
 2010 -0.3414487     -0.7113361     -0.9435569     -0.4097500      0.8156004       1.449020      0.8237170     -0.5429935E-01 -0.1229610      0.8290386E-01  0.8904535       2.188097    
 2011   1.693539       1.321449       1.528398       1.698409       1.011618      0.7075968      0.2858334     -0.2775135     -0.5451336     -0.9545287     -0.2199526      -1.248013    
 2012 -0.7873994     -0.8036641     -0.9331799     -0.4116555      0.3570556E-01 -0.5297843      0.2897472      0.4811095      0.3560542E-01  0.9823324E-01  -1.169123      -1.856157    
 2013 -0.8746864      -1.217196     -0.2192975     -0.4432154      0.9183312E-01 -0.3056231     -0.3494911     -0.9280472     -0.1221199     -0.7568121      -1.207028      -1.399555    
 2014  -1.364857     -0.5185890       1.406610     -0.3869505      0.2302522     -0.6424770     -0.6466284      -1.205235      -1.363340     -0.8223640     -0.7510099       1.403987    
 2015 -0.1017494     -0.2356281     -0.8331270      0.2139216      0.2715798      0.7656097E-01 -0.1350975     -0.3180027E-01 -0.3097687     -0.1432657     -0.4663123     -0.1627035    
 2016 -0.6190968E-01  -999.9000      -999.9000      -999.9000      -999.9000      -999.9000      -999.9000      -999.9000      -999.9000      -999.9000      -999.9000      -999.9000    
