# <a href="http://www.nodc.noaa.gov/OC5/3M%5fHEAT%5fCONTENT/basin%5fdata.html">NODC</a> upper ocean heat content of the Pacific
# HC [10^22 J] heat content 0-700m
 1955 -0.8710000     -0.8710000     -0.8710000      0.7000000      0.7000000      0.7000000      -1.814000      -1.814000      -1.814000      -5.522000      -5.522000      -5.522000    
 1956  -1.239000      -1.239000      -1.239000      -1.718000      -1.718000      -1.718000      -1.586000      -1.586000      -1.586000      0.6740000      0.6740000      0.6740000    
 1957  -2.216000      -2.216000      -2.216000      0.1800000E-01  0.1800000E-01  0.1800000E-01  -2.151000      -2.151000      -2.151000      -2.023000      -2.023000      -2.023000    
 1958  0.1700000      0.1700000      0.1700000      -1.457000      -1.457000      -1.457000      0.5410000      0.5410000      0.5410000      -1.791000      -1.791000      -1.791000    
 1959 -0.4660000     -0.4660000     -0.4660000       1.212000       1.212000       1.212000      0.3090000      0.3090000      0.3090000      0.2080000      0.2080000      0.2080000    
 1960 -0.3710000     -0.3710000     -0.3710000     -0.5710000     -0.5710000     -0.5710000     -0.2260000     -0.2260000     -0.2260000     -0.2600000E-01 -0.2600000E-01 -0.2600000E-01
 1961  -1.072000      -1.072000      -1.072000      -1.258000      -1.258000      -1.258000     -0.3220000     -0.3220000     -0.3220000     -0.7800000     -0.7800000     -0.7800000    
 1962 -0.4660000     -0.4660000     -0.4660000      -1.256000      -1.256000      -1.256000       2.133000       2.133000       2.133000       1.047000       1.047000       1.047000    
 1963  0.6100000E-01  0.6100000E-01  0.6100000E-01  0.1890000      0.1890000      0.1890000      0.1370000      0.1370000      0.1370000     -0.1130000     -0.1130000     -0.1130000    
 1964  0.8000000E-01  0.8000000E-01  0.8000000E-01 -0.7920000     -0.7920000     -0.7920000      -1.639000      -1.639000      -1.639000      -2.694000      -2.694000      -2.694000    
 1965  -1.392000      -1.392000      -1.392000     -0.1780000     -0.1780000     -0.1780000     -0.6420000     -0.6420000     -0.6420000      0.6690000      0.6690000      0.6690000    
 1966  -2.611000      -2.611000      -2.611000      -2.120000      -2.120000      -2.120000      -1.694000      -1.694000      -1.694000      -2.862000      -2.862000      -2.862000    
 1967  -1.527000      -1.527000      -1.527000      -1.125000      -1.125000      -1.125000      -1.118000      -1.118000      -1.118000      -1.629000      -1.629000      -1.629000    
 1968  -3.535000      -3.535000      -3.535000      -2.265000      -2.265000      -2.265000      -1.214000      -1.214000      -1.214000      -1.776000      -1.776000      -1.776000    
 1969 -0.7750000     -0.7750000     -0.7750000      -2.090000      -2.090000      -2.090000      -1.192000      -1.192000      -1.192000      -3.421000      -3.421000      -3.421000    
 1970  -3.063000      -3.063000      -3.063000      -3.596000      -3.596000      -3.596000      -1.302000      -1.302000      -1.302000      -1.252000      -1.252000      -1.252000    
 1971  -2.240000      -2.240000      -2.240000      -1.575000      -1.575000      -1.575000      -1.289000      -1.289000      -1.289000      0.4160000      0.4160000      0.4160000    
 1972  -1.754000      -1.754000      -1.754000      0.1520000      0.1520000      0.1520000      -2.501000      -2.501000      -2.501000      -3.859000      -3.859000      -3.859000    
 1973  -4.449000      -4.449000      -4.449000      -1.815000      -1.815000      -1.815000      -1.054000      -1.054000      -1.054000      0.1900000E-01  0.1900000E-01  0.1900000E-01
 1974  -1.846000      -1.846000      -1.846000     -0.3150000     -0.3150000     -0.3150000     -0.6470000     -0.6470000     -0.6470000      0.1410000      0.1410000      0.1410000    
 1975 -0.6040000     -0.6040000     -0.6040000     -0.9590000     -0.9590000     -0.9590000     -0.6700000E-01 -0.6700000E-01 -0.6700000E-01  0.1950000      0.1950000      0.1950000    
 1976  0.6530000      0.6530000      0.6530000     -0.3510000     -0.3510000     -0.3510000      -1.353000      -1.353000      -1.353000     -0.9600000     -0.9600000     -0.9600000    
 1977   2.568000       2.568000       2.568000      0.5100000      0.5100000      0.5100000     -0.4690000     -0.4690000     -0.4690000     -0.5460000     -0.5460000     -0.5460000    
 1978 -0.3420000     -0.3420000     -0.3420000      0.1010000      0.1010000      0.1010000      0.5660000      0.5660000      0.5660000       1.126000       1.126000       1.126000    
 1979 -0.3550000     -0.3550000     -0.3550000      0.3360000      0.3360000      0.3360000      -1.132000      -1.132000      -1.132000      0.6760000      0.6760000      0.6760000    
 1980  0.2370000      0.2370000      0.2370000      0.4490000      0.4490000      0.4490000      0.7400000      0.7400000      0.7400000       1.318000       1.318000       1.318000    
 1981  0.7240000      0.7240000      0.7240000      0.6630000      0.6630000      0.6630000     -0.5600000E-01 -0.5600000E-01 -0.5600000E-01  0.4130000      0.4130000      0.4130000    
 1982 -0.3080000     -0.3080000     -0.3080000      -1.314000      -1.314000      -1.314000      -3.381000      -3.381000      -3.381000      -1.459000      -1.459000      -1.459000    
 1983  -3.939000      -3.939000      -3.939000      -1.349000      -1.349000      -1.349000      -4.332000      -4.332000      -4.332000      -2.312000      -2.312000      -2.312000    
 1984 -0.6900000E-01 -0.6900000E-01 -0.6900000E-01 -0.7440000     -0.7440000     -0.7440000     -0.9850000     -0.9850000     -0.9850000     -0.6280000     -0.6280000     -0.6280000    
 1985  0.2270000      0.2270000      0.2270000     -0.9600000E-01 -0.9600000E-01 -0.9600000E-01  0.1670000      0.1670000      0.1670000      -2.520000      -2.520000      -2.520000    
 1986 -0.9940000     -0.9940000     -0.9940000      0.3390000      0.3390000      0.3390000      -1.379000      -1.379000      -1.379000      -1.986000      -1.986000      -1.986000    
 1987  -1.674000      -1.674000      -1.674000      -1.058000      -1.058000      -1.058000      -2.652000      -2.652000      -2.652000      -1.909000      -1.909000      -1.909000    
 1988 -0.2850000     -0.2850000     -0.2850000      0.5520000      0.5520000      0.5520000       1.065000       1.065000       1.065000       1.182000       1.182000       1.182000    
 1989  0.2990000      0.2990000      0.2990000      0.7280000      0.7280000      0.7280000     -0.1980000     -0.1980000     -0.1980000     -0.5590000     -0.5590000     -0.5590000    
 1990 -0.3490000     -0.3490000     -0.3490000     -0.1270000     -0.1270000     -0.1270000     -0.6690000     -0.6690000     -0.6690000      0.3790000      0.3790000      0.3790000    
 1991  0.3230000      0.3230000      0.3230000      0.2010000      0.2010000      0.2010000       1.837000       1.837000       1.837000       1.091000       1.091000       1.091000    
 1992  0.7300000      0.7300000      0.7300000     -0.1350000     -0.1350000     -0.1350000      0.2320000      0.2320000      0.2320000     -0.1070000     -0.1070000     -0.1070000    
 1993  0.6010000      0.6010000      0.6010000      0.4020000      0.4020000      0.4020000     -0.2390000     -0.2390000     -0.2390000     -0.2310000     -0.2310000     -0.2310000    
 1994   1.501000       1.501000       1.501000     -0.9200000E-01 -0.9200000E-01 -0.9200000E-01   1.330000       1.330000       1.330000      0.2070000      0.2070000      0.2070000    
 1995 -0.2610000     -0.2610000     -0.2610000     -0.1410000     -0.1410000     -0.1410000     -0.7460000     -0.7460000     -0.7460000       1.353000       1.353000       1.353000    
 1996   2.832000       2.832000       2.832000       3.427000       3.427000       3.427000       2.352000       2.352000       2.352000       2.571000       2.571000       2.571000    
 1997   3.055000       3.055000       3.055000      0.9290000      0.9290000      0.9290000       2.715000       2.715000       2.715000      0.9420000      0.9420000      0.9420000    
 1998 -0.7600000E-01 -0.7600000E-01 -0.7600000E-01   1.927000       1.927000       1.927000       1.081000       1.081000       1.081000       1.151000       1.151000       1.151000    
 1999   2.540000       2.540000       2.540000      0.6050000      0.6050000      0.6050000       1.867000       1.867000       1.867000       3.966000       3.966000       3.966000    
 2000   2.509000       2.509000       2.509000       1.386000       1.386000       1.386000       2.680000       2.680000       2.680000       2.847000       2.847000       2.847000    
 2001   1.522000       1.522000       1.522000       2.888000       2.888000       2.888000       1.296000       1.296000       1.296000       2.308000       2.308000       2.308000    
 2002   2.231000       2.231000       2.231000       2.255000       2.255000       2.255000       2.696000       2.696000       2.696000       2.882000       2.882000       2.882000    
 2003   3.449000       3.449000       3.449000       4.314000       4.314000       4.314000       4.873000       4.873000       4.873000       4.680000       4.680000       4.680000    
 2004   4.510000       4.510000       4.510000       4.128000       4.128000       4.128000       4.472000       4.472000       4.472000       3.905000       3.905000       3.905000    
 2005   2.920000       2.920000       2.920000       3.197000       3.197000       3.197000       3.215000       3.215000       3.215000       3.291000       3.291000       3.291000    
 2006   4.854000       4.854000       4.854000       4.114000       4.114000       4.114000       4.418000       4.418000       4.418000       4.023000       4.023000       4.023000    
 2007   3.428000       3.428000       3.428000       2.732000       2.732000       2.732000       3.064000       3.064000       3.064000       2.933000       2.933000       2.933000    
 2008   4.330000       4.330000       4.330000       3.457000       3.457000       3.457000       3.638000       3.638000       3.638000       3.769000       3.769000       3.769000    
 2009   4.586000       4.586000       4.586000       3.515000       3.515000       3.515000       4.080000       4.080000       4.080000       3.374000       3.374000       3.374000    
 2010   3.870000       3.870000       3.870000       2.466000       2.466000       2.466000       2.242000       2.242000       2.242000       2.007000       2.007000       2.007000    
 2011   2.730000       2.730000       2.730000       1.845000       1.845000       1.845000       3.280000       3.280000       3.280000       3.505000       3.505000       3.505000    
 2012   4.804000       4.804000       4.804000       2.975000       2.975000       2.975000       3.306000       3.306000       3.306000       2.858000       2.858000       2.858000    
 2013   3.997000       3.997000       3.997000       3.770000       3.770000       3.770000       3.570000       3.570000       3.570000       3.828000       3.828000       3.828000    
 2014   5.059000       5.059000       5.059000       4.330000       4.330000       4.330000       3.976000       3.976000       3.976000       4.277000       4.277000       4.277000    
 2015   6.011000       6.011000       6.011000       5.357000       5.357000       5.357000       5.189000       5.189000       5.189000       3.913000       3.913000       3.913000    
