# seio [Celsius] East Indian Ocean SST anomalies
# from <a href=http://www.jamstec.go.jp/frcgc/research/d1/iod/e/iod/about_iod.html>JAMSTEC</a>
1870 1 -0.293059
1870 2 -0.419023
1870 3 0.0181521
1870 4 0.119398
1870 5 -0.30098
1870 6 -0.373917
1870 7 -0.293737
1870 8 -0.0700036
1870 9 -0.240555
1870 10 -0.207693
1870 11 -0.13796
1870 12 -0.19319
1871 1 -0.0866769
1871 2 -0.115412
1871 3 -0.173689
1871 4 -0.180072
1871 5 -0.265353
1871 6 -0.355031
1871 7 -0.225294
1871 8 -0.20923
1871 9 -0.358939
1871 10 -0.454235
1871 11 -0.151671
1871 12 -0.234395
1872 1 -0.178852
1872 2 -0.068722
1872 3 -0.116265
1872 4 -0.190936
1872 5 -0.0162775
1872 6 0.032076
1872 7 -0.0783491
1872 8 -0.16098
1872 9 -0.117651
1872 10 -0.0813473
1872 11 0.109744
1872 12 -0.161729
1873 1 -0.0954725
1873 2 -0.471902
1873 3 -0.589089
1873 4 -0.309753
1873 5 -0.502936
1873 6 -0.56055
1873 7 -0.53
1873 8 -0.529679
1873 9 -0.215703
1873 10 -0.357823
1873 11 -0.28168
1873 12 -0.377466
1874 1 -0.14079
1874 2 -0.284598
1874 3 -0.193075
1874 4 -0.408871
1874 5 -0.373018
1874 6 -0.313345
1874 7 -0.0403407
1874 8 -0.419511
1874 9 -0.430741
1874 10 -0.755476
1874 11 -0.6928
1874 12 -0.612305
1875 1 -0.319339
1875 2 -0.278174
1875 3 -0.262486
1875 4 -0.27439
1875 5 -0.0719865
1875 6 -0.284204
1875 7 -0.555631
1875 8 -0.35197
1875 9 -0.337877
1875 10 -0.279293
1875 11 -0.28821
1875 12 -0.507769
1876 1 -0.526576
1876 2 -0.522938
1876 3 -0.287073
1876 4 -0.334495
1876 5 -0.35468
1876 6 -0.6234
1876 7 -0.475161
1876 8 -0.347284
1876 9 -0.361765
1876 10 -0.412264
1876 11 -0.54963
1876 12 -0.481624
1877 1 -0.399243
1877 2 0.0694995
1877 3 0.0345563
1877 4 -0.277777
1877 5 -0.44051
1877 6 -0.123223
1877 7 0.0264509
1877 8 0.172922
1877 9 0.488286
1877 10 0.421534
1877 11 0.392405
1877 12 0.417778
1878 1 0.464548
1878 2 0.636809
1878 3 0.624737
1878 4 0.56293
1878 5 0.37296
1878 6 0.373301
1878 7 0.345607
1878 8 0.26352
1878 9 0.058886
1878 10 0.0135237
1878 11 -0.186422
1878 12 -0.0922103
1879 1 -0.0812251
1879 2 -0.197585
1879 3 -0.160494
1879 4 -0.343204
1879 5 -0.276571
1879 6 -0.124751
1879 7 -0.0859985
1879 8 -0.367105
1879 9 -0.301628
1879 10 -0.522533
1879 11 -0.701118
1879 12 -0.663142
1880 1 -0.633915
1880 2 -0.287789
1880 3 -0.230331
1880 4 -0.0540853
1880 5 -0.305556
1880 6 -0.48152
1880 7 -0.281024
1880 8 -0.080849
1880 9 -0.211571
1880 10 -0.345489
1880 11 -0.157302
1880 12 -0.169605
1881 1 -0.298519
1881 2 -0.306135
1881 3 0.0357126
1881 4 0.056968
1881 5 0.257459
1881 6 0.197278
1881 7 0.29642
1881 8 0.281192
1881 9 0.107146
1881 10 -0.0240573
1881 11 -0.151959
1881 12 -0.186753
1882 1 -0.117714
1882 2 -0.117546
1882 3 -0.0247284
1882 4 0.0498126
1882 5 -0.0366991
1882 6 -0.218279
1882 7 -0.166866
1882 8 -0.196416
1882 9 -0.203088
1882 10 -0.175112
1882 11 -0.366831
1882 12 -0.53196
1883 1 -0.184775
1883 2 -0.0530938
1883 3 -0.267132
1883 4 -0.247866
1883 5 -0.210488
1883 6 0.182891
1883 7 0.0407523
1883 8 -0.16169
1883 9 -0.336636
1883 10 -0.352244
1883 11 -0.363302
1883 12 -0.554324
1884 1 -0.595109
1884 2 -0.336577
1884 3 -0.266371
1884 4 -0.0304608
1884 5 0.133321
1884 6 -0.262672
1884 7 0.107723
1884 8 0.0846813
1884 9 0.0642838
1884 10 -0.0257204
1884 11 -0.236739
1884 12 -0.198198
1885 1 -0.213956
1885 2 -0.268154
1885 3 -0.215525
1885 4 -0.227357
1885 5 -0.244222
1885 6 -0.430023
1885 7 -0.434563
1885 8 -0.30807
1885 9 -0.170931
1885 10 -0.158685
1885 11 -0.199126
1885 12 -0.155975
1886 1 -0.158642
1886 2 -0.346849
1886 3 0.0359892
1886 4 0.125585
1886 5 -0.15267
1886 6 -0.324906
1886 7 -0.492699
1886 8 -0.425798
1886 9 -0.516214
1886 10 -0.600689
1886 11 -0.528502
1886 12 -0.716147
1887 1 -0.450063
1887 2 -0.411728
1887 3 -0.328579
1887 4 -0.47312
1887 5 -0.513137
1887 6 -0.447517
1887 7 -0.267724
1887 8 -0.139561
1887 9 -0.562721
1887 10 -0.415474
1887 11 -0.343752
1887 12 -0.476948
1888 1 -0.641189
1888 2 -0.48656
1888 3 -0.505069
1888 4 -0.498725
1888 5 -0.188993
1888 6 -0.32597
1888 7 -0.314744
1888 8 -0.0541037
1888 9 -0.249261
1888 10 0.0326674
1888 11 -0.115376
1888 12 -0.0982213
1889 1 -0.13911
1889 2 0.082146
1889 3 -0.0512686
1889 4 -0.266955
1889 5 -0.0997165
1889 6 -0.268359
1889 7 -0.150667
1889 8 -0.233072
1889 9 -0.355245
1889 10 -0.659973
1889 11 -0.662765
1889 12 -0.527169
1890 1 -0.496714
1890 2 -0.426923
1890 3 -0.234686
1890 4 -0.39619
1890 5 -0.594396
1890 6 -0.844234
1890 7 -0.915143
1890 8 -0.90747
1890 9 -1.02456
1890 10 -0.943421
1890 11 -0.944811
1890 12 -0.655219
1891 1 -0.48128
1891 2 -0.456396
1891 3 -0.389701
1891 4 -0.23007
1891 5 -0.339319
1891 6 -0.223587
1891 7 -0.47779
1891 8 -0.32809
1891 9 -0.270181
1891 10 -0.257388
1891 11 -0.266436
1891 12 -0.106324
1892 1 -0.14551
1892 2 0.00276088
1892 3 -0.159304
1892 4 -0.220563
1892 5 -0.0612163
1892 6 -0.0847735
1892 7 -0.506765
1892 8 -0.660136
1892 9 -0.550856
1892 10 -0.730251
1892 11 -0.683956
1892 12 -0.795415
1893 1 -0.744217
1893 2 -0.724965
1893 3 -0.348014
1893 4 -0.527459
1893 5 -0.542118
1893 6 -0.544099
1893 7 -0.350467
1893 8 -0.481315
1893 9 -0.425951
1893 10 -0.506759
1893 11 -0.540074
1893 12 -0.464853
1894 1 -0.38684
1894 2 -0.337151
1894 3 -0.363547
1894 4 -0.324988
1894 5 -0.44479
1894 6 -0.446518
1894 7 -0.428118
1894 8 -0.363133
1894 9 -0.507943
1894 10 -0.472899
1894 11 -0.491707
1894 12 -0.386555
1895 1 -0.39789
1895 2 -0.25407
1895 3 -0.25151
1895 4 -0.317753
1895 5 -0.317327
1895 6 -0.244943
1895 7 -0.384257
1895 8 -0.0696384
1895 9 -0.138386
1895 10 -0.0853078
1895 11 -0.175052
1895 12 -0.249539
1896 1 -0.102994
1896 2 -0.210634
1896 3 -0.216475
1896 4 -0.0508721
1896 5 0.0170042
1896 6 0.0182648
1896 7 -0.00228446
1896 8 -0.100007
1896 9 -0.0253974
1896 10 0.0692912
1896 11 -0.117227
1896 12 0.179733
1897 1 0.0966602
1897 2 0.12635
1897 3 0.138254
1897 4 0.0480274
1897 5 -0.0572645
1897 6 -0.0728844
1897 7 0.197191
1897 8 0.280124
1897 9 -0.00251436
1897 10 -0.225356
1897 11 -0.486445
1897 12 -0.370548
1898 1 -0.395534
1898 2 -0.384346
1898 3 -0.524877
1898 4 -0.338911
1898 5 -0.375669
1898 6 -0.421151
1898 7 -0.382419
1898 8 -0.454249
1898 9 -0.447168
1898 10 -0.429405
1898 11 -0.543624
1898 12 -0.534983
1899 1 -0.680898
1899 2 -0.632284
1899 3 -0.548796
1899 4 -0.430907
1899 5 -0.30426
1899 6 -0.507085
1899 7 -0.462293
1899 8 -0.412991
1899 9 -0.76854
1899 10 -0.209757
1899 11 -0.328649
1899 12 -0.369888
1900 1 -0.181494
1900 2 0.0895485
1900 3 -0.119629
1900 4 0.0832101
1900 5 0.0589686
1900 6 0.0566311
1900 7 -0.0236177
1900 8 -0.162076
1900 9 -0.114376
1900 10 -0.193514
1900 11 -0.0743284
1900 12 -0.124724
1901 1 -0.0407005
1901 2 -0.482785
1901 3 -0.439502
1901 4 -0.252441
1901 5 -0.28582
1901 6 -0.471257
1901 7 -0.634472
1901 8 -0.557451
1901 9 -0.789361
1901 10 -0.488688
1901 11 -0.550614
1901 12 -0.471852
1902 1 -0.313335
1902 2 -0.253878
1902 3 -0.271983
1902 4 -0.0878826
1902 5 -0.178776
1902 6 -0.0964617
1902 7 -0.1887
1902 8 0.0125517
1902 9 -0.112454
1902 10 -0.0981649
1902 11 -0.238432
1902 12 -0.198172
1903 1 -0.272406
1903 2 -0.293493
1903 3 -0.260432
1903 4 -0.385026
1903 5 -0.258492
1903 6 -0.1512
1903 7 -0.344798
1903 8 -0.199829
1903 9 -0.371612
1903 10 -0.679554
1903 11 -0.666936
1903 12 -0.539664
1904 1 -0.664979
1904 2 -0.390452
1904 3 -0.483816
1904 4 -0.448383
1904 5 -0.453818
1904 6 -0.376401
1904 7 -0.263267
1904 8 -0.37589
1904 9 -0.467852
1904 10 -0.212622
1904 11 -0.342081
1904 12 -0.453348
1905 1 -0.450316
1905 2 -0.203553
1905 3 -0.211925
1905 4 -0.520681
1905 5 -0.299651
1905 6 -0.116927
1905 7 -0.165369
1905 8 -0.243498
1905 9 0.002712
1905 10 -0.229109
1905 11 -0.151017
1905 12 -0.10723
1906 1 -0.185689
1906 2 0.0590743
1906 3 -0.183273
1906 4 -0.365747
1906 5 -0.173609
1906 6 -0.142922
1906 7 -0.527767
1906 8 -0.483837
1906 9 -0.75139
1906 10 -0.486937
1906 11 -0.606919
1906 12 -0.512012
1907 1 -0.206007
1907 2 -0.191278
1907 3 -0.224115
1907 4 -0.191445
1907 5 -0.389313
1907 6 -0.510469
1907 7 -0.543587
1907 8 -0.804809
1907 9 -0.318191
1907 10 -0.274583
1907 11 -0.2864
1907 12 -0.181838
1908 1 -0.224604
1908 2 -0.227421
1908 3 -0.447442
1908 4 -0.537902
1908 5 -0.231883
1908 6 -0.0256649
1908 7 -0.411489
1908 8 -0.175222
1908 9 -0.29394
1908 10 -0.210465
1908 11 -0.333312
1908 12 -0.569969
1909 1 -0.521296
1909 2 -0.454228
1909 3 -0.410165
1909 4 -0.272987
1909 5 -0.541467
1909 6 -0.675325
1909 7 -0.63353
1909 8 -0.621425
1909 9 -0.453358
1909 10 -0.419083
1909 11 -0.314176
1909 12 -0.209743
1910 1 -0.321074
1910 2 -0.409521
1910 3 -0.503042
1910 4 -0.676652
1910 5 -0.558715
1910 6 -0.431974
1910 7 -0.570566
1910 8 -0.620359
1910 9 -0.633399
1910 10 -0.637861
1910 11 -0.65919
1910 12 -0.456778
1911 1 -0.152782
1911 2 -0.505293
1911 3 -0.292228
1911 4 -0.565452
1911 5 -0.309244
1911 6 -0.657237
1911 7 -0.585643
1911 8 -0.344449
1911 9 -0.396481
1911 10 -0.424404
1911 11 -0.227694
1911 12 -0.181309
1912 1 -0.165432
1912 2 -0.15886
1912 3 -0.204916
1912 4 -0.0284443
1912 5 -0.128715
1912 6 0.0117493
1912 7 -0.310587
1912 8 -0.264176
1912 9 -0.213761
1912 10 -0.236352
1912 11 -0.448293
1912 12 -0.455606
1913 1 -0.316025
1913 2 0.0247016
1913 3 -0.394265
1913 4 -0.449256
1913 5 -0.308869
1913 6 -0.221613
1913 7 -0.469171
1913 8 -0.585889
1913 9 -0.346197
1913 10 -0.218353
1913 11 -0.136099
1913 12 -0.109393
1914 1 -0.130291
1914 2 0.066599
1914 3 -0.135436
1914 4 -0.125559
1914 5 -0.0677878
1914 6 0.443666
1914 7 0.338585
1914 8 0.132335
1914 9 -0.0703223
1914 10 0.114143
1914 11 -0.0464742
1914 12 -0.292575
1915 1 -0.334923
1915 2 -0.322524
1915 3 -0.129889
1915 4 0.118564
1915 5 -0.0234953
1915 6 0.293131
1915 7 -0.0531398
1915 8 -0.0875426
1915 9 0.153631
1915 10 0.0101389
1915 11 0.0153004
1915 12 -0.0169369
1916 1 -0.302578
1916 2 -0.239087
1916 3 -0.142941
1916 4 0.0302436
1916 5 -0.174985
1916 6 -0.18088
1916 7 -0.349371
1916 8 -0.33139
1916 9 -0.467592
1916 10 -0.524088
1916 11 -0.755684
1916 12 -0.446827
1917 1 -0.417577
1917 2 -0.380522
1917 3 -0.603446
1917 4 -0.414053
1917 5 -0.541754
1917 6 -0.329091
1917 7 -0.223705
1917 8 -0.0328317
1917 9 -0.138266
1917 10 -0.53173
1917 11 -0.698745
1917 12 -0.785502
1918 1 -0.579049
1918 2 -0.641554
1918 3 -0.491409
1918 4 -0.586458
1918 5 -0.529517
1918 6 -0.350602
1918 7 -0.149119
1918 8 -0.219994
1918 9 0.0147899
1918 10 0.236198
1918 11 0.341602
1918 12 0.0687655
1919 1 0.237645
1919 2 0.151102
1919 3 -0.0498269
1919 4 -0.0819415
1919 5 0.0524162
1919 6 0.0446704
1919 7 0.017611
1919 8 -0.0592427
1919 9 0.0894109
1919 10 -0.179459
1919 11 -0.482905
1919 12 -0.416249
1920 1 -0.0375453
1920 2 -0.0879111
1920 3 0.0168933
1920 4 -0.0612796
1920 5 0.10483
1920 6 -0.229301
1920 7 -0.595508
1920 8 -0.254763
1920 9 -0.255292
1920 10 -0.348627
1920 11 -0.379246
1920 12 -0.406182
1921 1 -0.387993
1921 2 -0.339075
1921 3 -0.348553
1921 4 -0.172969
1921 5 -0.310689
1921 6 -0.341249
1921 7 -0.309272
1921 8 -0.589569
1921 9 -0.391565
1921 10 -0.120184
1921 11 -0.349415
1921 12 -0.116749
1922 1 -0.28405
1922 2 -0.131853
1922 3 -0.161279
1922 4 -0.448942
1922 5 -0.392753
1922 6 -0.089065
1922 7 -0.351285
1922 8 -0.199955
1922 9 -0.398168
1922 10 -0.211486
1922 11 -0.260848
1922 12 -0.452968
1923 1 -0.432986
1923 2 -0.480884
1923 3 -0.303138
1923 4 -0.179319
1923 5 -0.157568
1923 6 -0.153039
1923 7 -0.328205
1923 8 -0.232583
1923 9 -0.145142
1923 10 0.0970357
1923 11 0.247677
1923 12 -0.0918767
1924 1 -0.116158
1924 2 -0.0793051
1924 3 -0.00936913
1924 4 0.00196049
1924 5 -0.239793
1924 6 -0.17169
1924 7 -0.146283
1924 8 -0.259513
1924 9 -0.205922
1924 10 -0.142773
1924 11 -0.46513
1924 12 -0.392717
1925 1 -0.551983
1925 2 -0.485759
1925 3 -0.313735
1925 4 -0.0775092
1925 5 -0.222702
1925 6 -0.208695
1925 7 -0.0883067
1925 8 -0.1412
1925 9 0.133972
1925 10 0.0591549
1925 11 0.173729
1925 12 -0.0221395
1926 1 0.0948619
1926 2 -0.11023
1926 3 0.150181
1926 4 -0.00474042
1926 5 0.0837694
1926 6 0.126739
1926 7 0.207781
1926 8 0.0688388
1926 9 -0.0581342
1926 10 0.126249
1926 11 -0.236439
1926 12 -0.233338
1927 1 -0.317403
1927 2 0.187747
1927 3 -0.250182
1927 4 -0.328737
1927 5 -0.341472
1927 6 -0.225948
1927 7 -0.198558
1927 8 -0.345526
1927 9 -0.268841
1927 10 -0.217774
1927 11 -0.196953
1927 12 -0.240074
1928 1 -0.0361399
1928 2 0.0131597
1928 3 -0.115291
1928 4 -0.334964
1928 5 -0.188396
1928 6 -0.201519
1928 7 -0.331434
1928 8 -0.305406
1928 9 -0.177985
1928 10 -0.296118
1928 11 0.0393923
1928 12 -0.131521
1929 1 -0.216783
1929 2 -0.351463
1929 3 -0.273663
1929 4 -0.0843533
1929 5 -0.409896
1929 6 -0.352535
1929 7 -0.419531
1929 8 -0.386126
1929 9 -0.134233
1929 10 -0.121714
1929 11 -0.10928
1929 12 0.16403
1930 1 -0.127976
1930 2 -0.199174
1930 3 -0.016426
1930 4 0.134317
1930 5 -0.267683
1930 6 -0.246665
1930 7 -0.268658
1930 8 -0.171576
1930 9 -0.273199
1930 10 -0.00747875
1930 11 0.271558
1930 12 0.090485
1931 1 0.318153
1931 2 0.422552
1931 3 0.180799
1931 4 0.159955
1931 5 0.296885
1931 6 0.262093
1931 7 0.271757
1931 8 -0.00737614
1931 9 -0.256881
1931 10 -0.112202
1931 11 0.13102
1931 12 -0.397325
1932 1 -0.258134
1932 2 -0.438219
1932 3 -0.203587
1932 4 -0.163384
1932 5 -0.115716
1932 6 -0.183508
1932 7 -0.0866258
1932 8 -0.0965394
1932 9 -0.195435
1932 10 -0.256677
1932 11 -0.229405
1932 12 -0.160101
1933 1 0.0703483
1933 2 0.0168577
1933 3 -0.0741859
1933 4 -0.0150833
1933 5 -0.0720308
1933 6 -0.149137
1933 7 -0.0782376
1933 8 -0.187094
1933 9 -0.559856
1933 10 -0.429015
1933 11 -0.392948
1933 12 -0.348521
1934 1 -0.662848
1934 2 -0.674248
1934 3 -0.681599
1934 4 -0.386842
1934 5 -0.499842
1934 6 -0.124828
1934 7 -0.185908
1934 8 -0.00193863
1934 9 -0.101176
1934 10 -0.179478
1934 11 -0.0377362
1934 12 0.116797
1935 1 -0.00389525
1935 2 0.159945
1935 3 -0.121249
1935 4 -0.0062504
1935 5 -0.0515753
1935 6 -0.0405663
1935 7 -0.172803
1935 8 -0.150299
1935 9 -0.151915
1935 10 -0.183526
1935 11 0.00523685
1935 12 0.0261852
1936 1 0.119602
1936 2 0.0457157
1936 3 0.020139
1936 4 -0.0116203
1936 5 -0.142539
1936 6 0.0168819
1936 7 0.0415083
1936 8 0.10342
1936 9 0.254346
1936 10 -0.0903148
1936 11 0.0953
1936 12 0.164738
1937 1 0.059502
1937 2 0.318701
1937 3 0.135971
1937 4 0.00242764
1937 5 0.107735
1937 6 0.0597687
1937 7 -0.0494835
1937 8 0.0633057
1937 9 0.262651
1937 10 0.126127
1937 11 0.246158
1937 12 -0.0721725
1938 1 0.126825
1938 2 0.0897946
1938 3 0.182807
1938 4 -0.0731786
1938 5 0.149434
1938 6 0.0728426
1938 7 -0.0636278
1938 8 0.0600885
1938 9 -0.0143202
1938 10 -0.0776804
1938 11 -0.240436
1938 12 -0.199514
1939 1 -0.259875
1939 2 0.00968605
1939 3 -0.198076
1939 4 -0.218199
1939 5 -0.291358
1939 6 -0.0945907
1939 7 -0.0729281
1939 8 -0.198698
1939 9 -0.13478
1939 10 -0.137852
1939 11 0.120847
1939 12 0.073599
1940 1 0.0862139
1940 2 -0.0521701
1940 3 -0.043548
1940 4 -0.165772
1940 5 -0.153957
1940 6 0.086912
1940 7 0.127858
1940 8 -0.120064
1940 9 0.0643613
1940 10 0.178596
1940 11 0.254908
1940 12 0.228298
1941 1 0.30359
1941 2 0.243628
1941 3 0.365834
1941 4 0.415672
1941 5 0.247507
1941 6 0.26249
1941 7 0.418227
1941 8 0.405449
1941 9 0.24111
1941 10 0.368997
1941 11 0.650924
1941 12 0.536084
1942 1 0.25272
1942 2 0.0922899
1942 3 0.342436
1942 4 0.0825575
1942 5 -0.0131219
1942 6 -0.20187
1942 7 -0.262182
1942 8 -0.150825
1942 9 -0.152898
1942 10 -0.240255
1942 11 -0.26524
1942 12 -0.371346
1943 1 -0.441961
1943 2 -0.242225
1943 3 -0.332574
1943 4 -0.289973
1943 5 -0.0099418
1943 6 -0.0264597
1943 7 0.0124698
1943 8 0.0603251
1943 9 0.0143149
1943 10 -0.00340146
1943 11 0.116717
1943 12 -0.0287317
1944 1 0.0582827
1944 2 0.0719736
1944 3 0.0258332
1944 4 -0.0917144
1944 5 0.17769
1944 6 0.134926
1944 7 0.269186
1944 8 0.223069
1944 9 0.398524
1944 10 -0.0347487
1944 11 0.0657556
1944 12 0.50109
1945 1 0.456349
1945 2 0.571247
1945 3 0.0332142
1945 4 -0.297642
1945 5 -0.384825
1945 6 -0.19747
1945 7 0.216853
1945 8 0.0857875
1945 9 -0.165981
1945 10 -0.181532
1945 11 -0.134936
1945 12 0.0387587
1946 1 -0.00824063
1946 2 0.0490992
1946 3 -0.0273391
1946 4 -0.0226559
1946 5 0.107541
1946 6 -0.225754
1946 7 -0.160407
1946 8 -0.126393
1946 9 -0.119078
1946 10 0.0524158
1946 11 -0.133448
1946 12 -0.349617
1947 1 -0.0711858
1947 2 -0.10072
1947 3 -0.133343
1947 4 -0.489516
1947 5 -0.0948504
1947 6 -0.12241
1947 7 -0.423107
1947 8 -0.28476
1947 9 -0.519645
1947 10 -0.619407
1947 11 -0.425543
1947 12 -0.530464
1948 1 -0.454267
1948 2 -0.218769
1948 3 -0.0072885
1948 4 -0.102328
1948 5 -0.174601
1948 6 -0.0199865
1948 7 -0.0799143
1948 8 -0.151548
1948 9 -0.41214
1948 10 -0.0947485
1948 11 -0.339396
1948 12 -0.121004
1949 1 -0.203667
1949 2 -0.117525
1949 3 -0.26092
1949 4 -0.166512
1949 5 -0.274333
1949 6 -0.179211
1949 7 0.00743327
1949 8 -0.13996
1949 9 -0.045686
1949 10 -0.0641393
1949 11 -0.187611
1949 12 -0.251693
1950 1 -0.178303
1950 2 -0.395214
1950 3 -0.294173
1950 4 -0.428632
1950 5 -0.284101
1950 6 -0.371559
1950 7 -0.310884
1950 8 -0.35761
1950 9 -0.420138
1950 10 -0.325995
1950 11 -0.420871
1950 12 -0.385227
1951 1 -0.361466
1951 2 -0.322052
1951 3 -0.164739
1951 4 -0.527546
1951 5 -0.278397
1951 6 -0.0586047
1951 7 -0.0889942
1951 8 0.0555396
1951 9 0.258459
1951 10 0.149952
1951 11 0.200158
1951 12 0.200879
1952 1 0.0225313
1952 2 0.136065
1952 3 0.0676471
1952 4 0.110754
1952 5 0.00936013
1952 6 0.0655893
1952 7 -0.160869
1952 8 -0.211691
1952 9 -0.173214
1952 10 -0.265805
1952 11 -0.119789
1952 12 -0.0165683
1953 1 0.0883553
1953 2 0.0094158
1953 3 0.173914
1953 4 0.0647711
1953 5 0.229969
1953 6 0.0974465
1953 7 -0.113025
1953 8 -0.220954
1953 9 -0.186549
1953 10 -0.0756722
1953 11 0.140176
1953 12 0.314782
1954 1 -0.00695997
1954 2 0.03555
1954 3 -0.0137259
1954 4 0.0250439
1954 5 -0.113866
1954 6 -0.245188
1954 7 -0.628913
1954 8 -0.503969
1954 9 -0.522393
1954 10 -0.669942
1954 11 -0.392824
1954 12 -0.385836
1955 1 -0.0408821
1955 2 -0.358233
1955 3 -0.227114
1955 4 -0.255036
1955 5 -0.43045
1955 6 -0.519177
1955 7 -0.375952
1955 8 -0.181034
1955 9 -0.204393
1955 10 -0.373246
1955 11 -0.270818
1955 12 -0.201086
1956 1 -0.160054
1956 2 -0.259206
1956 3 -0.16146
1956 4 -0.158436
1956 5 -0.443821
1956 6 -0.493927
1956 7 -0.545678
1956 8 -0.367284
1956 9 -0.367865
1956 10 -0.223739
1956 11 -0.274056
1956 12 -0.12677
1957 1 -0.129823
1957 2 -0.173542
1957 3 -0.0456047
1957 4 -0.0239384
1957 5 0.238557
1957 6 -0.0898858
1957 7 -0.0815208
1957 8 0.050099
1957 9 -0.141149
1957 10 -0.126535
1957 11 0.0951941
1957 12 0.0159445
1958 1 0.259235
1958 2 0.261421
1958 3 0.0608734
1958 4 0.0577778
1958 5 -0.0284874
1958 6 -0.220004
1958 7 -0.0235459
1958 8 -0.0452816
1958 9 -0.14353
1958 10 -0.0624591
1958 11 -0.0335237
1958 12 0.116766
1959 1 0.351208
1959 2 0.26008
1959 3 0.0826195
1959 4 0.0281141
1959 5 -0.0509639
1959 6 -0.227102
1959 7 -0.278128
1959 8 -0.349866
1959 9 -0.280176
1959 10 -0.0527603
1959 11 -0.00175425
1959 12 0.0991205
1960 1 0.00301127
1960 2 0.0118268
1960 3 0.0317054
1960 4 0.00239508
1960 5 0.0249182
1960 6 -0.128206
1960 7 -0.170769
1960 8 -0.242073
1960 9 -0.0346755
1960 10 -0.236391
1960 11 -0.28774
1960 12 -0.0780583
1961 1 -0.11474
1961 2 -0.0815808
1961 3 -0.0272023
1961 4 0.00859062
1961 5 -0.171381
1961 6 -0.0350364
1961 7 0.213668
1961 8 0.210568
1961 9 0.20337
1961 10 0.2605
1961 11 0.121157
1961 12 0.222811
1962 1 0.112988
1962 2 0.0091329
1962 3 0.178609
1962 4 0.0652428
1962 5 -0.131651
1962 6 -0.240308
1962 7 -0.161937
1962 8 0.0490123
1962 9 0.0440803
1962 10 0.0200021
1962 11 0.0584294
1962 12 0.148792
1963 1 0.0618148
1963 2 0.00782528
1963 3 -0.0736345
1963 4 -0.0808632
1963 5 -0.201935
1963 6 -0.152577
1963 7 0.0826349
1963 8 0.0847561
1963 9 -0.000631012
1963 10 0.296002
1963 11 0.359782
1963 12 0.228193
1964 1 0.328696
1964 2 0.198134
1964 3 0.200276
1964 4 0.168689
1964 5 -0.246643
1964 6 -0.116522
1964 7 -0.457901
1964 8 -0.525514
1964 9 -0.489685
1964 10 -0.41803
1964 11 -0.414602
1964 12 -0.346855
1965 1 -0.374067
1965 2 -0.259209
1965 3 -0.382195
1965 4 -0.268885
1965 5 -0.444389
1965 6 -0.422047
1965 7 -0.344826
1965 8 -0.166915
1965 9 0.0116846
1965 10 0.0366224
1965 11 -0.0116958
1965 12 -0.00311061
1966 1 0.0227138
1966 2 0.343669
1966 3 0.0770757
1966 4 -0.0937466
1966 5 -0.214499
1966 6 -0.0184487
1966 7 0.0520255
1966 8 -0.00136338
1966 9 0.190733
1966 10 0.0237173
1966 11 -0.0122831
1966 12 -0.137572
1967 1 -0.442159
1967 2 -0.429187
1967 3 -0.0711413
1967 4 -0.115637
1967 5 0.0360215
1967 6 0.00766856
1967 7 -0.241288
1967 8 -0.148676
1967 9 -0.0884218
1967 10 0.194059
1967 11 0.141895
1967 12 0.0391321
1968 1 -0.0771655
1968 2 0.0270823
1968 3 -0.0511047
1968 4 0.0390248
1968 5 0.0414635
1968 6 0.285589
1968 7 -0.0524656
1968 8 0.0534717
1968 9 0.0546485
1968 10 0.0515549
1968 11 0.0380077
1968 12 0.201563
1969 1 0.408257
1969 2 0.399084
1969 3 0.573693
1969 4 0.493681
1969 5 0.392554
1969 6 -0.0678442
1969 7 0.0439875
1969 8 0.0133394
1969 9 0.18533
1969 10 0.387894
1969 11 0.343583
1969 12 0.395038
1970 1 0.655382
1970 2 0.436793
1970 3 0.457211
1970 4 0.383256
1970 5 0.327002
1970 6 0.0415605
1970 7 0.00841187
1970 8 0.0127086
1970 9 0.0471932
1970 10 -0.111012
1970 11 -0.0385457
1970 12 -0.18677
1971 1 -0.189602
1971 2 -0.516495
1971 3 -0.440418
1971 4 -0.0284864
1971 5 -0.111337
1971 6 -0.150431
1971 7 -0.149896
1971 8 -0.144145
1971 9 -0.223514
1971 10 -0.211686
1971 11 0.0180705
1971 12 0.0219063
1972 1 0.131893
1972 2 -0.0572926
1972 3 -0.198141
1972 4 0.119887
1972 5 0.290012
1972 6 0.658427
1972 7 0.657385
1972 8 0.62097
1972 9 0.69551
1972 10 0.756361
1972 11 0.812969
1972 12 0.746576
1973 1 0.741095
1973 2 0.420495
1973 3 0.425841
1973 4 0.543162
1973 5 0.56594
1973 6 0.320611
1973 7 0.379405
1973 8 0.235216
1973 9 0.264273
1973 10 0.245818
1973 11 0.113042
1973 12 -0.0854472
1974 1 -0.160804
1974 2 -0.236894
1974 3 -0.158926
1974 4 -0.192947
1974 5 -0.191459
1974 6 0.0796131
1974 7 0.195992
1974 8 0.0150594
1974 9 -0.0227035
1974 10 -0.187097
1974 11 -0.322302
1974 12 -0.0555787
1975 1 -0.178908
1975 2 -0.215984
1975 3 -0.451131
1975 4 -0.0938643
1975 5 0.118225
1975 6 0.194146
1975 7 0.416695
1975 8 0.116432
1975 9 -0.00514397
1975 10 -0.486135
1975 11 -0.320582
1975 12 -0.404167
1976 1 -0.314859
1976 2 -0.134696
1976 3 -0.230657
1976 4 -0.13597
1976 5 -0.0777377
1976 6 0.200256
1976 7 0.234584
1976 8 0.0554842
1976 9 -0.0281101
1976 10 -0.0365207
1976 11 -0.0273754
1976 12 0.0279229
1977 1 0.105114
1977 2 -0.210837
1977 3 -0.0264797
1977 4 0.176662
1977 5 0.114485
1977 6 0.354663
1977 7 0.146145
1977 8 0.0935385
1977 9 0.119154
1977 10 0.398933
1977 11 0.437767
1977 12 0.449586
1978 1 0.248524
1978 2 0.191214
1978 3 0.152045
1978 4 0.00971327
1978 5 -0.323578
1978 6 -0.222916
1978 7 0.0641794
1978 8 0.0775907
1978 9 -0.00343382
1978 10 -0.0432892
1978 11 0.0243373
1978 12 0.012722
1979 1 0.523398
1979 2 0.414074
1979 3 0.327064
1979 4 0.166941
1979 5 0.200998
1979 6 0.361718
1979 7 0.0503628
1979 8 -0.0829454
1979 9 0.107041
1979 10 0.130789
1979 11 0.11983
1979 12 0.210216
1980 1 0.138268
1980 2 0.0926481
1980 3 -0.0684539
1980 4 0.149297
1980 5 0.423464
1980 6 -0.0258783
1980 7 0.113551
1980 8 0.119724
1980 9 0.201248
1980 10 0.28819
1980 11 0.29732
1980 12 0.224373
1981 1 0.142474
1981 2 0.19226
1981 3 0.402513
1981 4 0.169648
1981 5 0.149084
1981 6 -0.00899714
1981 7 0.0781431
1981 8 0.00748949
1981 9 0.00446935
1981 10 0.152225
1981 11 0.0212931
1981 12 0.227253
1982 1 0.173918
1982 2 0.112979
1982 3 0.166271
1982 4 0.222616
1982 5 0.345536
1982 6 0.255971
1982 7 0.33855
1982 8 0.329399
1982 9 0.498418
1982 10 0.645362
1982 11 0.527027
1982 12 0.561197
1983 1 0.553576
1983 2 0.610733
1983 3 0.567352
1983 4 0.712708
1983 5 0.771855
1983 6 1.11605
1983 7 1.12743
1983 8 0.898154
1983 9 0.628198
1983 10 0.387666
1983 11 0.505507
1983 12 0.382696
1984 1 0.0532181
1984 2 -0.226598
1984 3 -0.0456144
1984 4 0.101374
1984 5 -0.167783
1984 6 -0.165338
1984 7 -0.0021295
1984 8 -0.0259276
1984 9 0.0531964
1984 10 -0.0185207
1984 11 0.0664788
1984 12 0.0484639
1985 1 0.03244
1985 2 -0.119241
1985 3 -0.124113
1985 4 0.160578
1985 5 0.0155928
1985 6 -0.32458
1985 7 0.0619257
1985 8 0.00113987
1985 9 0.172807
1985 10 0.0927023
1985 11 0.228699
1985 12 0.237858
1986 1 0.0944147
1986 2 0.187098
1986 3 0.0544038
1986 4 0.0898183
1986 5 0.345085
1986 6 0.302666
1986 7 0.207746
1986 8 0.18198
1986 9 0.353593
1986 10 0.425366
1986 11 0.501663
1986 12 0.45962
1987 1 0.479054
1987 2 0.482668
1987 3 0.562555
1987 4 0.539348
1987 5 0.925521
1987 6 0.685834
1987 7 0.799026
1987 8 0.90481
1987 9 0.954571
1987 10 0.851821
1987 11 0.769144
1987 12 0.736918
1988 1 0.948494
1988 2 0.827876
1988 3 0.727676
1988 4 0.587966
1988 5 0.312011
1988 6 0.378182
1988 7 0.549845
1988 8 0.602725
1988 9 0.506404
1988 10 0.4277
1988 11 0.375225
1988 12 0.481282
1989 1 0.118445
1989 2 0.132916
1989 3 -0.0406111
1989 4 -0.103247
1989 5 -0.00137533
1989 6 -0.0829
1989 7 0.255706
1989 8 0.304147
1989 9 0.476528
1989 10 0.442419
1989 11 0.505324
1989 12 0.438647
1990 1 0.480885
1990 2 0.720846
1990 3 0.533807
1990 4 0.385046
1990 5 0.353178
1990 6 0.10622
1990 7 0.470582
1990 8 0.455392
1990 9 0.419505
1990 10 0.461109
1990 11 0.507468
1990 12 0.711549
1991 1 0.660195
1991 2 0.467376
1991 3 0.509344
1991 4 0.728678
1991 5 0.802192
1991 6 0.72013
1991 7 0.605387
1991 8 0.311411
1991 9 0.498932
1991 10 0.461157
1991 11 0.404102
1991 12 0.474029
1992 1 0.414872
1992 2 0.34116
1992 3 0.202001
1992 4 0.247061
1992 5 0.416251
1992 6 0.401845
1992 7 0.592354
1992 8 0.25778
1992 9 0.224575
1992 10 0.183159
1992 11 0.277806
1992 12 0.309512
1993 1 0.393705
1993 2 0.394351
1993 3 0.159406
1993 4 0.239764
1993 5 0.510453
1993 6 0.45578
1993 7 0.397773
1993 8 0.345892
1993 9 0.378049
1993 10 0.272846
1993 11 0.450893
1993 12 0.320255
1994 1 0.460855
1994 2 0.230063
1994 3 0.218207
1994 4 0.358565
1994 5 0.520169
1994 6 0.263893
1994 7 0.360359
1994 8 0.384729
1994 9 0.228852
1994 10 0.630093
1994 11 0.488606
1994 12 0.533562
1995 1 0.449504
1995 2 0.545495
1995 3 0.342279
1995 4 0.385229
1995 5 0.511531
1995 6 0.547832
1995 7 0.641981
1995 8 0.531913
1995 9 0.455577
1995 10 0.473978
1995 11 0.472801
1995 12 0.476993
1996 1 0.519827
1996 2 0.477381
1996 3 0.373719
1996 4 0.252962
1996 5 0.181974
1996 6 0.20312
1996 7 0.210091
1996 8 0.113104
1996 9 0.0839753
1996 10 -0.0798619
1996 11 0.0762116
1996 12 0.154174
1997 1 0.132356
1997 2 0.0441664
1997 3 0.339626
1997 4 0.399319
1997 5 0.370759
1997 6 0.501737
1997 7 0.566156
1997 8 0.693162
1997 9 0.80588
1997 10 0.862127
1997 11 1.03777
1997 12 1.05501
1998 1 1.23171
1998 2 1.32686
1998 3 1.16196
1998 4 1.11143
1998 5 1.13265
1998 6 1.1306
1998 7 0.8661
1998 8 0.769267
1998 9 0.655006
1998 10 0.529363
1998 11 0.376006
1998 12 0.346287
1999 1 0.321744
1999 2 0.270675
1999 3 0.461858
1999 4 0.347236
1999 5 0.159083
1999 6 0.318535
1999 7 0.482007
1999 8 0.421816
1999 9 0.503039
1999 10 0.279596
1999 11 0.385201
1999 12 0.309339
2000 1 0.266532
2000 2 0.155455
2000 3 0.280317
2000 4 0.329863
2000 5 0.33896
2000 6 0.130229
2000 7 0.301216
2000 8 0.491066
2000 9 0.52566
2000 10 0.514539
2000 11 0.438547
2000 12 0.293212
2001 1 0.0840838
2001 2 0.201262
2001 3 0.429741
2001 4 0.473738
2001 5 0.621678
2001 6 0.677151
2001 7 0.488562
2001 8 0.407561
2001 9 0.520971
2001 10 0.376783
2001 11 0.562284
2001 12 0.709757
2002 1 0.687339
2002 2 0.388846
2002 3 0.669569
2002 4 0.499879
2002 5 0.316948
2002 6 0.432527
2002 7 0.497469
2002 8 0.473321
2002 9 0.915805
2002 10 0.871549
2002 11 0.640009
2002 12 0.7446
2003 1 0.536942
2003 2 0.762353
2003 3 0.676606
2003 4 0.644058
2003 5 0.536031
2003 6 0.753917
2003 7 0.691685
2003 8 0.627861
2003 9 0.677826
2003 10 0.587785
2003 11 0.516998
2003 12 0.572168
2004 1 0.695109
2004 2 0.53282
2004 3 0.42602
2004 4 0.46644
2004 5 0.0851846
2004 6 0.106687
2004 7 0.195663
2004 8 0.468925
2004 9 0.53862
2004 10 0.55889
2004 11 0.578174
2004 12 0.630853
2005 1 0.563791
2005 2 0.472984
2005 3 0.568724
2005 4 0.670967
2005 5 0.673744
2005 6 0.588379
2005 7 0.525947
2005 8 0.511752
2005 9 0.519962
2005 10 0.483106
2005 11 0.373591
2005 12 0.191492
2006 1 0.163398
2006 2 0.263171
2006 3 0.286629
2006 4 0.398412
2006 5 0.483506
2006 6 0.474668
2006 7 0.534281
2006 8 0.668449
2006 9 0.628921
2006 10 0.691245
2006 11 0.88097
2006 12 0.847917
2007 1 0.821158
2007 2 0.797148
2007 3 0.596515
2007 4 0.598447
2007 5 0.770773
2007 6 0.808742
2007 7 0.584223
2007 8 0.728414
2007 9 0.664192
2007 10 0.511181
2007 11 0.402828
2007 12 0.343145
2008 1 0.518046
2008 2 0.156792
2008 3 0.0469849
2008 4 0.0565898
2008 5 0.260101
2008 6 0.387728
2008 7 0.435324
2008 8 0.542717
2008 9 0.767083
2008 10 0.688105
2008 11 0.510833
2008 12 0.439308
2009 1 0.477581
2009 2 0.477849
2009 3 0.562645
2009 4 0.499466
2009 5 0.663633
2009 6 0.82194
2009 7 0.785767
2009 8 0.863643
2009 9 0.745816
2009 10 0.945045
2009 11 0.755765
2009 12 0.965846
2010 1 0.95448
2010 2 1.01811
2010 3 1.12638
2010 4 1.14758
2010 5 0.878314
2010 6 0.776468
2010 7 0.849979
2010 8 0.776856
2010 9 0.495011
2010 10 0.57355
2010 11 0.372282
2010 12 0.343094
2011 1 0.327899
2011 2 0.371457
2011 3 0.405613
2011 4 0.240344
2011 5 0.320508
2011 6 0.513126
2011 7 0.551873
2011 8 0.727862
2011 9 0.637177
2011 10 0.82122
2011 11 0.811605
2011 12 0.569874
2012 1 0.457806
2012 2 0.290288
2012 3 0.274885
2012 4 0.308213
2012 5 0.512062
2012 6 0.530951
2012 7 0.726455
2012 8 0.899966
2012 9 0.999167
2012 10 0.87808
2012 11 0.648739
2012 12 0.810492
2013 1 0.625055
2013 2 0.752862
2013 3 0.65408
2013 4 0.411791
2013 5 0.306958
2013 6 0.327628
2013 7 0.478111
2013 8 0.487901
2013 9 0.439686
2013 10 0.639272
2013 11 0.85158
2013 12 0.586719
2014 1 0.493398
2014 2 0.43115
2014 3 0.429193
2014 4 0.574279
2014 5 0.756875
2014 6 0.729163
2014 7 0.631237
2014 8 0.531122
2014 9 0.617635
2014 10 0.803788
2014 11 0.897009
2014 12 0.772765
2015 1 0.487445
2015 2 0.366828
2015 3 0.51274
2015 4 0.68281
2015 5 1.04086
2015 6 1.02666
2015 7 1.11991
2015 8 1.19637
2015 9 1.21832
2015 10 1.24014
2015 11 1.22677
2015 12 1.36475
