# siod [Celsius] DMI (WIO-SEIO) SST anomalies
# from <a href=http://www.jamstec.go.jp/frcgc/research/d1/iod/e/iod/about_iod.html>JAMSTEC</a>
1870 1 -0.257865
1870 2 -0.153674
1870 3 0.340895
1870 4 0.155977
1870 5 -0.258158
1870 6 -0.324162
1870 7 -0.325695
1870 8 -0.205467
1870 9 -0.328262
1870 10 -0.242759
1870 11 -0.130033
1870 12 -0.141895
1871 1 -0.0899836
1871 2 0.0176722
1871 3 -0.03707
1871 4 0.0599647
1871 5 0.10552
1871 6 0.0507168
1871 7 -0.118518
1871 8 -0.0641878
1871 9 0.0680704
1871 10 -0.1367
1871 11 0.0614769
1871 12 0.00208031
1872 1 0.150009
1872 2 0.219504
1872 3 0.0964814
1872 4 0.121847
1872 5 0.0756246
1872 6 0.124299
1872 7 0.0287836
1872 8 -0.0142884
1872 9 0.0605056
1872 10 0.116265
1872 11 0.163578
1872 12 0.109153
1873 1 0.24187
1873 2 -0.131089
1873 3 -0.221649
1873 4 -0.0646663
1873 5 -0.190773
1873 6 -0.365225
1873 7 -0.368898
1873 8 -0.492661
1873 9 -0.292296
1873 10 -0.101244
1873 11 -0.0831137
1873 12 -0.0757532
1874 1 -0.194839
1874 2 -0.19051
1874 3 -0.407591
1874 4 -0.546363
1874 5 -0.210716
1874 6 -0.246174
1874 7 -0.0225409
1874 8 -0.0409853
1874 9 -0.408016
1874 10 -0.753005
1874 11 -0.329487
1874 12 -0.553569
1875 1 -0.252109
1875 2 0.0046913
1875 3 0.0826067
1875 4 0.244489
1875 5 0.0905132
1875 6 0.119474
1875 7 -0.191059
1875 8 0.0607861
1875 9 0.00790104
1875 10 -0.263173
1875 11 -0.617356
1875 12 -0.227412
1876 1 -0.175931
1876 2 -0.319279
1876 3 -0.235955
1876 4 -0.268486
1876 5 -0.241042
1876 6 -0.211245
1876 7 -0.0768229
1876 8 0.0466614
1876 9 0.298644
1876 10 0.168003
1876 11 -0.0824459
1876 12 -0.06517
1877 1 -0.126899
1877 2 0.542841
1877 3 0.297268
1877 4 -0.0879084
1877 5 -0.460303
1877 6 -0.282252
1877 7 -0.269792
1877 8 0.51852
1877 9 0.899058
1877 10 0.793154
1877 11 0.816555
1877 12 0.376314
1878 1 -0.0757225
1878 2 -0.215615
1878 3 0.148139
1878 4 0.117949
1878 5 -0.13579
1878 6 -0.0973161
1878 7 -0.0599528
1878 8 0.0291934
1878 9 0.17554
1878 10 -0.28709
1878 11 -0.183475
1878 12 -0.234092
1879 1 -0.23115
1879 2 -0.221733
1879 3 -0.275321
1879 4 -0.332167
1879 5 -0.281992
1879 6 -0.0652244
1879 7 -0.0414279
1879 8 -0.326164
1879 9 -0.200438
1879 10 -0.389767
1879 11 -0.481019
1879 12 -0.369672
1880 1 -0.264282
1880 2 -0.0674488
1880 3 -0.150723
1880 4 0.206677
1880 5 0.0864975
1880 6 -0.0867164
1880 7 -0.205785
1880 8 -0.272605
1880 9 -0.164791
1880 10 -0.358787
1880 11 -0.272673
1880 12 -0.110794
1881 1 0.0289155
1881 2 -0.313633
1881 3 -0.177029
1881 4 -0.251284
1881 5 0.0854846
1881 6 0.38328
1881 7 0.188981
1881 8 0.228305
1881 9 0.0840249
1881 10 -0.0643007
1881 11 -0.089562
1881 12 -0.259719
1882 1 -0.365481
1882 2 -0.476524
1882 3 0.0222364
1882 4 0.0610086
1882 5 0.1496
1882 6 0.138774
1882 7 0.0875728
1882 8 -0.18898
1882 9 -0.25182
1882 10 -0.122831
1882 11 -0.0949815
1882 12 -0.188756
1883 1 -0.513947
1883 2 -0.0189591
1883 3 -0.130941
1883 4 0.0873964
1883 5 0.0264971
1883 6 0.127479
1883 7 0.0385869
1883 8 0.18011
1883 9 -0.115274
1883 10 0.0282933
1883 11 -0.0775641
1883 12 -0.0914239
1884 1 -0.213832
1884 2 0.0100458
1884 3 -0.145292
1884 4 0.284817
1884 5 0.46691
1884 6 0.0139154
1884 7 0.311074
1884 8 -0.00172109
1884 9 -0.0828992
1884 10 0.0271293
1884 11 -0.197717
1884 12 -0.183319
1885 1 -0.280614
1885 2 0.109294
1885 3 -0.0008232
1885 4 0.000750452
1885 5 0.0163056
1885 6 0.0867079
1885 7 0.100902
1885 8 0.0831551
1885 9 0.0446685
1885 10 0.157018
1885 11 -0.200176
1885 12 -0.164129
1886 1 -0.422998
1886 2 -0.573108
1886 3 -0.287195
1886 4 -0.0697284
1886 5 -0.219369
1886 6 -0.138599
1886 7 -0.40577
1886 8 -0.603033
1886 9 -0.58556
1886 10 -0.498434
1886 11 -0.406462
1886 12 -0.322203
1887 1 -0.271024
1887 2 -0.192047
1887 3 -0.101207
1887 4 -0.0450903
1887 5 -0.0546991
1887 6 0.0505343
1887 7 0.0911302
1887 8 0.294847
1887 9 0.1047
1887 10 -0.122104
1887 11 -0.00887719
1887 12 -0.0616958
1888 1 -0.149934
1888 2 -0.415871
1888 3 -0.55314
1888 4 -0.641777
1888 5 -0.272523
1888 6 -0.209488
1888 7 -0.134183
1888 8 -0.0598435
1888 9 -0.129899
1888 10 -0.0489784
1888 11 -0.284763
1888 12 -0.221869
1889 1 -0.482615
1889 2 -0.061412
1889 3 -0.486148
1889 4 -0.611905
1889 5 -0.435232
1889 6 -0.34203
1889 7 -0.193194
1889 8 -0.346501
1889 9 -0.519248
1889 10 -0.742754
1889 11 -0.583562
1889 12 -0.166873
1890 1 0.0956718
1890 2 0.131363
1890 3 -0.0310887
1890 4 -0.00535443
1890 5 -0.112009
1890 6 -0.54571
1890 7 -0.588397
1890 8 -0.380713
1890 9 -0.674602
1890 10 -0.765724
1890 11 -0.620156
1890 12 -0.337584
1891 1 -0.121882
1891 2 -0.389423
1891 3 -0.442412
1891 4 -0.0866319
1891 5 -0.105316
1891 6 0.113268
1891 7 0.0185813
1891 8 0.298684
1891 9 0.318387
1891 10 0.270771
1891 11 0.141796
1891 12 0.289412
1892 1 -0.0524459
1892 2 -0.133223
1892 3 -0.0275258
1892 4 -0.107677
1892 5 -0.053173
1892 6 -0.270025
1892 7 -0.326726
1892 8 -0.729063
1892 9 -0.775452
1892 10 -0.424706
1892 11 -0.169206
1892 12 -0.262503
1893 1 -0.248905
1893 2 -0.267733
1893 3 -0.23441
1893 4 -0.369901
1893 5 -0.28633
1893 6 -0.300457
1893 7 -0.228167
1893 8 -0.439493
1893 9 -0.28786
1893 10 -0.395
1893 11 -0.228262
1893 12 -0.130186
1894 1 0.119047
1894 2 -0.0666423
1894 3 -0.0887655
1894 4 -0.106251
1894 5 0.0150804
1894 6 0.12371
1894 7 0.143521
1894 8 0.431453
1894 9 0.0645958
1894 10 0.0525695
1894 11 -0.00683978
1894 12 -0.0200369
1895 1 0.00164044
1895 2 0.130991
1895 3 0.0590962
1895 4 0.026988
1895 5 0.0742599
1895 6 0.0980946
1895 7 -0.0889259
1895 8 0.230408
1895 9 0.0862698
1895 10 0.222774
1895 11 -0.218954
1895 12 -0.137306
1896 1 -0.18838
1896 2 -0.385213
1896 3 -0.383484
1896 4 -0.0767694
1896 5 0.0170168
1896 6 0.0653402
1896 7 0.217885
1896 8 0.167245
1896 9 0.37291
1896 10 0.671965
1896 11 0.301081
1896 12 0.316284
1897 1 -0.00640525
1897 2 -0.127776
1897 3 -0.111534
1897 4 0.0301341
1897 5 0.0468959
1897 6 -0.0329043
1897 7 0.0703414
1897 8 0.0763877
1897 9 -0.166812
1897 10 -0.727234
1897 11 -0.620499
1897 12 -0.5073
1898 1 -0.35468
1898 2 -0.250991
1898 3 -0.156059
1898 4 -0.163652
1898 5 -0.256816
1898 6 -0.209017
1898 7 -0.483424
1898 8 -0.501683
1898 9 -0.491691
1898 10 -0.524552
1898 11 -0.37787
1898 12 -0.236385
1899 1 -0.219421
1899 2 -0.0968283
1899 3 0.00405908
1899 4 0.075904
1899 5 0.135999
1899 6 -0.159599
1899 7 -0.244381
1899 8 -0.133114
1899 9 -0.524435
1899 10 -0.0389711
1899 11 -0.1625
1899 12 -0.510165
1900 1 -0.279416
1900 2 -0.108289
1900 3 -0.291234
1900 4 -0.113112
1900 5 0.0664887
1900 6 0.172715
1900 7 0.00291053
1900 8 -0.17717
1900 9 -0.143089
1900 10 -0.0422782
1900 11 0.0760207
1900 12 -0.403369
1901 1 -0.350202
1901 2 -0.674244
1901 3 -0.548753
1901 4 -0.309419
1901 5 -0.325098
1901 6 -0.395415
1901 7 -0.387927
1901 8 -0.519909
1901 9 -0.629938
1901 10 -0.382323
1901 11 -0.457391
1901 12 -0.438609
1902 1 -0.268586
1902 2 -0.254888
1902 3 -0.0620038
1902 4 0.262293
1902 5 0.175939
1902 6 0.123273
1902 7 0.245222
1902 8 0.635239
1902 9 0.592703
1902 10 0.144568
1902 11 0.2213
1902 12 -0.0403259
1903 1 -0.290331
1903 2 -0.376496
1903 3 -0.196969
1903 4 -0.416152
1903 5 -0.036206
1903 6 -0.116906
1903 7 -0.287908
1903 8 -0.136738
1903 9 -0.29064
1903 10 -0.642391
1903 11 -0.347688
1903 12 -0.200875
1904 1 -0.0267564
1904 2 -0.0370772
1904 3 -0.0418293
1904 4 0.182322
1904 5 -0.029143
1904 6 -0.0647159
1904 7 0.0425633
1904 8 -0.103197
1904 9 -0.283251
1904 10 0.149023
1904 11 -0.069812
1904 12 -0.404713
1905 1 -0.402759
1905 2 -0.180607
1905 3 -0.299747
1905 4 -0.256251
1905 5 0.0290061
1905 6 -0.23121
1905 7 0.0523538
1905 8 0.0839308
1905 9 0.412556
1905 10 -0.0856864
1905 11 -0.168227
1905 12 -0.329588
1906 1 -0.410073
1906 2 -0.294779
1906 3 -0.337278
1906 4 -0.574181
1906 5 -0.190479
1906 6 -0.165947
1906 7 -0.663169
1906 8 -0.765373
1906 9 -1.22337
1906 10 -0.613888
1906 11 -0.514199
1906 12 -0.110564
1907 1 -0.174925
1907 2 0.00875372
1907 3 0.126696
1907 4 -0.157441
1907 5 -0.076103
1907 6 -0.126631
1907 7 -0.278671
1907 8 -0.626905
1907 9 -0.130995
1907 10 -0.0205441
1907 11 -0.108973
1907 12 0.0109444
1908 1 -0.202235
1908 2 -0.155422
1908 3 -0.0831033
1908 4 -0.575656
1908 5 -0.00556065
1908 6 0.256127
1908 7 -0.272461
1908 8 -0.152376
1908 9 0.0691557
1908 10 -0.0812856
1908 11 -0.221294
1908 12 -0.345457
1909 1 -0.532336
1909 2 -0.29836
1909 3 -0.371635
1909 4 -0.230679
1909 5 -0.568139
1909 6 -0.692852
1909 7 -0.701423
1909 8 -0.678345
1909 9 -0.521783
1909 10 -0.335459
1909 11 -0.136389
1909 12 -0.0145683
1910 1 -0.359496
1910 2 0.0191738
1910 3 -0.318854
1910 4 -0.177615
1910 5 -0.299446
1910 6 -0.239256
1910 7 -0.707887
1910 8 -0.504412
1910 9 -0.622387
1910 10 -0.650678
1910 11 -0.397657
1910 12 -0.0558734
1911 1 0.0085794
1911 2 -0.300587
1911 3 -0.557222
1911 4 -0.531152
1911 5 -0.205527
1911 6 -0.594389
1911 7 -0.445941
1911 8 -0.282348
1911 9 -0.147609
1911 10 -0.272682
1911 11 0.0391415
1911 12 0.0780646
1912 1 -0.0733821
1912 2 -0.110163
1912 3 0.111131
1912 4 -0.0538514
1912 5 0.159304
1912 6 0.21491
1912 7 -0.346925
1912 8 -0.458932
1912 9 -0.330906
1912 10 -0.21222
1912 11 -0.45517
1912 12 -0.263031
1913 1 -0.0476049
1913 2 0.0556706
1913 3 0.0306907
1913 4 -0.0627181
1913 5 0.0364445
1913 6 0.315208
1913 7 -0.0241761
1913 8 -0.177383
1913 9 -0.0761016
1913 10 0.251125
1913 11 0.0289308
1913 12 -0.021523
1914 1 -0.0971741
1914 2 0.0148067
1914 3 -0.179462
1914 4 -0.0312114
1914 5 0.120782
1914 6 0.758889
1914 7 0.402111
1914 8 0.26975
1914 9 0.325136
1914 10 0.323722
1914 11 -0.288601
1914 12 -0.478166
1915 1 -0.439329
1915 2 -0.499801
1915 3 -0.227688
1915 4 -0.0792731
1915 5 -0.266507
1915 6 0.0213961
1915 7 -0.382606
1915 8 -0.12961
1915 9 0.0172431
1915 10 0.072789
1915 11 0.048611
1915 12 0.208645
1916 1 0.0598091
1916 2 0.16033
1916 3 0.236341
1916 4 0.340589
1916 5 0.070858
1916 6 -0.180648
1916 7 -0.362072
1916 8 -0.535714
1916 9 -0.858074
1916 10 -0.567748
1916 11 -0.432404
1916 12 -0.0468616
1917 1 0.161482
1917 2 0.137863
1917 3 0.088045
1917 4 -0.0282656
1917 5 -0.172963
1917 6 -0.120942
1917 7 -0.268038
1917 8 -0.120709
1917 9 -0.467422
1917 10 -0.668037
1917 11 -0.608786
1917 12 -0.432132
1918 1 0.201137
1918 2 0.326747
1918 3 0.27958
1918 4 -0.0816759
1918 5 -0.192207
1918 6 0.0191078
1918 7 0.1896
1918 8 0.228266
1918 9 0.385203
1918 10 0.534474
1918 11 0.470398
1918 12 0.286795
1919 1 0.156724
1919 2 0.06579
1919 3 -0.104119
1919 4 -0.207004
1919 5 -0.171484
1919 6 -0.141987
1919 7 0.136284
1919 8 -0.0115143
1919 9 0.161358
1919 10 0.0395086
1919 11 0.0112517
1919 12 -0.172269
1920 1 0.198956
1920 2 0.237901
1920 3 0.307937
1920 4 0.26116
1920 5 0.490853
1920 6 0.152997
1920 7 -0.265592
1920 8 -0.285891
1920 9 -0.214636
1920 10 -0.0623521
1920 11 -0.302238
1920 12 -0.156747
1921 1 -0.105773
1921 2 0.0369684
1921 3 0.0949641
1921 4 0.0134385
1921 5 0.179
1921 6 -0.00151917
1921 7 -0.118538
1921 8 -0.629168
1921 9 -0.151165
1921 10 -0.0835958
1921 11 -0.202587
1921 12 -0.153082
1922 1 -0.189972
1922 2 -0.0134464
1922 3 0.247972
1922 4 -0.185042
1922 5 -0.149247
1922 6 0.134754
1922 7 -0.228501
1922 8 -0.108829
1922 9 -0.123679
1922 10 -0.144848
1922 11 -0.267734
1922 12 -0.0724502
1923 1 -0.0167178
1923 2 -0.218411
1923 3 -0.109588
1923 4 -0.0396945
1923 5 -0.087715
1923 6 0.113207
1923 7 -0.0870493
1923 8 0.294043
1923 9 0.626581
1923 10 0.645427
1923 11 0.708465
1923 12 0.0218743
1924 1 -0.251263
1924 2 -0.407625
1924 3 -0.253392
1924 4 -0.0586058
1924 5 -0.181196
1924 6 -0.218923
1924 7 -0.0788885
1924 8 -0.124243
1924 9 -0.261463
1924 10 0.184221
1924 11 -0.123249
1924 12 -0.132993
1925 1 -0.127392
1925 2 0.157835
1925 3 0.164478
1925 4 0.681305
1925 5 0.178339
1925 6 0.296238
1925 7 0.135753
1925 8 0.262037
1925 9 0.760894
1925 10 0.475738
1925 11 0.378995
1925 12 0.0784817
1926 1 0.181994
1926 2 -0.17322
1926 3 0.129888
1926 4 -0.04748
1926 5 0.141867
1926 6 0.353722
1926 7 0.0785073
1926 8 0.287474
1926 9 -0.0119425
1926 10 0.262389
1926 11 -0.220252
1926 12 -0.185938
1927 1 -0.0140026
1927 2 0.225972
1927 3 -0.0261768
1927 4 -0.194654
1927 5 -0.0257422
1927 6 0.0505514
1927 7 -0.256984
1927 8 -0.305139
1927 9 -0.266044
1927 10 -0.216296
1927 11 -0.0100379
1927 12 -0.14404
1928 1 -0.184071
1928 2 -0.172387
1928 3 -0.110427
1928 4 -0.104405
1928 5 -0.048842
1928 6 -0.253106
1928 7 -0.327142
1928 8 -0.577011
1928 9 -0.482786
1928 10 -0.33349
1928 11 0.0748654
1928 12 -0.135854
1929 1 -0.0915311
1929 2 -0.16723
1929 3 -0.063742
1929 4 -0.0148692
1929 5 -0.134559
1929 6 -0.0336463
1929 7 -0.080391
1929 8 -0.185101
1929 9 0.0794427
1929 10 0.0266136
1929 11 -0.0079311
1929 12 0.202515
1930 1 -0.235698
1930 2 -0.327292
1930 3 -0.143162
1930 4 -0.0457886
1930 5 -0.222633
1930 6 0.065519
1930 7 -0.0937469
1930 8 -0.0342908
1930 9 -0.412675
1930 10 -0.0379173
1930 11 0.37947
1930 12 0.116098
1931 1 0.132164
1931 2 -0.14234
1931 3 -0.378441
1931 4 -0.317917
1931 5 -0.0307869
1931 6 -0.0693204
1931 7 -0.0908607
1931 8 -0.197538
1931 9 -0.61111
1931 10 -0.20654
1931 11 0.0866212
1931 12 -0.573663
1932 1 -0.236828
1932 2 -0.38611
1932 3 -0.251163
1932 4 0.0811916
1932 5 -0.144531
1932 6 -0.168493
1932 7 0.0745026
1932 8 -0.181528
1932 9 -0.0174675
1932 10 -0.339
1932 11 -0.0410299
1932 12 0.196761
1933 1 -0.00391436
1933 2 0.0985925
1933 3 0.207213
1933 4 0.379392
1933 5 -0.120277
1933 6 -0.0924269
1933 7 -0.142594
1933 8 -0.313809
1933 9 -1.15644
1933 10 -0.594984
1933 11 -0.328391
1933 12 -0.234316
1934 1 -0.412464
1934 2 -0.0699249
1934 3 0.000371873
1934 4 0.0711938
1934 5 0.0202393
1934 6 0.1911
1934 7 0.000346273
1934 8 0.28767
1934 9 -0.105056
1934 10 0.0618637
1934 11 0.12132
1934 12 0.0699591
1935 1 0.185359
1935 2 0.142818
1935 3 0.285609
1935 4 -0.0238101
1935 5 0.280605
1935 6 0.294993
1935 7 0.358788
1935 8 0.274903
1935 9 0.135406
1935 10 0.0708929
1935 11 0.37639
1935 12 0.241013
1936 1 0.259152
1936 2 -0.201992
1936 3 -0.0472364
1936 4 0.133254
1936 5 0.0294143
1936 6 0.270257
1936 7 0.252671
1936 8 -0.132237
1936 9 -0.0534799
1936 10 -0.302758
1936 11 0.21209
1936 12 -0.0936484
1937 1 0.0729815
1937 2 -0.0474142
1937 3 -0.0985504
1937 4 -0.213115
1937 5 0.26344
1937 6 -0.0938082
1937 7 -0.235789
1937 8 0.0426969
1937 9 0.306332
1937 10 0.0725458
1937 11 0.149218
1937 12 0.0898862
1938 1 0.107965
1938 2 -0.0407761
1938 3 0.1703
1938 4 -0.149448
1938 5 0.238527
1938 6 -0.18676
1938 7 -0.302814
1938 8 0.154364
1938 9 -0.0635993
1938 10 -0.220283
1938 11 -0.432193
1938 12 -0.30602
1939 1 0.0636714
1939 2 0.392186
1939 3 0.186938
1939 4 -0.065841
1939 5 -0.111297
1939 6 0.0373259
1939 7 -0.0847884
1939 8 -0.153651
1939 9 0.101418
1939 10 0.188381
1939 11 -0.046424
1939 12 0.126611
1940 1 0.27049
1940 2 -0.032693
1940 3 -0.297784
1940 4 -0.281537
1940 5 -0.235426
1940 6 0.180329
1940 7 -0.0557529
1940 8 0.0496436
1940 9 0.00542043
1940 10 -0.0817856
1940 11 -0.0727668
1940 12 -0.0883928
1941 1 -0.179948
1941 2 -0.432533
1941 3 -0.0901898
1941 4 -0.0733898
1941 5 -0.045062
1941 6 -0.160891
1941 7 -0.111676
1941 8 -0.117837
1941 9 0.0576368
1941 10 0.187839
1941 11 0.535463
1941 12 0.04294
1942 1 -0.00223827
1942 2 -0.105711
1942 3 -0.0740759
1942 4 -0.207268
1942 5 -0.375005
1942 6 -0.721427
1942 7 -0.377002
1942 8 -0.787128
1942 9 -0.545884
1942 10 -0.198199
1942 11 -0.321678
1942 12 -0.318508
1943 1 -0.290487
1943 2 -0.0520594
1943 3 -0.12229
1943 4 -0.0111538
1943 5 0.0408352
1943 6 0.367764
1943 7 0.413864
1943 8 0.33949
1943 9 -0.25259
1943 10 -0.146382
1943 11 -0.11316
1943 12 -0.154771
1944 1 0.0351444
1944 2 0.427564
1944 3 -0.00651102
1944 4 -0.0333264
1944 5 0.504994
1944 6 0.0980081
1944 7 0.368339
1944 8 0.349666
1944 9 0.391196
1944 10 -0.209907
1944 11 0.023306
1944 12 0.401744
1945 1 0.0547822
1945 2 0.27935
1945 3 0.376641
1945 4 -0.113953
1945 5 -0.337809
1945 6 -0.344296
1945 7 -0.205537
1945 8 -0.345856
1945 9 -0.198866
1945 10 -0.128275
1945 11 -0.0545782
1945 12 -0.0992323
1946 1 0.256179
1946 2 0.175682
1946 3 -0.0497379
1946 4 -0.345832
1946 5 0.513207
1946 6 -0.105573
1946 7 0.159528
1946 8 0.461734
1946 9 0.326617
1946 10 0.21547
1946 11 0.249874
1946 12 -0.0142829
1947 1 -0.101431
1947 2 0.221216
1947 3 0.174674
1947 4 0.0219605
1947 5 0.327153
1947 6 0.152967
1947 7 -0.304458
1947 8 -0.344659
1947 9 -0.563404
1947 10 -0.42162
1947 11 -0.0338294
1947 12 -0.0284392
1948 1 -0.107783
1948 2 0.0337339
1948 3 0.198112
1948 4 0.104972
1948 5 0.140911
1948 6 0.268203
1948 7 0.0560147
1948 8 -0.143037
1948 9 -0.250747
1948 10 0.0957135
1948 11 -0.102156
1948 12 -0.274964
1949 1 0.212218
1949 2 0.361169
1949 3 0.0560226
1949 4 0.370204
1949 5 0.136148
1949 6 0.207962
1949 7 0.302111
1949 8 0.313817
1949 9 0.300616
1949 10 0.259385
1949 11 -0.111831
1949 12 -0.095465
1950 1 0.14706
1950 2 -0.357516
1950 3 -0.51624
1950 4 -0.265491
1950 5 -0.083529
1950 6 -0.281811
1950 7 -0.0319751
1950 8 0.0843233
1950 9 -0.234339
1950 10 -0.200209
1950 11 0.0552857
1950 12 0.203989
1951 1 0.450045
1951 2 0.40318
1951 3 0.427821
1951 4 -0.300854
1951 5 0.0814591
1951 6 0.0324549
1951 7 0.0984769
1951 8 0.422906
1951 9 0.385445
1951 10 0.212487
1951 11 0.389707
1951 12 0.155187
1952 1 0.119601
1952 2 0.267385
1952 3 0.292149
1952 4 0.276269
1952 5 0.0773424
1952 6 0.231629
1952 7 -0.109067
1952 8 -0.153206
1952 9 -0.204604
1952 10 -0.153914
1952 11 0.110871
1952 12 0.206792
1953 1 0.494375
1953 2 0.468117
1953 3 0.354793
1953 4 0.152494
1953 5 0.53601
1953 6 0.0939128
1953 7 0.133603
1953 8 0.0695482
1953 9 0.15268
1953 10 0.0756677
1953 11 0.135612
1953 12 0.112118
1954 1 -0.154317
1954 2 -0.0838442
1954 3 0.0148237
1954 4 0.189119
1954 5 -0.324633
1954 6 -0.291472
1954 7 -0.530162
1954 8 -0.320313
1954 9 -0.321374
1954 10 -0.443885
1954 11 -0.170282
1954 12 0.177174
1955 1 0.136696
1955 2 0.04107
1955 3 0.19339
1955 4 0.166686
1955 5 -0.461713
1955 6 -0.167636
1955 7 -0.121346
1955 8 -0.120228
1955 9 -0.339882
1955 10 -0.334264
1955 11 0.0107944
1955 12 -0.0617392
1956 1 0.0914909
1956 2 0.170077
1956 3 0.175989
1956 4 -0.0891846
1956 5 -0.339505
1956 6 -0.600419
1956 7 -0.758137
1956 8 -0.459444
1956 9 -0.397556
1956 10 -0.27624
1956 11 -0.232159
1956 12 0.0837796
1957 1 -0.246025
1957 2 -0.368789
1957 3 -0.0229631
1957 4 -0.0928853
1957 5 -0.0996449
1957 6 -0.246902
1957 7 -0.166376
1957 8 0.0468936
1957 9 0.0137754
1957 10 -0.136298
1957 11 -0.209365
1957 12 -0.0238577
1958 1 -0.214782
1958 2 -0.051819
1958 3 -0.202057
1958 4 -0.136631
1958 5 -0.268947
1958 6 -0.633857
1958 7 -0.74354
1958 8 -0.952331
1958 9 -0.901941
1958 10 -0.57422
1958 11 -0.393559
1958 12 -0.404355
1959 1 0.162056
1959 2 -0.341026
1959 3 -0.346317
1959 4 -0.150885
1959 5 -0.510155
1959 6 -0.528587
1959 7 -0.343678
1959 8 -0.600768
1959 9 -0.440084
1959 10 -0.202111
1959 11 -0.302529
1959 12 -0.123249
1960 1 -0.0415536
1960 2 0.15349
1960 3 -0.25099
1960 4 -0.529494
1960 5 -0.506328
1960 6 -0.462701
1960 7 -0.416073
1960 8 -0.278523
1960 9 -0.182991
1960 10 -0.513805
1960 11 -0.530213
1960 12 -0.39836
1961 1 0.0499943
1961 2 0.115179
1961 3 0.0530302
1961 4 -0.395562
1961 5 -0.211344
1961 6 0.210988
1961 7 0.94001
1961 8 1.07435
1961 9 0.936381
1961 10 0.829283
1961 11 0.584965
1961 12 0.529931
1962 1 0.695753
1962 2 0.728859
1962 3 0.52527
1962 4 0.187567
1962 5 -0.154074
1962 6 -0.243494
1962 7 -0.145247
1962 8 0.00690344
1962 9 0.207839
1962 10 0.0612461
1962 11 0.0680678
1962 12 0.167117
1963 1 0.51795
1963 2 0.584166
1963 3 0.376025
1963 4 0.147065
1963 5 -0.102325
1963 6 -0.0377554
1963 7 0.524931
1963 8 0.770246
1963 9 0.468376
1963 10 0.807065
1963 11 0.584038
1963 12 0.166694
1964 1 -0.273839
1964 2 -0.501419
1964 3 -0.139761
1964 4 -0.024581
1964 5 -0.298192
1964 6 -0.129951
1964 7 -0.505775
1964 8 -0.371798
1964 9 -0.579142
1964 10 -0.634721
1964 11 -0.00460786
1964 12 0.0567241
1965 1 -0.14179
1965 2 -0.260489
1965 3 -0.012961
1965 4 -0.0802546
1965 5 -0.312625
1965 6 -0.268221
1965 7 -0.156269
1965 8 0.0559786
1965 9 0.192784
1965 10 0.394333
1965 11 0.0398676
1965 12 -0.0636686
1966 1 -0.0464265
1966 2 0.0240119
1966 3 -0.172796
1966 4 -0.229531
1966 5 -0.200988
1966 6 0.0944544
1966 7 0.309778
1966 8 0.424769
1966 9 0.492007
1966 10 0.0802971
1966 11 -0.0886459
1966 12 -0.00903153
1967 1 -0.0435573
1967 2 0.121661
1967 3 0.419725
1967 4 -0.0671819
1967 5 0.0479339
1967 6 0.245904
1967 7 0.440371
1967 8 0.413642
1967 9 0.522932
1967 10 0.528942
1967 11 0.28517
1967 12 0.277025
1968 1 0.392243
1968 2 0.516013
1968 3 0.32531
1968 4 0.26725
1968 5 0.0917942
1968 6 0.287832
1968 7 -0.209195
1968 8 -0.155105
1968 9 -0.33777
1968 10 -0.144638
1968 11 -0.177081
1968 12 0.0162949
1969 1 0.0261697
1969 2 0.0240752
1969 3 0.234652
1969 4 0.157789
1969 5 0.0632575
1969 6 -0.404133
1969 7 -0.0880067
1969 8 -0.047489
1969 9 0.138788
1969 10 0.180349
1969 11 0.261217
1969 12 0.140754
1970 1 0.485722
1970 2 0.510162
1970 3 0.235944
1970 4 0.419874
1970 5 0.398655
1970 6 -0.176681
1970 7 -0.257004
1970 8 -0.0525063
1970 9 -0.208786
1970 10 -0.252899
1970 11 -0.0309822
1970 12 -0.00389601
1971 1 0.381578
1971 2 0.196293
1971 3 0.377107
1971 4 0.448882
1971 5 0.153463
1971 6 -0.019532
1971 7 -0.0353724
1971 8 -0.236266
1971 9 -0.348018
1971 10 -0.239759
1971 11 0.289546
1971 12 0.444693
1972 1 0.333081
1972 2 -0.030071
1972 3 0.199388
1972 4 0.328238
1972 5 0.374552
1972 6 0.944507
1972 7 1.01699
1972 8 0.813063
1972 9 0.750967
1972 10 0.700325
1972 11 0.928301
1972 12 0.695432
1973 1 0.226384
1973 2 0.109946
1973 3 0.166426
1973 4 0.089075
1973 5 0.305103
1973 6 -0.0124553
1973 7 -0.178922
1973 8 -0.295525
1973 9 -0.371842
1973 10 -0.0449714
1973 11 0.12882
1973 12 0.289114
1974 1 0.471724
1974 2 0.345873
1974 3 0.42322
1974 4 0.151815
1974 5 -0.0178191
1974 6 0.184868
1974 7 0.0685961
1974 8 -0.195167
1974 9 -0.263258
1974 10 -0.449513
1974 11 -0.265871
1974 12 -0.121904
1975 1 -0.173872
1975 2 -0.0623965
1975 3 -0.285026
1975 4 0.291531
1975 5 0.288914
1975 6 0.266265
1975 7 0.269489
1975 8 -0.0459267
1975 9 -0.460093
1975 10 -0.661502
1975 11 -0.0566719
1975 12 0.0611585
1976 1 0.198555
1976 2 0.2646
1976 3 0.188808
1976 4 0.326073
1976 5 0.218255
1976 6 0.575078
1976 7 0.887239
1976 8 0.39733
1976 9 0.170451
1976 10 0.147191
1976 11 0.0885305
1976 12 0.257729
1977 1 0.183211
1977 2 -0.071352
1977 3 0.342549
1977 4 0.177434
1977 5 -0.121972
1977 6 0.110362
1977 7 0.136391
1977 8 0.028818
1977 9 0.123256
1977 10 0.61227
1977 11 0.129029
1977 12 0.1946
1978 1 -0.4476
1978 2 -0.345255
1978 3 -0.412816
1978 4 -0.0165808
1978 5 -0.319014
1978 6 0.0253845
1978 7 0.19912
1978 8 0.0879083
1978 9 0.134847
1978 10 -0.112299
1978 11 -0.179395
1978 12 -0.0272923
1979 1 0.497971
1979 2 0.0301208
1979 3 0.134869
1979 4 -0.00685452
1979 5 -0.226048
1979 6 0.309635
1979 7 -0.00447522
1979 8 0.0694246
1979 9 0.112481
1979 10 0.0726934
1979 11 0.0229815
1979 12 0.128171
1980 1 0.0285821
1980 2 -0.0155746
1980 3 -0.245829
1980 4 0.111191
1980 5 0.156625
1980 6 -0.166044
1980 7 -0.33429
1980 8 -0.507147
1980 9 -0.341076
1980 10 -0.272154
1980 11 -0.15346
1980 12 -0.262434
1981 1 -0.0161442
1981 2 0.153303
1981 3 0.190766
1981 4 0.288225
1981 5 0.197091
1981 6 -0.0268729
1981 7 -0.241766
1981 8 -0.316925
1981 9 -0.35385
1981 10 -0.218268
1981 11 -0.054542
1981 12 0.212347
1982 1 0.33095
1982 2 0.3552
1982 3 0.222962
1982 4 0.319854
1982 5 0.442426
1982 6 0.465712
1982 7 0.579326
1982 8 0.553706
1982 9 0.828923
1982 10 0.999677
1982 11 0.549469
1982 12 0.0655247
1983 1 -0.293689
1983 2 -0.399587
1983 3 -0.576517
1983 4 -0.345056
1983 5 0.165056
1983 6 0.583987
1983 7 0.836889
1983 8 0.648109
1983 9 0.323365
1983 10 0.0987296
1983 11 -0.0622171
1983 12 0.132763
1984 1 -0.0344968
1984 2 0.0384859
1984 3 0.0542896
1984 4 0.259721
1984 5 -0.0745614
1984 6 -0.138125
1984 7 -0.0435677
1984 8 -0.187679
1984 9 -0.206416
1984 10 -0.262474
1984 11 -0.13962
1984 12 -0.0445594
1985 1 -0.274462
1985 2 -0.44072
1985 3 -0.3654
1985 4 0.00100955
1985 5 -0.00168197
1985 6 -0.410336
1985 7 -0.0850619
1985 8 -0.151533
1985 9 0.153499
1985 10 -0.113721
1985 11 0.346111
1985 12 -0.189245
1986 1 0.0764627
1986 2 0.0490232
1986 3 -0.0288018
1986 4 -0.0808071
1986 5 0.0665238
1986 6 -0.0672776
1986 7 -0.23668
1986 8 -0.104725
1986 9 0.238014
1986 10 0.327527
1986 11 0.0229208
1986 12 -0.0497634
1987 1 0.100159
1987 2 0.227224
1987 3 0.0289608
1987 4 0.0482886
1987 5 0.3894
1987 6 0.317615
1987 7 0.51332
1987 8 0.591284
1987 9 0.775504
1987 10 0.629523
1987 11 0.218139
1987 12 0.379205
1988 1 0.535682
1988 2 0.0345188
1988 3 -0.140676
1988 4 0.0775728
1988 5 -0.284474
1988 6 -0.0518112
1988 7 0.168039
1988 8 0.0145347
1988 9 -0.00627071
1988 10 -0.132092
1988 11 0.0970662
1988 12 0.39286
1989 1 -0.0865691
1989 2 0.145522
1989 3 -0.143926
1989 4 -0.270814
1989 5 -0.367231
1989 6 -0.560334
1989 7 -0.125073
1989 8 -0.0076859
1989 9 0.170941
1989 10 -0.0247548
1989 11 -0.0673748
1989 12 0.0602081
1990 1 0.0792505
1990 2 -0.105094
1990 3 0.0279557
1990 4 -0.181661
1990 5 -0.126913
1990 6 -0.355493
1990 7 0.0618213
1990 8 -0.0882132
1990 9 0.206967
1990 10 0.0385261
1990 11 0.17658
1990 12 0.230904
1991 1 0.24352
1991 2 0.0790953
1991 3 0.127389
1991 4 0.483152
1991 5 0.593892
1991 6 0.465982
1991 7 0.571049
1991 8 0.349203
1991 9 0.479916
1991 10 0.33915
1991 11 0.300772
1991 12 0.295361
1992 1 -0.142216
1992 2 -0.210263
1992 3 -0.50554
1992 4 -0.351084
1992 5 -0.325738
1992 6 -0.644558
1992 7 -0.163335
1992 8 -0.464254
1992 9 -0.441318
1992 10 -0.244425
1992 11 -0.126901
1992 12 -0.0883292
1993 1 -0.0166848
1993 2 0.213889
1993 3 -0.131024
1993 4 0.0160394
1993 5 0.193944
1993 6 0.10314
1993 7 0.154432
1993 8 -0.00939703
1993 9 0.214664
1993 10 0.220595
1993 11 0.115377
1993 12 0.0181124
1994 1 0.206768
1994 2 0.0398788
1994 3 0.361521
1994 4 0.539726
1994 5 0.75365
1994 6 0.63431
1994 7 0.855031
1994 8 1.0963
1994 9 0.912311
1994 10 1.07332
1994 11 0.554361
1994 12 0.48979
1995 1 0.319561
1995 2 0.339214
1995 3 0.117495
1995 4 -0.0163992
1995 5 -0.0295702
1995 6 0.134634
1995 7 0.143282
1995 8 0.160361
1995 9 0.213174
1995 10 0.0204328
1995 11 -0.0188735
1995 12 0.319205
1996 1 0.164003
1996 2 0.157458
1996 3 0.0917091
1996 4 -0.158791
1996 5 -0.0412165
1996 6 -0.179392
1996 7 -0.327654
1996 8 -0.374805
1996 9 -0.318139
1996 10 -0.719423
1996 11 -0.519489
1996 12 -0.184685
1997 1 0.082475
1997 2 0.259563
1997 3 0.210147
1997 4 0.252794
1997 5 0.249116
1997 6 0.296516
1997 7 0.760085
1997 8 0.933048
1997 9 1.15197
1997 10 1.2496
1997 11 1.5361
1997 12 1.08644
1998 1 0.699935
1998 2 0.607345
1998 3 0.121801
1998 4 0.25625
1998 5 0.364374
1998 6 0.364149
1998 7 -0.0590848
1998 8 -0.259673
1998 9 -0.0907454
1998 10 -0.346056
1998 11 -0.372148
1998 12 -0.101639
1999 1 0.0657678
1999 2 0.157532
1999 3 0.280793
1999 4 0.202078
1999 5 0.0402254
1999 6 0.0755961
1999 7 0.42144
1999 8 0.320162
1999 9 0.340262
1999 10 0.192578
1999 11 0.159784
1999 12 0.0836803
2000 1 0.0654135
2000 2 0.178869
2000 3 0.314668
2000 4 0.351889
2000 5 0.338196
2000 6 0.194576
2000 7 0.394797
2000 8 0.439092
2000 9 0.302017
2000 10 0.237289
2000 11 -0.0324317
2000 12 -0.0147939
2001 1 -0.2418
2001 2 0.167791
2001 3 0.154947
2001 4 0.34105
2001 5 0.358525
2001 6 0.339362
2001 7 0.175419
2001 8 0.00477049
2001 9 0.164825
2001 10 -0.0653266
2001 11 0.0291495
2001 12 0.173112
2002 1 0.0434305
2002 2 0.091926
2002 3 0.177766
2002 4 -0.148786
2002 5 -0.106413
2002 6 0.0244214
2002 7 0.0541517
2002 8 0.0898333
2002 9 0.6736
2002 10 0.778038
2002 11 0.361629
2002 12 0.0672601
2003 1 -0.0597497
2003 2 0.204322
2003 3 0.125073
2003 4 0.102041
2003 5 0.058905
2003 6 0.348988
2003 7 0.440989
2003 8 0.406275
2003 9 0.32891
2003 10 0.139435
2003 11 0.107694
2003 12 0.409298
2004 1 0.228665
2004 2 0.298303
2004 3 0.25345
2004 4 0.123611
2004 5 -0.338728
2004 6 -0.17637
2004 7 0.0118341
2004 8 0.165092
2004 9 0.282547
2004 10 0.37473
2004 11 0.107436
2004 12 0.0926149
2005 1 0.0581017
2005 2 -0.371075
2005 3 -0.263004
2005 4 0.285297
2005 5 0.18911
2005 6 0.0347058
2005 7 -0.0679547
2005 8 -0.0420078
2005 9 -0.14245
2005 10 -0.051444
2005 11 -0.00075087
2005 12 -0.0658553
2006 1 0.0590512
2006 2 -0.114588
2006 3 -0.0550682
2006 4 0.188612
2006 5 0.0112613
2006 6 0.150353
2006 7 0.349043
2006 8 0.526681
2006 9 0.808918
2006 10 0.947895
2006 11 0.762516
2006 12 0.394134
2007 1 0.40568
2007 2 0.33579
2007 3 0.280309
2007 4 0.298418
2007 5 0.490664
2007 6 0.244476
2007 7 0.362923
2007 8 0.539626
2007 9 0.62519
2007 10 0.454022
2007 11 0.248904
2007 12 0.00537252
2008 1 0.306731
2008 2 0.117109
2008 3 0.274118
2008 4 0.0490773
2008 5 0.402774
2008 6 0.426349
2008 7 0.555781
2008 8 0.423611
2008 9 0.476232
2008 10 0.412749
2008 11 0.147418
2008 12 0.175455
2009 1 0.221456
2009 2 0.352632
2009 3 0.269153
2009 4 0.325761
2009 5 0.476458
2009 6 0.30781
2009 7 0.117948
2009 8 0.199884
2009 9 0.281433
2009 10 0.364587
2009 11 0.191377
2009 12 0.38357
2010 1 0.476236
2010 2 0.213921
2010 3 0.633086
2010 4 0.566729
2010 5 0.188861
2010 6 0.0679929
2010 7 0.311149
2010 8 0.247197
2010 9 0.125889
2010 10 -0.0528908
2010 11 -0.213348
2010 12 0.0232811
2011 1 0.376902
2011 2 0.423309
2011 3 0.542394
2011 4 0.359307
2011 5 0.132085
2011 6 0.264242
2011 7 0.5356
2011 8 0.648962
2011 9 0.588449
2011 10 0.737551
2011 11 0.600428
2011 12 0.0989933
2012 1 0.230217
2012 2 0.105375
2012 3 0.200257
2012 4 -0.0572185
2012 5 -0.115709
2012 6 0.220741
2012 7 0.85856
2012 8 0.947349
2012 9 0.841945
2012 10 0.492819
2012 11 0.168367
2012 12 0.489949
2013 1 0.122007
2013 2 0.377555
2013 3 0.250944
2013 4 -0.094955
2013 5 -0.284581
2013 6 -0.288451
2013 7 0.124814
2013 8 0.103788
2013 9 0.0847923
2013 10 0.222498
2013 11 0.461216
2013 12 0.370025
2014 1 0.0922914
2014 2 0.0969087
2014 3 0.0186493
2014 4 0.14356
2014 5 0.127124
2014 6 0.18517
2014 7 -0.0471487
2014 8 -0.071192
2014 9 0.245746
2014 10 0.505612
2014 11 0.275094
2014 12 0.267675
2015 1 0.0800525
2015 2 -0.160358
2015 3 -0.0709062
2015 4 0.194335
2015 5 0.459317
2015 6 0.500722
2015 7 0.531745
2015 8 0.86248
2015 9 0.676696
2015 10 0.861228
2015 11 0.601815
2015 12 0.491903
