# number of tropical cyclones (vmax above 32.5m/s, cat 1-5)
# over the West Pacific Ocean
# based on data provided by <a href="http://wind.mit.edu/~emanuel/home.html">Kerry Emanual</a>
# (any errors in the conversion are mine)
 1945   0.000000       0.000000       0.000000       0.000000       0.000000       0.000000       0.000000       3.000000       3.000000       0.000000       1.000000       0.000000    
 1946   0.000000       0.000000       1.000000       0.000000       1.000000       1.000000       3.000000       1.000000       3.000000       1.000000       2.000000       0.000000    
 1947   0.000000       0.000000       0.000000       0.000000       1.000000       1.000000       0.000000       2.000000       3.000000       4.000000       4.000000       1.000000    
 1948   1.000000       0.000000       0.000000       0.000000       2.000000       0.000000       1.000000       1.000000       4.000000       1.000000       2.000000       1.000000    
 1949   1.000000       0.000000       0.000000       0.000000       0.000000       1.000000       3.000000       2.000000       2.000000       1.000000       1.000000       1.000000    
 1950   0.000000       0.000000       0.000000       0.000000       1.000000       0.000000       0.000000       0.000000       2.000000       3.000000       2.000000       0.000000    
 1951   0.000000       0.000000       1.000000       0.000000       1.000000       0.000000       2.000000       1.000000       3.000000       3.000000       1.000000       3.000000    
 1952   0.000000       0.000000       0.000000       0.000000       0.000000       1.000000       2.000000       1.000000       2.000000       3.000000       4.000000       1.000000    
 1953   1.000000       1.000000       0.000000       0.000000       0.000000       2.000000       1.000000       4.000000       2.000000       3.000000       1.000000       2.000000    
 1954   0.000000       0.000000       0.000000       0.000000       1.000000       0.000000       0.000000       2.000000       3.000000       2.000000       4.000000       0.000000    
 1955   0.000000       0.000000       1.000000       1.000000       0.000000       1.000000       3.000000       1.000000       4.000000       2.000000       0.000000       2.000000    
 1956   0.000000       0.000000       1.000000       1.000000       0.000000       0.000000       2.000000       2.000000       5.000000       1.000000       1.000000       1.000000    
 1957   1.000000       0.000000       0.000000       1.000000       1.000000       1.000000       1.000000       1.000000       6.000000       2.000000       3.000000       0.000000    
 1958   1.000000       0.000000       0.000000       0.000000       1.000000       1.000000       4.000000       1.000000      -999.9000       1.000000       3.000000       1.000000    
 1959   0.000000       0.000000       0.000000       0.000000       0.000000       0.000000       1.000000       4.000000       3.000000       2.000000       2.000000       1.000000    
 1960   0.000000       0.000000       0.000000       0.000000       0.000000       2.000000       2.000000       4.000000       0.000000       4.000000       0.000000       3.000000    
 1961   0.000000       0.000000       1.000000       0.000000       1.000000       0.000000       3.000000       3.000000       3.000000       1.000000       1.000000       1.000000    
 1962   0.000000       0.000000       0.000000       1.000000       1.000000       0.000000       3.000000       4.000000       1.000000       5.000000       3.000000       0.000000    
 1963   0.000000       0.000000       0.000000       1.000000       0.000000       1.000000       2.000000       4.000000       2.000000       5.000000       0.000000       1.000000    
 1964   0.000000       0.000000       0.000000       0.000000       1.000000       0.000000       7.000000       2.000000       4.000000       2.000000       2.000000       1.000000    
 1965   0.000000       0.000000       0.000000       0.000000       2.000000       2.000000       3.000000       4.000000       4.000000       2.000000       1.000000       0.000000    
 1966   0.000000       0.000000       0.000000       1.000000       2.000000       1.000000       2.000000       4.000000       5.000000       1.000000       1.000000       1.000000    
 1967   0.000000       0.000000       1.000000       1.000000       0.000000       1.000000       3.000000       3.000000       4.000000       3.000000       4.000000       0.000000    
 1968   0.000000       0.000000       0.000000       1.000000       0.000000       2.000000       1.000000       1.000000       4.000000       4.000000       4.000000       0.000000    
 1969   1.000000       0.000000       0.000000       1.000000       0.000000       0.000000       2.000000       2.000000       1.000000       3.000000       2.000000       0.000000    
 1970   0.000000       1.000000       0.000000       0.000000       0.000000       0.000000       1.000000       4.000000       2.000000       3.000000       1.000000       0.000000    
 1971   0.000000       0.000000       0.000000       1.000000       3.000000       2.000000       5.000000       4.000000       5.000000       2.000000       1.000000       0.000000    
 1972   1.000000       0.000000       0.000000       0.000000       0.000000       2.000000       3.000000       2.000000       4.000000       4.000000       2.000000       2.000000    
 1973   0.000000       0.000000       0.000000       0.000000       0.000000       0.000000       4.000000       2.000000       2.000000       4.000000       0.000000       0.000000    
 1974   0.000000       0.000000       0.000000       0.000000       1.000000       1.000000       3.000000       2.000000       3.000000       4.000000       2.000000       0.000000    
 1975   1.000000       0.000000       0.000000       0.000000       0.000000       0.000000       0.000000       4.000000       4.000000       3.000000       2.000000       0.000000    
 1976   1.000000       0.000000       0.000000       1.000000       2.000000       1.000000       3.000000       1.000000       4.000000       0.000000       1.000000       0.000000    
 1977   0.000000       0.000000       0.000000       0.000000       0.000000       0.000000       3.000000       0.000000       2.000000       3.000000       1.000000       1.000000    
 1978   0.000000       0.000000       0.000000       1.000000       0.000000       0.000000       3.000000       2.000000       4.000000       4.000000       1.000000       1.000000    
 1979   1.000000       0.000000       1.000000       1.000000       0.000000       0.000000       2.000000       2.000000       3.000000       2.000000       1.000000       1.000000    
 1980   0.000000       0.000000       0.000000       0.000000       2.000000       0.000000       2.000000       3.000000       4.000000       2.000000       2.000000       0.000000    
 1981   0.000000       0.000000       1.000000       0.000000       0.000000       2.000000       2.000000       2.000000       4.000000       1.000000       2.000000       2.000000    
 1982   0.000000       0.000000       1.000000       1.000000       1.000000       1.000000       2.000000       5.000000       3.000000       3.000000       1.000000       1.000000    
 1983   0.000000       0.000000       0.000000       0.000000       0.000000       0.000000       3.000000       1.000000       2.000000       3.000000       3.000000       0.000000    
 1984   0.000000       0.000000       0.000000       0.000000       0.000000       0.000000       4.000000       1.000000       2.000000       5.000000       3.000000       1.000000    
 1985   0.000000       0.000000       0.000000       0.000000       1.000000       2.000000       1.000000       5.000000       3.000000       4.000000       0.000000       1.000000    
 1986   0.000000       1.000000       0.000000       1.000000       1.000000       1.000000       2.000000       3.000000       3.000000       3.000000       1.000000       2.000000    
 1987   1.000000       0.000000       0.000000       0.000000       0.000000       1.000000       4.000000       3.000000       5.000000       2.000000       1.000000       2.000000    
 1988   1.000000       0.000000       0.000000       0.000000       0.000000       2.000000       1.000000       1.000000       2.000000       4.000000       2.000000       0.000000    
 1989   0.000000       0.000000       0.000000       1.000000       2.000000       1.000000       2.000000       3.000000       2.000000       6.000000       3.000000       1.000000    
 1990   1.000000       0.000000       0.000000       0.000000       1.000000       2.000000       1.000000       6.000000       4.000000       2.000000       3.000000       1.000000    
 1991   0.000000       0.000000       1.000000       0.000000       1.000000       1.000000       4.000000       3.000000       4.000000       3.000000       3.000000       0.000000    
 1992   1.000000       0.000000       0.000000       0.000000       0.000000       2.000000       2.000000       4.000000       3.000000       6.000000       4.000000       0.000000    
 1993   0.000000       0.000000       0.000000       0.000000       0.000000       1.000000       3.000000       4.000000       5.000000       3.000000       1.000000       3.000000    
 1994   0.000000       0.000000       0.000000       1.000000       1.000000       0.000000       3.000000       4.000000       5.000000       4.000000       1.000000       1.000000    
 1995   0.000000       0.000000       0.000000       0.000000       0.000000       0.000000       2.000000       2.000000       5.000000       4.000000       1.000000       0.000000    
 1996   0.000000       0.000000       0.000000       0.000000       1.000000       0.000000       5.000000       5.000000       6.000000       2.000000       1.000000       1.000000    
 1997   0.000000       0.000000       0.000000       1.000000       1.000000       3.000000       1.000000       6.000000       5.000000       2.000000       3.000000       1.000000    
 1998   0.000000       0.000000       0.000000       0.000000       0.000000       0.000000       0.000000       2.000000       4.000000       2.000000       0.000000       1.000000    
 1999   0.000000       0.000000       0.000000       2.000000       0.000000       1.000000       0.000000       4.000000       2.000000       1.000000       1.000000       0.000000    
 2000   0.000000       0.000000       0.000000       0.000000       1.000000       0.000000       2.000000       4.000000       4.000000       2.000000       1.000000       0.000000    
 2001   1.000000       0.000000       0.000000       0.000000       0.000000       1.000000       5.000000       3.000000       5.000000       3.000000       1.000000       1.000000    
 2002   0.000000       0.000000       1.000000       0.000000       1.000000       1.000000       5.000000       3.000000       1.000000       2.000000       1.000000      -999.9000    
 2003   0.000000       0.000000       0.000000       1.000000       1.000000       1.000000       2.000000       3.000000       4.000000       2.000000       3.000000      -999.9000    
 2004   0.000000       0.000000       0.000000       1.000000       1.000000       5.000000       1.000000       6.000000       1.000000       3.000000       1.000000       1.000000    
 2005   1.000000       0.000000       1.000000       1.000000       0.000000       1.000000       1.000000       5.000000       5.000000       2.000000       1.000000       0.000000    
 2006   0.000000       0.000000       0.000000       0.000000       1.000000       0.000000       2.000000       2.000000       3.000000       2.000000       2.000000       1.000000    
 2007   0.000000       0.000000       0.000000       1.000000       1.000000       0.000000       1.000000       4.000000       3.000000      -999.9000       3.000000       0.000000    
