# <a href="http://www.nodc.noaa.gov/OC5/3M_HEAT_CONTENT/basin_avt_data.html">NODC</a> upper ocean mean temperature anomaly of the Pacific
# MT [K] mean temperature anomaly 0-100m
 1955 -0.1530000     -0.1530000     -0.1530000     -0.6100000E-01 -0.6100000E-01 -0.6100000E-01 -0.1400000     -0.1400000     -0.1400000     -0.3730000     -0.3730000     -0.3730000    
 1956 -0.2490000     -0.2490000     -0.2490000     -0.1720000     -0.1720000     -0.1720000     -0.1630000     -0.1630000     -0.1630000     -0.1060000     -0.1060000     -0.1060000    
 1957 -0.1280000     -0.1280000     -0.1280000     -0.4000000E-02 -0.4000000E-02 -0.4000000E-02  0.8000000E-02  0.8000000E-02  0.8000000E-02 -0.2100000E-01 -0.2100000E-01 -0.2100000E-01
 1958  0.5800000E-01  0.5800000E-01  0.5800000E-01 -0.1100000E-01 -0.1100000E-01 -0.1100000E-01  0.1500000E-01  0.1500000E-01  0.1500000E-01 -0.1100000     -0.1100000     -0.1100000    
 1959 -0.7600000E-01 -0.7600000E-01 -0.7600000E-01 -0.1000000E-01 -0.1000000E-01 -0.1000000E-01 -0.7600000E-01 -0.7600000E-01 -0.7600000E-01 -0.1700000E-01 -0.1700000E-01 -0.1700000E-01
 1960 -0.4100000E-01 -0.4100000E-01 -0.4100000E-01 -0.7400000E-01 -0.7400000E-01 -0.7400000E-01 -0.2100000E-01 -0.2100000E-01 -0.2100000E-01 -0.5300000E-01 -0.5300000E-01 -0.5300000E-01
 1961 -0.5200000E-01 -0.5200000E-01 -0.5200000E-01 -0.1130000     -0.1130000     -0.1130000     -0.6300000E-01 -0.6300000E-01 -0.6300000E-01 -0.1470000     -0.1470000     -0.1470000    
 1962 -0.1450000     -0.1450000     -0.1450000     -0.1200000     -0.1200000     -0.1200000     -0.4600000E-01 -0.4600000E-01 -0.4600000E-01 -0.4100000E-01 -0.4100000E-01 -0.4100000E-01
 1963  0.3200000E-01  0.3200000E-01  0.3200000E-01 -0.6000000E-02 -0.6000000E-02 -0.6000000E-02  0.4000000E-01  0.4000000E-01  0.4000000E-01  0.4100000E-01  0.4100000E-01  0.4100000E-01
 1964 -0.6000000E-02 -0.6000000E-02 -0.6000000E-02 -0.1260000     -0.1260000     -0.1260000     -0.1390000     -0.1390000     -0.1390000     -0.2590000     -0.2590000     -0.2590000    
 1965 -0.1910000     -0.1910000     -0.1910000     -0.1250000     -0.1250000     -0.1250000     -0.8200000E-01 -0.8200000E-01 -0.8200000E-01 -0.4300000E-01 -0.4300000E-01 -0.4300000E-01
 1966 -0.1180000     -0.1180000     -0.1180000     -0.1180000     -0.1180000     -0.1180000     -0.1460000     -0.1460000     -0.1460000     -0.1340000     -0.1340000     -0.1340000    
 1967 -0.2390000     -0.2390000     -0.2390000     -0.1610000     -0.1610000     -0.1610000     -0.1180000     -0.1180000     -0.1180000     -0.1870000     -0.1870000     -0.1870000    
 1968 -0.2620000     -0.2620000     -0.2620000     -0.1820000     -0.1820000     -0.1820000      0.2700000E-01  0.2700000E-01  0.2700000E-01 -0.5300000E-01 -0.5300000E-01 -0.5300000E-01
 1969 -0.2000000E-01 -0.2000000E-01 -0.2000000E-01 -0.3500000E-01 -0.3500000E-01 -0.3500000E-01 -0.5600000E-01 -0.5600000E-01 -0.5600000E-01 -0.4200000E-01 -0.4200000E-01 -0.4200000E-01
 1970 -0.9700000E-01 -0.9700000E-01 -0.9700000E-01 -0.1800000     -0.1800000     -0.1800000     -0.9200000E-01 -0.9200000E-01 -0.9200000E-01 -0.2070000     -0.2070000     -0.2070000    
 1971 -0.3480000     -0.3480000     -0.3480000     -0.2660000     -0.2660000     -0.2660000     -0.2700000     -0.2700000     -0.2700000     -0.3160000     -0.3160000     -0.3160000    
 1972 -0.2070000     -0.2070000     -0.2070000     -0.5600000E-01 -0.5600000E-01 -0.5600000E-01 -0.1340000     -0.1340000     -0.1340000     -0.6600000E-01 -0.6600000E-01 -0.6600000E-01
 1973 -0.3800000E-01 -0.3800000E-01 -0.3800000E-01 -0.9900000E-01 -0.9900000E-01 -0.9900000E-01 -0.1500000     -0.1500000     -0.1500000     -0.1180000     -0.1180000     -0.1180000    
 1974 -0.2750000     -0.2750000     -0.2750000     -0.1130000     -0.1130000     -0.1130000     -0.1420000     -0.1420000     -0.1420000     -0.8100000E-01 -0.8100000E-01 -0.8100000E-01
 1975 -0.1620000     -0.1620000     -0.1620000     -0.2010000     -0.2010000     -0.2010000     -0.2220000     -0.2220000     -0.2220000     -0.2070000     -0.2070000     -0.2070000    
 1976 -0.2240000     -0.2240000     -0.2240000     -0.1620000     -0.1620000     -0.1620000     -0.1090000     -0.1090000     -0.1090000     -0.4100000E-01 -0.4100000E-01 -0.4100000E-01
 1977  0.1080000      0.1080000      0.1080000     -0.1100000E-01 -0.1100000E-01 -0.1100000E-01  0.5000000E-01  0.5000000E-01  0.5000000E-01  0.6300000E-01  0.6300000E-01  0.6300000E-01
 1978  0.1700000E-01  0.1700000E-01  0.1700000E-01 -0.3200000E-01 -0.3200000E-01 -0.3200000E-01  0.4500000E-01  0.4500000E-01  0.4500000E-01  0.1500000E-01  0.1500000E-01  0.1500000E-01
 1979  0.2200000E-01  0.2200000E-01  0.2200000E-01  0.9100000E-01  0.9100000E-01  0.9100000E-01  0.2000000E-01  0.2000000E-01  0.2000000E-01  0.1420000      0.1420000      0.1420000    
 1980  0.1670000      0.1670000      0.1670000      0.8600000E-01  0.8600000E-01  0.8600000E-01  0.6000000E-01  0.6000000E-01  0.6000000E-01  0.1010000      0.1010000      0.1010000    
 1981 -0.2100000E-01 -0.2100000E-01 -0.2100000E-01  0.4900000E-01  0.4900000E-01  0.4900000E-01  0.8000000E-02  0.8000000E-02  0.8000000E-02  0.2700000E-01  0.2700000E-01  0.2700000E-01
 1982 -0.6000000E-02 -0.6000000E-02 -0.6000000E-02  0.4000000E-02  0.4000000E-02  0.4000000E-02  0.4000000E-02  0.4000000E-02  0.4000000E-02  0.7400000E-01  0.7400000E-01  0.7400000E-01
 1983  0.1130000      0.1130000      0.1130000      0.1320000      0.1320000      0.1320000      0.3000000E-01  0.3000000E-01  0.3000000E-01  0.2000000E-01  0.2000000E-01  0.2000000E-01
 1984 -0.1700000E-01 -0.1700000E-01 -0.1700000E-01 -0.7000000E-01 -0.7000000E-01 -0.7000000E-01 -0.8800000E-01 -0.8800000E-01 -0.8800000E-01 -0.6000000E-01 -0.6000000E-01 -0.6000000E-01
 1985 -0.8900000E-01 -0.8900000E-01 -0.8900000E-01 -0.5700000E-01 -0.5700000E-01 -0.5700000E-01 -0.1700000E-01 -0.1700000E-01 -0.1700000E-01 -0.9900000E-01 -0.9900000E-01 -0.9900000E-01
 1986 -0.6400000E-01 -0.6400000E-01 -0.6400000E-01  0.2200000E-01  0.2200000E-01  0.2200000E-01  0.6000000E-01  0.6000000E-01  0.6000000E-01  0.1130000      0.1130000      0.1130000    
 1987  0.1520000      0.1520000      0.1520000      0.1740000      0.1740000      0.1740000      0.1360000      0.1360000      0.1360000      0.1480000      0.1480000      0.1480000    
 1988  0.7200000E-01  0.7200000E-01  0.7200000E-01  0.4800000E-01  0.4800000E-01  0.4800000E-01  0.4500000E-01  0.4500000E-01  0.4500000E-01 -0.7600000E-01 -0.7600000E-01 -0.7600000E-01
 1989 -0.6700000E-01 -0.6700000E-01 -0.6700000E-01 -0.1600000E-01 -0.1600000E-01 -0.1600000E-01  0.8000000E-02  0.8000000E-02  0.8000000E-02  0.7300000E-01  0.7300000E-01  0.7300000E-01
 1990  0.1510000      0.1510000      0.1510000      0.2320000      0.2320000      0.2320000      0.1460000      0.1460000      0.1460000      0.1630000      0.1630000      0.1630000    
 1991  0.2340000      0.2340000      0.2340000      0.1740000      0.1740000      0.1740000      0.2330000      0.2330000      0.2330000      0.1870000      0.1870000      0.1870000    
 1992  0.3130000      0.3130000      0.3130000      0.2780000      0.2780000      0.2780000      0.1650000      0.1650000      0.1650000      0.1550000      0.1550000      0.1550000    
 1993  0.1930000      0.1930000      0.1930000      0.2070000      0.2070000      0.2070000      0.1350000      0.1350000      0.1350000      0.1600000      0.1600000      0.1600000    
 1994  0.1140000      0.1140000      0.1140000      0.5500000E-01  0.5500000E-01  0.5500000E-01  0.1020000      0.1020000      0.1020000      0.1600000      0.1600000      0.1600000    
 1995  0.1690000      0.1690000      0.1690000      0.9600000E-01  0.9600000E-01  0.9600000E-01  0.1200000E-01  0.1200000E-01  0.1200000E-01  0.4800000E-01  0.4800000E-01  0.4800000E-01
 1996  0.1220000      0.1220000      0.1220000      0.1000000      0.1000000      0.1000000      0.1450000      0.1450000      0.1450000      0.9500000E-01  0.9500000E-01  0.9500000E-01
 1997  0.3800000E-01  0.3800000E-01  0.3800000E-01  0.2420000      0.2420000      0.2420000      0.3470000      0.3470000      0.3470000      0.2670000      0.2670000      0.2670000    
 1998  0.3130000      0.3130000      0.3130000      0.2970000      0.2970000      0.2970000      0.1910000      0.1910000      0.1910000      0.7700000E-01  0.7700000E-01  0.7700000E-01
 1999 -0.3000000E-01 -0.3000000E-01 -0.3000000E-01 -0.9700000E-01 -0.9700000E-01 -0.9700000E-01 -0.1400000E-01 -0.1400000E-01 -0.1400000E-01  0.3300000E-01  0.3300000E-01  0.3300000E-01
 2000 -0.5900000E-01 -0.5900000E-01 -0.5900000E-01 -0.4300000E-01 -0.4300000E-01 -0.4300000E-01  0.6300000E-01  0.6300000E-01  0.6300000E-01  0.9700000E-01  0.9700000E-01  0.9700000E-01
 2001  0.8400000E-01  0.8400000E-01  0.8400000E-01  0.1540000      0.1540000      0.1540000      0.1300000      0.1300000      0.1300000      0.2220000      0.2220000      0.2220000    
 2002  0.1960000      0.1960000      0.1960000      0.2060000      0.2060000      0.2060000      0.2070000      0.2070000      0.2070000      0.2600000      0.2600000      0.2600000    
 2003  0.1710000      0.1710000      0.1710000      0.1650000      0.1650000      0.1650000      0.2210000      0.2210000      0.2210000      0.3190000      0.3190000      0.3190000    
 2004  0.2750000      0.2750000      0.2750000      0.2360000      0.2360000      0.2360000      0.2640000      0.2640000      0.2640000      0.2840000      0.2840000      0.2840000    
 2005  0.2780000      0.2780000      0.2780000      0.2690000      0.2690000      0.2690000      0.2670000      0.2670000      0.2670000      0.2550000      0.2550000      0.2550000    
 2006  0.1870000      0.1870000      0.1870000      0.2050000      0.2050000      0.2050000      0.2630000      0.2630000      0.2630000      0.2980000      0.2980000      0.2980000    
 2007  0.2210000      0.2210000      0.2210000      0.1650000      0.1650000      0.1650000      0.1380000      0.1380000      0.1380000      0.3000000E-01  0.3000000E-01  0.3000000E-01
 2008 -0.2900000E-01 -0.2900000E-01 -0.2900000E-01  0.4200000E-01  0.4200000E-01  0.4200000E-01  0.1710000      0.1710000      0.1710000      0.1320000      0.1320000      0.1320000    
 2009  0.1580000      0.1580000      0.1580000      0.2440000      0.2440000      0.2440000      0.3250000      0.3250000      0.3250000      0.3060000      0.3060000      0.3060000    
 2010  0.3770000      0.3770000      0.3770000      0.2050000      0.2050000      0.2050000      0.1090000      0.1090000      0.1090000     -0.2100000E-01 -0.2100000E-01 -0.2100000E-01
 2011  0.1000000E-01  0.1000000E-01  0.1000000E-01  0.8100000E-01  0.8100000E-01  0.8100000E-01  0.9800000E-01  0.9800000E-01  0.9800000E-01  0.6300000E-01  0.6300000E-01  0.6300000E-01
 2012  0.8000000E-01  0.8000000E-01  0.8000000E-01  0.9400000E-01  0.9400000E-01  0.9400000E-01  0.2280000      0.2280000      0.2280000      0.2230000      0.2230000      0.2230000    
 2013  0.1780000      0.1780000      0.1780000      0.2210000      0.2210000      0.2210000      0.2360000      0.2360000      0.2360000      0.2740000      0.2740000      0.2740000    
 2014  0.2560000      0.2560000      0.2560000      0.3710000      0.3710000      0.3710000      0.3040000      0.3040000      0.3040000      0.3240000      0.3240000      0.3240000    
 2015  0.3750000      0.3750000      0.3750000      0.4710000      0.4710000      0.4710000      0.5160000      0.5160000      0.5160000      0.5700000      0.5700000      0.5700000    
