# wio [Celsius] West Indian Ocean SST anomalies
# from <a href=http://www.jamstec.go.jp/frcgc/research/d1/iod/e/iod/about_iod.html>JAMSTEC</a>
1870 1 -0.0351939
1870 2 -0.265349
1870 3 -0.322743
1870 4 -0.0365786
1870 5 -0.0428212
1870 6 -0.0497543
1870 7 0.0319582
1870 8 0.135463
1870 9 0.0877075
1870 10 0.0350661
1870 11 -0.00792678
1870 12 -0.0512951
1871 1 0.00330668
1871 2 -0.133084
1871 3 -0.136619
1871 4 -0.240037
1871 5 -0.370874
1871 6 -0.405748
1871 7 -0.106776
1871 8 -0.145042
1871 9 -0.427009
1871 10 -0.317536
1871 11 -0.213147
1871 12 -0.236475
1872 1 -0.328861
1872 2 -0.288226
1872 3 -0.212746
1872 4 -0.312783
1872 5 -0.0919021
1872 6 -0.0922235
1872 7 -0.107133
1872 8 -0.146692
1872 9 -0.178157
1872 10 -0.197612
1872 11 -0.0538338
1872 12 -0.270881
1873 1 -0.337342
1873 2 -0.340813
1873 3 -0.36744
1873 4 -0.245087
1873 5 -0.312163
1873 6 -0.195325
1873 7 -0.161102
1873 8 -0.0370177
1873 9 0.0765927
1873 10 -0.256579
1873 11 -0.198567
1873 12 -0.301713
1874 1 0.0540488
1874 2 -0.094088
1874 3 0.214516
1874 4 0.137493
1874 5 -0.162302
1874 6 -0.0671707
1874 7 -0.0177998
1874 8 -0.378525
1874 9 -0.0227259
1874 10 -0.00247079
1874 11 -0.363313
1874 12 -0.0587369
1875 1 -0.0672306
1875 2 -0.282865
1875 3 -0.345093
1875 4 -0.518879
1875 5 -0.1625
1875 6 -0.403679
1875 7 -0.364572
1875 8 -0.412756
1875 9 -0.345778
1875 10 -0.01612
1875 11 0.329146
1875 12 -0.280357
1876 1 -0.350645
1876 2 -0.203659
1876 3 -0.0511183
1876 4 -0.066009
1876 5 -0.113638
1876 6 -0.412155
1876 7 -0.398338
1876 8 -0.393945
1876 9 -0.660409
1876 10 -0.580267
1876 11 -0.467184
1876 12 -0.416454
1877 1 -0.272344
1877 2 -0.473342
1877 3 -0.262711
1877 4 -0.189869
1877 5 0.0197924
1877 6 0.159029
1877 7 0.296243
1877 8 -0.345598
1877 9 -0.410773
1877 10 -0.371619
1877 11 -0.42415
1877 12 0.0414642
1878 1 0.54027
1878 2 0.852424
1878 3 0.476598
1878 4 0.444981
1878 5 0.508749
1878 6 0.470617
1878 7 0.40556
1878 8 0.234327
1878 9 -0.116654
1878 10 0.300614
1878 11 -0.00294712
1878 12 0.141882
1879 1 0.149925
1879 2 0.0241479
1879 3 0.114827
1879 4 -0.0110365
1879 5 0.00542083
1879 6 -0.0595264
1879 7 -0.0445706
1879 8 -0.0409408
1879 9 -0.101191
1879 10 -0.132765
1879 11 -0.220099
1879 12 -0.29347
1880 1 -0.369633
1880 2 -0.22034
1880 3 -0.079608
1880 4 -0.260762
1880 5 -0.392054
1880 6 -0.394804
1880 7 -0.0752392
1880 8 0.191756
1880 9 -0.0467797
1880 10 0.0132973
1880 11 0.115371
1880 12 -0.0588117
1881 1 -0.327434
1881 2 0.00749777
1881 3 0.212742
1881 4 0.308252
1881 5 0.171974
1881 6 -0.186002
1881 7 0.107439
1881 8 0.0528866
1881 9 0.0231212
1881 10 0.0402435
1881 11 -0.0623973
1881 12 0.0729662
1882 1 0.247766
1882 2 0.358978
1882 3 -0.0469648
1882 4 -0.011196
1882 5 -0.1863
1882 6 -0.357054
1882 7 -0.254439
1882 8 -0.0074356
1882 9 0.0487323
1882 10 -0.0522808
1882 11 -0.27185
1882 12 -0.343204
1883 1 0.329172
1883 2 -0.0341346
1883 3 -0.136191
1883 4 -0.335262
1883 5 -0.236985
1883 6 0.0554119
1883 7 0.0021654
1883 8 -0.341799
1883 9 -0.221362
1883 10 -0.380538
1883 11 -0.285738
1883 12 -0.4629
1884 1 -0.381278
1884 2 -0.346623
1884 3 -0.121079
1884 4 -0.315278
1884 5 -0.333589
1884 6 -0.276588
1884 7 -0.203351
1884 8 0.0864024
1884 9 0.147183
1884 10 -0.0528496
1884 11 -0.0390222
1884 12 -0.0148787
1885 1 0.0666575
1885 2 -0.377449
1885 3 -0.214701
1885 4 -0.228107
1885 5 -0.260528
1885 6 -0.516731
1885 7 -0.535465
1885 8 -0.391225
1885 9 -0.215599
1885 10 -0.315702
1885 11 0.00105079
1885 12 0.00815376
1886 1 0.264356
1886 2 0.226259
1886 3 0.323184
1886 4 0.195314
1886 5 0.0666993
1886 6 -0.186308
1886 7 -0.0869296
1886 8 0.177236
1886 9 0.0693466
1886 10 -0.102255
1886 11 -0.122039
1886 12 -0.393944
1887 1 -0.179039
1887 2 -0.21968
1887 3 -0.227372
1887 4 -0.42803
1887 5 -0.458438
1887 6 -0.498051
1887 7 -0.358854
1887 8 -0.434408
1887 9 -0.667422
1887 10 -0.29337
1887 11 -0.334874
1887 12 -0.415253
1888 1 -0.491255
1888 2 -0.070689
1888 3 0.0480708
1888 4 0.143052
1888 5 0.0835294
1888 6 -0.116483
1888 7 -0.180561
1888 8 0.00573975
1888 9 -0.119361
1888 10 0.0816458
1888 11 0.169387
1888 12 0.123647
1889 1 0.343505
1889 2 0.143558
1889 3 0.434879
1889 4 0.34495
1889 5 0.335516
1889 6 0.0736712
1889 7 0.0425272
1889 8 0.113429
1889 9 0.164003
1889 10 0.082781
1889 11 -0.0792027
1889 12 -0.360296
1890 1 -0.592385
1890 2 -0.558286
1890 3 -0.203598
1890 4 -0.390835
1890 5 -0.482387
1890 6 -0.298524
1890 7 -0.326746
1890 8 -0.526756
1890 9 -0.349957
1890 10 -0.177696
1890 11 -0.324655
1890 12 -0.317635
1891 1 -0.359398
1891 2 -0.0669726
1891 3 0.0527108
1891 4 -0.143438
1891 5 -0.234003
1891 6 -0.336855
1891 7 -0.496371
1891 8 -0.626774
1891 9 -0.588568
1891 10 -0.528159
1891 11 -0.408232
1891 12 -0.395735
1892 1 -0.0930644
1892 2 0.135984
1892 3 -0.131778
1892 4 -0.112887
1892 5 -0.00804326
1892 6 0.185251
1892 7 -0.18004
1892 8 0.0689266
1892 9 0.224596
1892 10 -0.305545
1892 11 -0.514749
1892 12 -0.532913
1893 1 -0.495312
1893 2 -0.457233
1893 3 -0.113604
1893 4 -0.157558
1893 5 -0.255788
1893 6 -0.243642
1893 7 -0.1223
1893 8 -0.0418221
1893 9 -0.138092
1893 10 -0.111759
1893 11 -0.311812
1893 12 -0.334667
1894 1 -0.505887
1894 2 -0.270509
1894 3 -0.274781
1894 4 -0.218737
1894 5 -0.45987
1894 6 -0.570229
1894 7 -0.57164
1894 8 -0.794586
1894 9 -0.572539
1894 10 -0.525469
1894 11 -0.484867
1894 12 -0.366519
1895 1 -0.39953
1895 2 -0.385061
1895 3 -0.310606
1895 4 -0.344741
1895 5 -0.391587
1895 6 -0.343037
1895 7 -0.295332
1895 8 -0.300046
1895 9 -0.224656
1895 10 -0.308082
1895 11 0.0439012
1895 12 -0.112232
1896 1 0.085386
1896 2 0.174579
1896 3 0.167009
1896 4 0.0258974
1896 5 -1.26097e-05
1896 6 -0.0470754
1896 7 -0.22017
1896 8 -0.267252
1896 9 -0.398307
1896 10 -0.602674
1896 11 -0.418308
1896 12 -0.136551
1897 1 0.103065
1897 2 0.254126
1897 3 0.249787
1897 4 0.0178933
1897 5 -0.10416
1897 6 -0.0399801
1897 7 0.126849
1897 8 0.203736
1897 9 0.164298
1897 10 0.501878
1897 11 0.134053
1897 12 0.136752
1898 1 -0.0408532
1898 2 -0.133355
1898 3 -0.368818
1898 4 -0.175259
1898 5 -0.118853
1898 6 -0.212134
1898 7 0.101005
1898 8 0.0474345
1898 9 0.044523
1898 10 0.0951469
1898 11 -0.165755
1898 12 -0.298598
1899 1 -0.461477
1899 2 -0.535456
1899 3 -0.552855
1899 4 -0.506811
1899 5 -0.44026
1899 6 -0.347486
1899 7 -0.217913
1899 8 -0.279877
1899 9 -0.244105
1899 10 -0.170786
1899 11 -0.166149
1899 12 0.140276
1900 1 0.0979216
1900 2 0.197837
1900 3 0.171606
1900 4 0.196323
1900 5 -0.00752005
1900 6 -0.116084
1900 7 -0.0265283
1900 8 0.0150947
1900 9 0.0287133
1900 10 -0.151236
1900 11 -0.150349
1900 12 0.278645
1901 1 0.309502
1901 2 0.191458
1901 3 0.109251
1901 4 0.0569777
1901 5 0.0392785
1901 6 -0.0758422
1901 7 -0.246545
1901 8 -0.0375417
1901 9 -0.159423
1901 10 -0.106366
1901 11 -0.093223
1901 12 -0.0332429
1902 1 -0.0447497
1902 2 0.0010104
1902 3 -0.209979
1902 4 -0.350175
1902 5 -0.354715
1902 6 -0.219734
1902 7 -0.433923
1902 8 -0.622687
1902 9 -0.705157
1902 10 -0.242733
1902 11 -0.459732
1902 12 -0.157846
1903 1 0.0179251
1903 2 0.0830029
1903 3 -0.0634627
1903 4 0.0311255
1903 5 -0.222286
1903 6 -0.0342939
1903 7 -0.0568904
1903 8 -0.0630909
1903 9 -0.0809716
1903 10 -0.0371625
1903 11 -0.319247
1903 12 -0.338789
1904 1 -0.638223
1904 2 -0.353374
1904 3 -0.441987
1904 4 -0.630705
1904 5 -0.424675
1904 6 -0.311685
1904 7 -0.30583
1904 8 -0.272693
1904 9 -0.1846
1904 10 -0.361645
1904 11 -0.272269
1904 12 -0.0486354
1905 1 -0.0475568
1905 2 -0.0229455
1905 3 0.0878226
1905 4 -0.26443
1905 5 -0.328657
1905 6 0.114284
1905 7 -0.217723
1905 8 -0.327428
1905 9 -0.409844
1905 10 -0.143423
1905 11 0.0172104
1905 12 0.222358
1906 1 0.224384
1906 2 0.353853
1906 3 0.154004
1906 4 0.208435
1906 5 0.0168697
1906 6 0.0230255
1906 7 0.135403
1906 8 0.281536
1906 9 0.471982
1906 10 0.12695
1906 11 -0.0927205
1906 12 -0.401448
1907 1 -0.0310825
1907 2 -0.200032
1907 3 -0.350811
1907 4 -0.0340041
1907 5 -0.31321
1907 6 -0.383839
1907 7 -0.264917
1907 8 -0.177904
1907 9 -0.187196
1907 10 -0.254038
1907 11 -0.177427
1907 12 -0.192783
1908 1 -0.0223686
1908 2 -0.0719986
1908 3 -0.364338
1908 4 0.0377538
1908 5 -0.226322
1908 6 -0.281792
1908 7 -0.139028
1908 8 -0.0228467
1908 9 -0.363096
1908 10 -0.129179
1908 11 -0.112017
1908 12 -0.224512
1909 1 0.0110403
1909 2 -0.155869
1909 3 -0.0385299
1909 4 -0.0423078
1909 5 0.0266716
1909 6 0.0175271
1909 7 0.0678938
1909 8 0.0569202
1909 9 0.0684249
1909 10 -0.0836233
1909 11 -0.177787
1909 12 -0.195175
1910 1 0.0384224
1910 2 -0.428695
1910 3 -0.184187
1910 4 -0.499037
1910 5 -0.259269
1910 6 -0.192717
1910 7 0.13732
1910 8 -0.115948
1910 9 -0.0110121
1910 10 0.0128163
1910 11 -0.261533
1910 12 -0.400905
1911 1 -0.161362
1911 2 -0.204705
1911 3 0.264994
1911 4 -0.0343002
1911 5 -0.103717
1911 6 -0.0628487
1911 7 -0.139702
1911 8 -0.0621018
1911 9 -0.248872
1911 10 -0.151722
1911 11 -0.266835
1911 12 -0.259374
1912 1 -0.0920496
1912 2 -0.048697
1912 3 -0.316048
1912 4 0.0254071
1912 5 -0.288019
1912 6 -0.203161
1912 7 0.0363383
1912 8 0.194757
1912 9 0.117145
1912 10 -0.0241327
1912 11 0.00687675
1912 12 -0.192574
1913 1 -0.26842
1913 2 -0.030969
1913 3 -0.424955
1913 4 -0.386538
1913 5 -0.345314
1913 6 -0.536821
1913 7 -0.444995
1913 8 -0.408505
1913 9 -0.270095
1913 10 -0.469478
1913 11 -0.16503
1913 12 -0.0878704
1914 1 -0.0331166
1914 2 0.0517923
1914 3 0.044026
1914 4 -0.0943472
1914 5 -0.188569
1914 6 -0.315223
1914 7 -0.0635258
1914 8 -0.137415
1914 9 -0.395459
1914 10 -0.209579
1914 11 0.242127
1914 12 0.185591
1915 1 0.104406
1915 2 0.177277
1915 3 0.0977993
1915 4 0.197837
1915 5 0.243012
1915 6 0.271735
1915 7 0.329466
1915 8 0.0420673
1915 9 0.136388
1915 10 -0.0626501
1915 11 -0.0333106
1915 12 -0.225582
1916 1 -0.362387
1916 2 -0.399417
1916 3 -0.379282
1916 4 -0.310345
1916 5 -0.245843
1916 6 -0.000232377
1916 7 0.0127007
1916 8 0.204324
1916 9 0.390481
1916 10 0.0436601
1916 11 -0.323279
1916 12 -0.399965
1917 1 -0.579058
1917 2 -0.518385
1917 3 -0.691491
1917 4 -0.385787
1917 5 -0.368791
1917 6 -0.208149
1917 7 0.0443331
1917 8 0.0878775
1917 9 0.329156
1917 10 0.136307
1917 11 -0.0899585
1917 12 -0.353369
1918 1 -0.780186
1918 2 -0.968301
1918 3 -0.770989
1918 4 -0.504782
1918 5 -0.33731
1918 6 -0.369709
1918 7 -0.33872
1918 8 -0.44826
1918 9 -0.370413
1918 10 -0.298276
1918 11 -0.128796
1918 12 -0.218029
1919 1 0.0809216
1919 2 0.0853123
1919 3 0.0542925
1919 4 0.125063
1919 5 0.2239
1919 6 0.186658
1919 7 -0.118673
1919 8 -0.0477284
1919 9 -0.0719473
1919 10 -0.218967
1919 11 -0.494157
1919 12 -0.24398
1920 1 -0.236502
1920 2 -0.325812
1920 3 -0.291043
1920 4 -0.322439
1920 5 -0.386023
1920 6 -0.382298
1920 7 -0.329915
1920 8 0.0311276
1920 9 -0.0406568
1920 10 -0.286275
1920 11 -0.0770086
1920 12 -0.249436
1921 1 -0.28222
1921 2 -0.376044
1921 3 -0.443517
1921 4 -0.186407
1921 5 -0.489689
1921 6 -0.33973
1921 7 -0.190733
1921 8 0.0395992
1921 9 -0.2404
1921 10 -0.0365885
1921 11 -0.146828
1921 12 0.0363327
1922 1 -0.0940786
1922 2 -0.118406
1922 3 -0.409251
1922 4 -0.2639
1922 5 -0.243506
1922 6 -0.223819
1922 7 -0.122785
1922 8 -0.0911265
1922 9 -0.274489
1922 10 -0.0666375
1922 11 0.00688594
1922 12 -0.380518
1923 1 -0.416269
1923 2 -0.262473
1923 3 -0.193549
1923 4 -0.139624
1923 5 -0.0698531
1923 6 -0.266246
1923 7 -0.241156
1923 8 -0.526626
1923 9 -0.771724
1923 10 -0.548391
1923 11 -0.460788
1923 12 -0.113751
1924 1 0.135104
1924 2 0.32832
1924 3 0.244023
1924 4 0.0605663
1924 5 -0.0585972
1924 6 0.0472326
1924 7 -0.0673941
1924 8 -0.13527
1924 9 0.0555404
1924 10 -0.326994
1924 11 -0.341881
1924 12 -0.259724
1925 1 -0.42459
1925 2 -0.643595
1925 3 -0.478213
1925 4 -0.758814
1925 5 -0.401041
1925 6 -0.504933
1925 7 -0.224059
1925 8 -0.403237
1925 9 -0.626921
1925 10 -0.416583
1925 11 -0.205266
1925 12 -0.100621
1926 1 -0.087132
1926 2 0.0629898
1926 3 0.0202933
1926 4 0.0427396
1926 5 -0.0580977
1926 6 -0.226982
1926 7 0.129274
1926 8 -0.218635
1926 9 -0.0461917
1926 10 -0.13614
1926 11 -0.0161867
1926 12 -0.0474
1927 1 -0.3034
1927 2 -0.0382253
1927 3 -0.224006
1927 4 -0.134083
1927 5 -0.31573
1927 6 -0.2765
1927 7 0.0584262
1927 8 -0.0403873
1927 9 -0.00279716
1927 10 -0.00147773
1927 11 -0.186915
1927 12 -0.096034
1928 1 0.147931
1928 2 0.185547
1928 3 -0.00486361
1928 4 -0.230559
1928 5 -0.139554
1928 6 0.0515869
1928 7 -0.00429212
1928 8 0.271606
1928 9 0.3048
1928 10 0.0373721
1928 11 -0.0354731
1928 12 0.00433332
1929 1 -0.125252
1929 2 -0.184232
1929 3 -0.209921
1929 4 -0.0694841
1929 5 -0.275338
1929 6 -0.318889
1929 7 -0.33914
1929 8 -0.201025
1929 9 -0.213675
1929 10 -0.148327
1929 11 -0.101349
1929 12 -0.0384847
1930 1 0.107722
1930 2 0.128118
1930 3 0.126736
1930 4 0.180106
1930 5 -0.0450499
1930 6 -0.312184
1930 7 -0.174911
1930 8 -0.137285
1930 9 0.139476
1930 10 0.0304385
1930 11 -0.107911
1930 12 -0.0256131
1931 1 0.18599
1931 2 0.564892
1931 3 0.55924
1931 4 0.477872
1931 5 0.327672
1931 6 0.331414
1931 7 0.362618
1931 8 0.190162
1931 9 0.354229
1931 10 0.094338
1931 11 0.0443989
1931 12 0.176338
1932 1 -0.0213062
1932 2 -0.0521098
1932 3 0.0475764
1932 4 -0.244575
1932 5 0.0288151
1932 6 -0.0150149
1932 7 -0.161128
1932 8 0.0849887
1932 9 -0.177967
1932 10 0.0823226
1932 11 -0.188375
1932 12 -0.356862
1933 1 0.0742627
1933 2 -0.0817348
1933 3 -0.281399
1933 4 -0.394475
1933 5 0.0482465
1933 6 -0.0567102
1933 7 0.0643568
1933 8 0.126714
1933 9 0.596585
1933 10 0.165969
1933 11 -0.0645566
1933 12 -0.114204
1934 1 -0.250384
1934 2 -0.604323
1934 3 -0.681971
1934 4 -0.458035
1934 5 -0.520081
1934 6 -0.315928
1934 7 -0.186254
1934 8 -0.289609
1934 9 0.00387966
1934 10 -0.241341
1934 11 -0.159057
1934 12 0.0468377
1935 1 -0.189254
1935 2 0.0171273
1935 3 -0.406858
1935 4 0.0175597
1935 5 -0.33218
1935 6 -0.335559
1935 7 -0.531591
1935 8 -0.425202
1935 9 -0.287322
1935 10 -0.254419
1935 11 -0.371153
1935 12 -0.214828
1936 1 -0.13955
1936 2 0.247708
1936 3 0.0673754
1936 4 -0.144875
1936 5 -0.171954
1936 6 -0.253376
1936 7 -0.211163
1936 8 0.235657
1936 9 0.307826
1936 10 0.212443
1936 11 -0.11679
1936 12 0.258386
1937 1 -0.0134795
1937 2 0.366115
1937 3 0.234521
1937 4 0.215542
1937 5 -0.155706
1937 6 0.153577
1937 7 0.186306
1937 8 0.0206088
1937 9 -0.0436808
1937 10 0.0535809
1937 11 0.0969404
1937 12 -0.162059
1938 1 0.0188597
1938 2 0.130571
1938 3 0.0125072
1938 4 0.0762699
1938 5 -0.0890928
1938 6 0.259602
1938 7 0.239186
1938 8 -0.094275
1938 9 0.0492791
1938 10 0.142602
1938 11 0.191757
1938 12 0.106506
1939 1 -0.323546
1939 2 -0.3825
1939 3 -0.385014
1939 4 -0.152358
1939 5 -0.180061
1939 6 -0.131917
1939 7 0.0118603
1939 8 -0.0450473
1939 9 -0.236197
1939 10 -0.326233
1939 11 0.167271
1939 12 -0.0530116
1940 1 -0.184276
1940 2 -0.0194771
1940 3 0.254236
1940 4 0.115765
1940 5 0.0814689
1940 6 -0.0934169
1940 7 0.183611
1940 8 -0.169707
1940 9 0.0589409
1940 10 0.260381
1940 11 0.327675
1940 12 0.316691
1941 1 0.483538
1941 2 0.676161
1941 3 0.456024
1941 4 0.489062
1941 5 0.292569
1941 6 0.423382
1941 7 0.529902
1941 8 0.523286
1941 9 0.183473
1941 10 0.181158
1941 11 0.115461
1941 12 0.493144
1942 1 0.254959
1942 2 0.198001
1942 3 0.416512
1942 4 0.289825
1942 5 0.361883
1942 6 0.519557
1942 7 0.11482
1942 8 0.636303
1942 9 0.392986
1942 10 -0.0420564
1942 11 0.0564383
1942 12 -0.0528382
1943 1 -0.151474
1943 2 -0.190165
1943 3 -0.210284
1943 4 -0.278819
1943 5 -0.050777
1943 6 -0.394223
1943 7 -0.401395
1943 8 -0.279165
1943 9 0.266905
1943 10 0.142981
1943 11 0.229877
1943 12 0.12604
1944 1 0.0231383
1944 2 -0.35559
1944 3 0.0323442
1944 4 -0.0583881
1944 5 -0.327304
1944 6 0.036918
1944 7 -0.0991535
1944 8 -0.126597
1944 9 0.00732778
1944 10 0.175158
1944 11 0.0424496
1944 12 0.0993457
1945 1 0.401567
1945 2 0.291898
1945 3 -0.343427
1945 4 -0.18369
1945 5 -0.0470152
1945 6 0.146826
1945 7 0.42239
1945 8 0.431644
1945 9 0.0328851
1945 10 -0.0532572
1945 11 -0.0803577
1945 12 0.137991
1946 1 -0.26442
1946 2 -0.126582
1946 3 0.0223987
1946 4 0.323177
1946 5 -0.405666
1946 6 -0.120181
1946 7 -0.319935
1946 8 -0.588127
1946 9 -0.445696
1946 10 -0.163055
1946 11 -0.383321
1946 12 -0.335334
1947 1 0.0302451
1947 2 -0.321936
1947 3 -0.308016
1947 4 -0.511476
1947 5 -0.422003
1947 6 -0.275376
1947 7 -0.118649
1947 8 0.0598994
1947 9 0.0437588
1947 10 -0.197787
1947 11 -0.391713
1947 12 -0.502025
1948 1 -0.346484
1948 2 -0.252503
1948 3 -0.2054
1948 4 -0.2073
1948 5 -0.315513
1948 6 -0.288189
1948 7 -0.135929
1948 8 -0.00851014
1948 9 -0.161393
1948 10 -0.190462
1948 11 -0.237241
1948 12 0.15396
1949 1 -0.415885
1949 2 -0.478694
1949 3 -0.316943
1949 4 -0.536716
1949 5 -0.410481
1949 6 -0.387174
1949 7 -0.294678
1949 8 -0.453777
1949 9 -0.346302
1949 10 -0.323524
1949 11 -0.0757798
1949 12 -0.156228
1950 1 -0.325364
1950 2 -0.0376976
1950 3 0.222067
1950 4 -0.163141
1950 5 -0.200572
1950 6 -0.0897483
1950 7 -0.278909
1950 8 -0.441934
1950 9 -0.185799
1950 10 -0.125785
1950 11 -0.476157
1950 12 -0.589216
1951 1 -0.811511
1951 2 -0.725232
1951 3 -0.59256
1951 4 -0.226692
1951 5 -0.359856
1951 6 -0.0910596
1951 7 -0.187471
1951 8 -0.367367
1951 9 -0.126985
1951 10 -0.062535
1951 11 -0.18955
1951 12 0.0456924
1952 1 -0.0970695
1952 2 -0.131319
1952 3 -0.224502
1952 4 -0.165514
1952 5 -0.0679823
1952 6 -0.16604
1952 7 -0.0518017
1952 8 -0.0584849
1952 9 0.0313906
1952 10 -0.111891
1952 11 -0.23066
1952 12 -0.223361
1953 1 -0.40602
1953 2 -0.458701
1953 3 -0.18088
1953 4 -0.0877227
1953 5 -0.306041
1953 6 0.00353375
1953 7 -0.246628
1953 8 -0.290502
1953 9 -0.339229
1953 10 -0.15134
1953 11 0.00456424
1953 12 0.202664
1954 1 0.147357
1954 2 0.119394
1954 3 -0.0285496
1954 4 -0.164076
1954 5 0.210767
1954 6 0.0462845
1954 7 -0.0987517
1954 8 -0.183656
1954 9 -0.201019
1954 10 -0.226058
1954 11 -0.222543
1954 12 -0.56301
1955 1 -0.177578
1955 2 -0.399303
1955 3 -0.420503
1955 4 -0.421722
1955 5 0.0312635
1955 6 -0.35154
1955 7 -0.254606
1955 8 -0.0608065
1955 9 0.135489
1955 10 -0.0389811
1955 11 -0.281612
1955 12 -0.139347
1956 1 -0.251545
1956 2 -0.429283
1956 3 -0.337449
1956 4 -0.0692511
1956 5 -0.104316
1956 6 0.106492
1956 7 0.212459
1956 8 0.0921599
1956 9 0.029691
1956 10 0.0525003
1956 11 -0.0418975
1956 12 -0.21055
1957 1 0.116202
1957 2 0.195247
1957 3 -0.0226416
1957 4 0.0689469
1957 5 0.338202
1957 6 0.157016
1957 7 0.0848555
1957 8 0.00320541
1957 9 -0.154924
1957 10 0.00976258
1957 11 0.304559
1957 12 0.0398022
1958 1 0.474017
1958 2 0.31324
1958 3 0.26293
1958 4 0.194409
1958 5 0.240459
1958 6 0.413852
1958 7 0.719995
1958 8 0.90705
1958 9 0.758411
1958 10 0.51176
1958 11 0.360035
1958 12 0.52112
1959 1 0.189151
1959 2 0.601106
1959 3 0.428936
1959 4 0.178999
1959 5 0.459191
1959 6 0.301485
1959 7 0.0655504
1959 8 0.250902
1959 9 0.159908
1959 10 0.149351
1959 11 0.300775
1959 12 0.22237
1960 1 0.0445648
1960 2 -0.141663
1960 3 0.282696
1960 4 0.531889
1960 5 0.531246
1960 6 0.334495
1960 7 0.245304
1960 8 0.0364503
1960 9 0.148316
1960 10 0.277414
1960 11 0.242472
1960 12 0.320301
1961 1 -0.164735
1961 2 -0.19676
1961 3 -0.0802325
1961 4 0.404153
1961 5 0.0399631
1961 6 -0.246024
1961 7 -0.726342
1961 8 -0.863785
1961 9 -0.733011
1961 10 -0.568783
1961 11 -0.463808
1961 12 -0.30712
1962 1 -0.582766
1962 2 -0.719726
1962 3 -0.346662
1962 4 -0.122324
1962 5 0.0224224
1962 6 0.00318667
1962 7 -0.0166902
1962 8 0.0421088
1962 9 -0.163758
1962 10 -0.041244
1962 11 -0.0096383
1962 12 -0.0183259
1963 1 -0.456135
1963 2 -0.576341
1963 3 -0.44966
1963 4 -0.227928
1963 5 -0.0996107
1963 6 -0.114822
1963 7 -0.442296
1963 8 -0.68549
1963 9 -0.469007
1963 10 -0.511064
1963 11 -0.224256
1963 12 0.0614982
1964 1 0.602535
1964 2 0.699553
1964 3 0.340036
1964 4 0.19327
1964 5 0.0515486
1964 6 0.013429
1964 7 0.0478742
1964 8 -0.153717
1964 9 0.0894571
1964 10 0.216691
1964 11 -0.409995
1964 12 -0.403579
1965 1 -0.232277
1965 2 0.00128029
1965 3 -0.369234
1965 4 -0.188631
1965 5 -0.131764
1965 6 -0.153827
1965 7 -0.188557
1965 8 -0.222893
1965 9 -0.1811
1965 10 -0.35771
1965 11 -0.0515634
1965 12 0.060558
1966 1 0.0691404
1966 2 0.319657
1966 3 0.249872
1966 4 0.135784
1966 5 -0.0135115
1966 6 -0.112903
1966 7 -0.257752
1966 8 -0.426132
1966 9 -0.301274
1966 10 -0.0565798
1966 11 0.0763629
1966 12 -0.12854
1967 1 -0.398602
1967 2 -0.550848
1967 3 -0.490866
1967 4 -0.0484554
1967 5 -0.0119124
1967 6 -0.238235
1967 7 -0.681659
1967 8 -0.562318
1967 9 -0.611354
1967 10 -0.334883
1967 11 -0.143275
1967 12 -0.237892
1968 1 -0.469409
1968 2 -0.488931
1968 3 -0.376414
1968 4 -0.228225
1968 5 -0.0503307
1968 6 -0.00224331
1968 7 0.156729
1968 8 0.208576
1968 9 0.392418
1968 10 0.196193
1968 11 0.215089
1968 12 0.185268
1969 1 0.382088
1969 2 0.375008
1969 3 0.339041
1969 4 0.335892
1969 5 0.329297
1969 6 0.336289
1969 7 0.131994
1969 8 0.0608284
1969 9 0.0465422
1969 10 0.207544
1969 11 0.0823662
1969 12 0.254284
1970 1 0.16966
1970 2 -0.0733685
1970 3 0.221267
1970 4 -0.0366187
1970 5 -0.071653
1970 6 0.218241
1970 7 0.265416
1970 8 0.0652149
1970 9 0.25598
1970 10 0.141886
1970 11 -0.00756349
1970 12 -0.182874
1971 1 -0.571179
1971 2 -0.712787
1971 3 -0.817525
1971 4 -0.477368
1971 5 -0.2648
1971 6 -0.130899
1971 7 -0.114524
1971 8 0.092121
1971 9 0.124504
1971 10 0.0280731
1971 11 -0.271476
1971 12 -0.422786
1972 1 -0.201188
1972 2 -0.0272216
1972 3 -0.397529
1972 4 -0.208351
1972 5 -0.0845401
1972 6 -0.286081
1972 7 -0.359605
1972 8 -0.192093
1972 9 -0.055457
1972 10 0.0560354
1972 11 -0.115332
1972 12 0.051144
1973 1 0.514711
1973 2 0.310549
1973 3 0.259415
1973 4 0.454087
1973 5 0.260837
1973 6 0.333066
1973 7 0.558327
1973 8 0.53074
1973 9 0.636115
1973 10 0.290789
1973 11 -0.0157783
1973 12 -0.374561
1974 1 -0.632528
1974 2 -0.582768
1974 3 -0.582145
1974 4 -0.344762
1974 5 -0.173639
1974 6 -0.105255
1974 7 0.127396
1974 8 0.210226
1974 9 0.240555
1974 10 0.262416
1974 11 -0.0564301
1974 12 0.0663256
1975 1 -0.00503602
1975 2 -0.153588
1975 3 -0.166105
1975 4 -0.385396
1975 5 -0.170689
1975 6 -0.072119
1975 7 0.147206
1975 8 0.162358
1975 9 0.454949
1975 10 0.175367
1975 11 -0.263911
1975 12 -0.465326
1976 1 -0.513414
1976 2 -0.399297
1976 3 -0.419465
1976 4 -0.462043
1976 5 -0.295993
1976 6 -0.374822
1976 7 -0.652655
1976 8 -0.341846
1976 9 -0.198561
1976 10 -0.183712
1976 11 -0.115906
1976 12 -0.229806
1977 1 -0.0780968
1977 2 -0.139485
1977 3 -0.369029
1977 4 -0.000772159
1977 5 0.236457
1977 6 0.244301
1977 7 0.00975435
1977 8 0.0647205
1977 9 -0.00410266
1977 10 -0.213338
1977 11 0.308738
1977 12 0.254987
1978 1 0.696124
1978 2 0.536469
1978 3 0.564861
1978 4 0.026294
1978 5 -0.00456345
1978 6 -0.248301
1978 7 -0.13494
1978 8 -0.0103175
1978 9 -0.138281
1978 10 0.0690103
1978 11 0.203733
1978 12 0.0400144
1979 1 0.0254271
1979 2 0.383953
1979 3 0.192195
1979 4 0.173796
1979 5 0.427047
1979 6 0.0520832
1979 7 0.054838
1979 8 -0.15237
1979 9 -0.00544001
1979 10 0.0580959
1979 11 0.0968482
1979 12 0.0820449
1980 1 0.109686
1980 2 0.108223
1980 3 0.177375
1980 4 0.0381062
1980 5 0.266839
1980 6 0.140166
1980 7 0.447841
1980 8 0.626871
1980 9 0.542324
1980 10 0.560344
1980 11 0.45078
1980 12 0.486807
1981 1 0.158618
1981 2 0.0389572
1981 3 0.211747
1981 4 -0.118577
1981 5 -0.048007
1981 6 0.0178758
1981 7 0.319909
1981 8 0.324415
1981 9 0.358319
1981 10 0.370493
1981 11 0.075835
1981 12 0.0149055
1982 1 -0.157032
1982 2 -0.242221
1982 3 -0.0566915
1982 4 -0.0972375
1982 5 -0.0968898
1982 6 -0.209741
1982 7 -0.240776
1982 8 -0.224307
1982 9 -0.330505
1982 10 -0.354315
1982 11 -0.0224428
1982 12 0.495672
1983 1 0.847266
1983 2 1.01032
1983 3 1.14387
1983 4 1.05776
1983 5 0.606799
1983 6 0.532063
1983 7 0.290538
1983 8 0.250044
1983 9 0.304833
1983 10 0.288937
1983 11 0.567724
1983 12 0.249933
1984 1 0.0877149
1984 2 -0.265084
1984 3 -0.099904
1984 4 -0.158348
1984 5 -0.0932216
1984 6 -0.0272131
1984 7 0.0414382
1984 8 0.161751
1984 9 0.259612
1984 10 0.243953
1984 11 0.206099
1984 12 0.0930233
1985 1 0.306902
1985 2 0.321479
1985 3 0.241286
1985 4 0.159569
1985 5 0.0172748
1985 6 0.0857568
1985 7 0.146988
1985 8 0.152673
1985 9 0.0193084
1985 10 0.206423
1985 11 -0.117412
1985 12 0.427103
1986 1 0.017952
1986 2 0.138074
1986 3 0.0832057
1986 4 0.170625
1986 5 0.278561
1986 6 0.369943
1986 7 0.444427
1986 8 0.286704
1986 9 0.115578
1986 10 0.0978398
1986 11 0.478742
1986 12 0.509383
1987 1 0.378895
1987 2 0.255443
1987 3 0.533595
1987 4 0.49106
1987 5 0.536121
1987 6 0.368219
1987 7 0.285706
1987 8 0.313527
1987 9 0.179068
1987 10 0.222299
1987 11 0.551005
1987 12 0.357713
1988 1 0.412812
1988 2 0.793357
1988 3 0.868352
1988 4 0.510393
1988 5 0.596485
1988 6 0.429993
1988 7 0.381806
1988 8 0.58819
1988 9 0.512675
1988 10 0.559792
1988 11 0.278159
1988 12 0.0884215
1989 1 0.205014
1989 2 -0.012606
1989 3 0.103315
1989 4 0.167568
1989 5 0.365856
1989 6 0.477434
1989 7 0.380779
1989 8 0.311833
1989 9 0.305587
1989 10 0.467174
1989 11 0.572699
1989 12 0.378438
1990 1 0.401634
1990 2 0.82594
1990 3 0.505852
1990 4 0.566707
1990 5 0.480091
1990 6 0.461713
1990 7 0.408761
1990 8 0.543605
1990 9 0.212538
1990 10 0.422583
1990 11 0.330888
1990 12 0.480645
1991 1 0.416676
1991 2 0.388281
1991 3 0.381956
1991 4 0.245525
1991 5 0.2083
1991 6 0.254148
1991 7 0.0343378
1991 8 -0.0377913
1991 9 0.0190161
1991 10 0.122007
1991 11 0.10333
1991 12 0.178667
1992 1 0.557088
1992 2 0.551423
1992 3 0.707542
1992 4 0.598146
1992 5 0.741988
1992 6 1.0464
1992 7 0.755688
1992 8 0.722034
1992 9 0.665894
1992 10 0.427585
1992 11 0.404707
1992 12 0.397841
1993 1 0.41039
1993 2 0.180462
1993 3 0.29043
1993 4 0.223725
1993 5 0.316509
1993 6 0.35264
1993 7 0.243341
1993 8 0.355289
1993 9 0.163384
1993 10 0.0522516
1993 11 0.335516
1993 12 0.302143
1994 1 0.254087
1994 2 0.190184
1994 3 -0.143314
1994 4 -0.181161
1994 5 -0.233481
1994 6 -0.370417
1994 7 -0.494672
1994 8 -0.711575
1994 9 -0.683459
1994 10 -0.443226
1994 11 -0.0657545
1994 12 0.0437717
1995 1 0.129943
1995 2 0.206281
1995 3 0.224784
1995 4 0.401628
1995 5 0.541101
1995 6 0.413198
1995 7 0.498698
1995 8 0.371552
1995 9 0.242404
1995 10 0.453545
1995 11 0.491674
1995 12 0.157787
1996 1 0.355824
1996 2 0.319923
1996 3 0.28201
1996 4 0.411753
1996 5 0.223191
1996 6 0.382512
1996 7 0.537744
1996 8 0.487909
1996 9 0.402114
1996 10 0.639561
1996 11 0.5957
1996 12 0.338859
1997 1 0.0498812
1997 2 -0.215397
1997 3 0.129479
1997 4 0.146526
1997 5 0.121644
1997 6 0.205221
1997 7 -0.193929
1997 8 -0.239886
1997 9 -0.346093
1997 10 -0.387473
1997 11 -0.498333
1997 12 -0.0314266
1998 1 0.531773
1998 2 0.719519
1998 3 1.04016
1998 4 0.855179
1998 5 0.768276
1998 6 0.766453
1998 7 0.925184
1998 8 1.02894
1998 9 0.745751
1998 10 0.875419
1998 11 0.748154
1998 12 0.447925
1999 1 0.255977
1999 2 0.113143
1999 3 0.181065
1999 4 0.145157
1999 5 0.118858
1999 6 0.242939
1999 7 0.0605668
1999 8 0.101654
1999 9 0.162778
1999 10 0.0870177
1999 11 0.225417
1999 12 0.225659
2000 1 0.201119
2000 2 -0.0234138
2000 3 -0.0343511
2000 4 -0.0220256
2000 5 0.000764416
2000 6 -0.0643471
2000 7 -0.0935805
2000 8 0.0519741
2000 9 0.223643
2000 10 0.27725
2000 11 0.470979
2000 12 0.308006
2001 1 0.325884
2001 2 0.0334708
2001 3 0.274794
2001 4 0.132688
2001 5 0.263153
2001 6 0.337788
2001 7 0.313143
2001 8 0.402791
2001 9 0.356145
2001 10 0.442109
2001 11 0.533135
2001 12 0.536645
2002 1 0.643909
2002 2 0.29692
2002 3 0.491803
2002 4 0.648666
2002 5 0.423361
2002 6 0.408105
2002 7 0.443317
2002 8 0.383488
2002 9 0.242205
2002 10 0.0935107
2002 11 0.278381
2002 12 0.67734
2003 1 0.596691
2003 2 0.558031
2003 3 0.551534
2003 4 0.542017
2003 5 0.477126
2003 6 0.404929
2003 7 0.250696
2003 8 0.221586
2003 9 0.348916
2003 10 0.448351
2003 11 0.409303
2003 12 0.162871
2004 1 0.466444
2004 2 0.234517
2004 3 0.172571
2004 4 0.342828
2004 5 0.423912
2004 6 0.283057
2004 7 0.183829
2004 8 0.303833
2004 9 0.256073
2004 10 0.18416
2004 11 0.470738
2004 12 0.538238
2005 1 0.505689
2005 2 0.844059
2005 3 0.831728
2005 4 0.38567
2005 5 0.484634
2005 6 0.553674
2005 7 0.593902
2005 8 0.55376
2005 9 0.662412
2005 10 0.53455
2005 11 0.374342
2005 12 0.257347
2006 1 0.104347
2006 2 0.377759
2006 3 0.341697
2006 4 0.2098
2006 5 0.472245
2006 6 0.324315
2006 7 0.185238
2006 8 0.141768
2006 9 -0.179997
2006 10 -0.25665
2006 11 0.118455
2006 12 0.453782
2007 1 0.415478
2007 2 0.461357
2007 3 0.316206
2007 4 0.300029
2007 5 0.280109
2007 6 0.564265
2007 7 0.2213
2007 8 0.188787
2007 9 0.0390021
2007 10 0.0571596
2007 11 0.153924
2007 12 0.337772
2008 1 0.211315
2008 2 0.0396832
2008 3 -0.227133
2008 4 0.0075125
2008 5 -0.142673
2008 6 -0.0386207
2008 7 -0.120457
2008 8 0.119107
2008 9 0.290851
2008 10 0.275356
2008 11 0.363414
2008 12 0.263853
2009 1 0.256125
2009 2 0.125216
2009 3 0.293492
2009 4 0.173704
2009 5 0.187175
2009 6 0.51413
2009 7 0.667819
2009 8 0.66376
2009 9 0.464383
2009 10 0.580458
2009 11 0.564388
2009 12 0.582277
2010 1 0.478244
2010 2 0.804192
2010 3 0.493295
2010 4 0.580852
2010 5 0.689452
2010 6 0.708476
2010 7 0.53883
2010 8 0.529659
2010 9 0.369122
2010 10 0.626441
2010 11 0.58563
2010 12 0.319813
2011 1 -0.0490038
2011 2 -0.0518517
2011 3 -0.136781
2011 4 -0.118963
2011 5 0.188424
2011 6 0.248884
2011 7 0.0162731
2011 8 0.0788999
2011 9 0.0487277
2011 10 0.083669
2011 11 0.211177
2011 12 0.470881
2012 1 0.227589
2012 2 0.184912
2012 3 0.0746284
2012 4 0.365432
2012 5 0.62777
2012 6 0.31021
2012 7 -0.132105
2012 8 -0.0473838
2012 9 0.157222
2012 10 0.385261
2012 11 0.480372
2012 12 0.320543
2013 1 0.503048
2013 2 0.375307
2013 3 0.403136
2013 4 0.506746
2013 5 0.591539
2013 6 0.61608
2013 7 0.353297
2013 8 0.384114
2013 9 0.354894
2013 10 0.416774
2013 11 0.390364
2013 12 0.216694
2014 1 0.401106
2014 2 0.334242
2014 3 0.410543
2014 4 0.430719
2014 5 0.629751
2014 6 0.543993
2014 7 0.678386
2014 8 0.602314
2014 9 0.37189
2014 10 0.298176
2014 11 0.621916
2014 12 0.50509
2015 1 0.407392
2015 2 0.527187
2015 3 0.583646
2015 4 0.488475
2015 5 0.581539
2015 6 0.525942
2015 7 0.588168
2015 8 0.333886
2015 9 0.541622
2015 10 0.378911
2015 11 0.624953
2015 12 0.872847
