# Normalised NAO index from pressure readings in Iceland and Gibraltar
# Source: <a href="http://www.cru.uea.ac.uk/cru/data/nao/">CRU</a>, updated by <a href="http://www.cru.uea.ac.uk/~timo/datapages/naoi.htm">Tim Osborn</a>
# NAO [1] North Atlantic Oscillation index
 1821  -999.9000      -999.9000      -999.9000      -999.9000      -999.9000      -999.9000      -2.620000     -0.1400000      -999.9000      -999.9000      -999.9000      -999.9000    
 1822  -999.9000      -999.9000       2.990000      -3.190000      0.5900000     -0.8600000      -4.050000     -0.1900000      -1.090000      -2.000000     -0.5000000E-01 -0.7300000    
 1823  -3.390000      -999.9000      -999.9000      -999.9000       4.650000     -0.8300000      0.5800000       2.900000      0.6700000      -1.390000     -0.7600000     -0.2000000    
 1824 -0.1600000      0.2500000      -1.440000       1.460000       1.340000      -3.940000      -2.750000     -0.8000000E-01  0.1900000      -999.9000     -0.7000000     -0.1000000E-01
 1825 -0.2300000      0.2100000      0.3300000     -0.2800000      0.1300000      0.4100000     -0.9200000       1.430000     -0.9500000       1.980000       1.060000      -1.310000    
 1826  -3.050000       4.870000     -0.9700000       1.780000      -1.200000      0.8300000       1.890000       2.720000     -0.7600000      0.1800000      -2.410000     -0.5900000    
 1827 -0.4500000      -3.720000       1.830000     -0.8300000       1.200000     -0.7000000E-01   2.020000      -3.560000     -0.7000000E-01  -3.020000      -1.420000       2.700000    
 1828   1.270000      0.3700000     -0.1800000      0.4000000E-01  -1.590000      -1.330000      -4.400000      -2.540000      -2.780000      0.1000000      -2.570000       3.040000    
 1829  -2.480000      0.3200000      -2.540000      0.1200000       1.800000     -0.1000000      0.3300000      0.7700000      0.7800000      0.7100000     -0.3300000     -0.4300000    
 1830  -2.330000       1.200000       3.580000       3.080000     -0.5000000E-01 -0.8500000       3.190000     -0.3500000       2.040000       2.040000       2.190000      -3.130000    
 1831  -2.910000       1.400000       1.480000      -3.150000      -2.470000      -1.360000       2.710000      -3.040000      -1.530000      0.8500000      0.2600000      0.3600000    
 1832 -0.4000000E-01  0.8300000       2.120000      -1.510000      -1.960000      -3.620000      -2.570000      0.9200000       1.450000       2.250000      0.6200000       3.320000    
 1833 -0.3600000       2.520000      -2.890000       2.020000      0.6900000      -1.520000      0.1300000      -1.740000     -0.9300000      -1.750000       1.400000       4.170000    
 1834   3.070000       2.660000       1.370000      -2.380000      -1.030000      0.2700000     -0.7300000     -0.8600000     -0.6200000      0.3000000      -2.280000      0.1100000    
 1835  0.3700000       3.370000       1.540000      -1.020000      0.5800000      0.1000000      0.5700000       2.350000      0.2900000     -0.3000000      -1.310000      -1.460000    
 1836   1.470000      0.6000000E-01   2.280000      0.8700000      -1.500000       2.950000       4.330000       2.800000      -1.590000      -1.170000       2.040000      -1.410000    
 1837  -1.160000       4.670000      -3.080000     -0.5600000      -1.020000      -2.980000      -2.400000      0.1000000E-01  0.1700000       2.520000       1.340000       1.370000    
 1838  -2.160000      -1.810000       1.230000     -0.6100000      -2.160000       1.240000      0.1100000       1.160000       1.460000      0.5900000      -2.650000       2.550000    
 1839   1.240000       4.200000      0.7900000       1.400000     -0.9400000      0.1000000E-01   1.140000      0.4000000E-01   1.090000      -1.270000      -2.890000     -0.6300000    
 1840   2.970000     -0.4000000      -3.050000      0.8700000     -0.5800000     -0.8000000E-01   1.230000      0.5000000E-01  0.4600000      -2.500000      0.4600000      -2.430000    
 1841 -0.7100000      -1.370000       2.410000       1.970000       1.650000     -0.6100000     -0.6200000       2.390000      -2.760000      -2.130000       1.760000      0.2100000    
 1842   2.450000       4.260000       3.430000     -0.4400000     -0.8500000      -4.300000      -4.050000       1.030000      -3.800000      -3.730000      -2.660000      0.5100000    
 1843   2.990000      -3.510000      -1.280000       2.030000     -0.4900000      -1.920000       3.260000       3.990000     -0.5800000      -1.900000      0.8700000       3.130000    
 1844  0.2000000      0.1100000       1.090000       3.910000      -2.770000     -0.1200000      0.3700000      -1.000000      -1.530000     -0.9900000     -0.2000000E-01  -1.900000    
 1845   1.170000      0.6000000E-01 -0.5400000      0.5600000     -0.9700000       2.070000     -0.1600000     -0.2900000     -0.2300000       1.140000      0.4900000      0.8300000    
 1846   2.260000      0.6300000       1.750000      -1.420000      0.1900000       1.450000       2.840000     -0.3000000      -1.180000      0.1000000E-01 -0.5900000      -2.550000    
 1847  0.3000000E-01  0.1000000      -1.590000       1.170000       1.760000     -0.2600000      0.7500000       1.130000     -0.3200000      0.4400000       2.460000       1.760000    
 1848 -0.7900000       1.770000      0.7600000      -1.020000      0.6900000      -1.780000       1.870000       2.640000      -2.550000      -2.440000     -0.8400000       2.550000    
 1849   2.420000       2.770000     -0.5600000     -0.9900000     -0.5200000      -3.210000       1.200000      0.7000000      -2.230000     -0.8000000E-01  0.8000000      -1.240000    
 1850 -0.1600000       4.130000      -2.220000      0.9700000      -1.160000      0.4000000      0.3100000      0.1500000      -2.080000      -2.700000       2.390000       2.360000    
 1851   3.290000       1.030000       1.500000      -1.660000      -1.530000      -1.620000      -5.390000       4.680000       1.850000      0.7800000      -1.770000       1.740000    
 1852   1.460000      0.4100000      -2.500000      -1.600000      0.2500000      0.9000000E-01  -1.130000       2.940000      -2.020000      -1.650000     -0.9300000       1.030000    
 1853   1.310000      -4.040000     -0.3200000      0.7600000      -3.170000       1.090000       1.760000      -2.360000     -0.2200000     -0.4700000      0.5100000      -4.280000    
 1854   1.280000       1.720000       2.670000      0.8800000      0.4000000E-01 -0.6000000E-01  -1.920000     -0.3000000E-01   2.620000       1.110000      -1.560000       2.420000    
 1855  -1.840000      -3.800000     -0.5000000E-01  0.9900000      -2.280000      0.7800000      -2.610000       3.810000      0.7900000      -1.090000      -2.420000      -1.660000    
 1856  -1.250000     -0.1000000      -2.270000       2.000000     -0.7000000       2.030000     -0.1600000     -0.4400000     -0.5000000       1.120000      -1.690000     -0.2300000    
 1857 -0.6900000       2.020000       1.090000      0.5500000     -0.1700000     -0.3300000       5.360000       1.020000       1.210000     -0.2000000      -1.680000       3.510000    
 1858   2.260000     -0.5400000      -1.240000       1.240000      0.5300000     -0.2400000      -1.580000      0.6000000E-01   2.330000      -1.860000      -4.410000       3.010000    
 1859   2.740000       2.370000       1.500000      -1.120000     -0.6300000     -0.6000000E-01   2.240000       1.820000      0.1100000      -2.610000      0.2900000      -1.310000    
 1860   1.540000      0.3200000       1.080000     -0.3700000      -1.510000      -2.320000      -2.270000     -0.1600000     -0.9200000       2.280000      -3.440000      -2.140000    
 1861 -0.5600000      0.8000000       2.060000      -1.860000      -1.990000      -1.040000      0.7300000       2.910000     -0.8500000     -0.8000000      -1.350000      -1.500000    
 1862   1.150000      -1.260000      -2.250000      0.6400000      0.6500000     -0.2200000      -2.080000      -1.430000      -1.500000       1.750000     -0.4900000       2.920000    
 1863   1.120000       3.100000       1.880000       2.350000      -1.490000     -0.5900000     -0.4300000      0.1000000       2.460000     -0.5900000       1.620000       2.170000    
 1864   2.030000     -0.2700000      -1.780000      0.2300000      -1.830000       1.760000      0.5000000     -0.2100000       1.120000      -6.050000      0.1000000E-01 -0.7700000    
 1865  0.1500000     -0.4200000      -1.030000      0.9200000      0.8700000      0.7400000     -0.7000000E-01 -0.2200000       3.240000      -2.660000     -0.1400000       2.570000    
 1866   2.060000      0.7000000      -2.100000     -0.8800000      -1.540000     -0.1800000      0.2900000      0.7700000       1.520000     -0.3000000E-01   1.010000       2.140000    
 1867  -2.170000       3.630000      -3.030000       3.080000      -2.350000      -1.200000      -1.770000       3.100000       1.130000      0.7300000      -1.510000     -0.5500000    
 1868   1.460000       3.950000       2.940000       2.520000       1.350000       2.100000       1.210000       3.020000      -2.650000       1.870000     -0.8300000       2.010000    
 1869   3.250000       3.900000      -1.910000       2.620000      -1.980000     -0.7100000      0.2900000       1.150000      0.6200000     -0.7900000      0.7900000     -0.6900000    
 1870  0.3200000      -1.980000      -2.070000       2.920000       1.550000      0.5600000     -0.3600000      -3.410000       1.710000       1.300000      -2.040000      -3.520000    
 1871  0.6700000       1.710000       1.150000     -0.3200000      -2.500000      -1.370000       1.750000       4.190000      -1.930000     -0.8900000      -3.720000     -0.1800000    
 1872   1.150000      0.4500000      -1.200000     -0.7300000      0.2000000E-01 -0.3400000      -3.610000      -1.430000      -2.530000     -0.9100000      0.6700000      -1.090000    
 1873   2.300000      0.1800000     -0.3900000      -2.170000     -0.9300000      0.7800000     -0.1200000       3.440000     -0.5700000     -0.8100000      -2.230000       2.010000    
 1874   1.560000       2.070000       1.470000       2.990000      -1.850000     -0.7600000      0.1800000      0.8200000      0.7400000      0.8600000     -0.3400000      -2.120000    
 1875   2.060000      -1.470000     -0.6100000     -0.4100000      0.8900000       1.460000      -1.440000       1.710000     -0.1000000E-01 -0.7500000      -2.800000      0.8000000E-01
 1876   1.100000      0.7500000     -0.2900000     -0.6700000      -1.450000       1.710000       3.480000       1.020000      -2.620000      -2.190000      -2.350000      -1.130000    
 1877   2.390000       1.960000     -0.4500000      -2.300000      -1.730000     -0.3200000       1.180000      -1.830000      -3.740000       1.250000       2.060000       2.160000    
 1878   1.180000       2.200000     -0.1000000E-01  0.4500000      0.2800000      -1.540000      -1.930000      -2.460000     -0.9500000      -1.440000      -3.470000      -3.310000    
 1879 -0.7100000      0.8500000     -0.8000000E-01  0.1000000      0.6300000     -0.5000000      -1.570000     -0.2900000       1.900000      -1.880000      -3.380000      0.5800000    
 1880  0.4200000       1.920000      0.6000000E-01   1.660000      -1.780000      0.4500000      -1.900000     -0.4300000      0.9200000      -3.200000       1.190000      0.5200000    
 1881  -3.600000      -1.620000     -0.5100000      -1.420000      0.8200000      0.1000000E-01   2.100000      0.4200000     -0.2500000      -2.040000       4.340000       2.770000    
 1882   3.070000       3.200000       3.610000     -0.4200000     -0.6800000     -0.6400000       1.600000       2.050000      0.4000000      0.6500000       2.010000      -1.690000    
 1883   1.670000       4.250000      -3.040000      0.8800000     -0.5400000      -1.750000      -2.250000       3.000000      0.4700000       1.680000       2.360000      0.9100000    
 1884   3.320000       1.480000      0.1900000      -2.360000     -0.1700000      0.5000000     -0.8000000       2.160000       1.600000      0.2700000      -1.160000       1.940000    
 1885 -0.8000000      0.9000000E-01  -1.060000      0.3600000      0.3200000       1.590000       3.070000      -1.030000       1.400000     -0.8400000     -0.7600000     -0.3000000E-01
 1886  -1.410000     -0.3900000      0.5600000      -1.370000     -0.6700000      -1.170000      -1.590000       2.430000     -0.3400000     -0.5500000      0.5500000      0.1200000    
 1887   1.900000       2.030000     -0.8500000      -2.110000      0.4400000      0.6000000E-01  0.5800000      -1.190000      -2.560000      -1.140000      -3.250000      -1.620000    
 1888  0.2100000      -2.250000      -1.500000      -2.250000      0.9700000      -1.700000       0.000000       4.000000     -0.4200000     -0.8900000       2.700000       1.250000    
 1889  0.6500000     -0.2000000      0.1100000       1.050000     -0.3900000       1.890000      -1.030000       3.780000      -1.980000      -1.230000       2.700000       2.300000    
 1890   4.320000      -1.370000      0.5000000     -0.8000000E-01  -1.140000       1.230000      0.3000000      0.9900000       2.500000      0.8500000       1.900000      -2.750000    
 1891  0.2700000       2.810000      -1.170000     -0.9200000      -1.780000      -3.740000     -0.5400000       2.220000       2.290000     -0.4600000      -1.530000       2.860000    
 1892 -0.7700000      -2.210000      -1.530000      -1.140000     -0.5700000     -0.4700000      0.1800000       1.160000       1.610000      -3.680000      0.8100000      -1.050000    
 1893  -1.610000       2.540000     -0.4000000E-01  0.4000000E-01  0.3700000     -0.5600000      -1.500000      0.4800000     -0.9700000      0.3200000      -2.160000       1.860000    
 1894   1.400000       3.950000       1.120000       1.980000      -1.380000       2.780000       1.180000      0.9100000      -2.190000      -2.240000       1.960000      0.9400000    
 1895  -2.610000      -4.140000     -0.2700000      0.3700000      0.5100000     -0.2000000       1.210000       1.720000       1.150000      -2.530000       1.920000      0.2000000E-01
 1896 -0.2300000       2.330000       1.390000       2.540000     -0.8900000     -0.2700000       1.230000      -1.020000      0.6000000      -2.770000     -0.5500000       1.860000    
 1897  -2.360000       3.320000       2.310000       4.280000     -0.5200000      -1.420000     -0.5000000E-01   2.490000       1.400000     -0.6000000      0.2000000E-01   1.350000    
 1898   1.970000       1.900000      -2.330000       3.460000     -0.5300000     -0.8400000      -1.530000       3.560000     -0.1700000      -1.150000      -1.140000       3.140000    
 1899  0.6800000     -0.1700000      -1.500000      0.5800000      -1.030000     -0.2500000       2.460000      -1.130000     -0.8000000E-01 -0.1200000       1.940000     -0.8700000    
 1900   1.380000      -2.360000      -3.120000       2.610000     -0.5700000      -1.230000     -0.2100000     -0.6000000E-01  0.9800000     -0.5700000      0.6500000       3.500000    
 1901  0.9800000      -2.580000     -0.9100000       2.530000     -0.7100000      0.2100000      -1.830000       1.140000     -0.9000000E-01 -0.4700000      -1.730000      -1.380000    
 1902   1.410000      -1.400000      0.5000000      -1.140000      0.5400000      -3.250000      -1.240000     -0.1800000      -1.510000     -0.1200000     -0.9000000E-01   1.270000    
 1903   1.280000       4.860000       4.050000     -0.7900000      0.1400000      -2.800000      0.4300000       3.670000      0.2200000     -0.5500000       1.040000      -1.090000    
 1904   2.240000       1.210000     -0.7000000       2.640000       1.750000     -0.8700000     -0.4000000E-01  0.6100000     -0.4300000      0.4000000E-01  0.7000000E-01  0.8800000    
 1905   1.810000       2.090000       2.230000      -1.170000     -0.7200000      -2.290000     -0.5000000E-01  0.9700000     -0.1900000      -3.100000     -0.2500000       1.850000    
 1906   2.640000       1.260000     -0.2500000       1.670000      -1.750000      -1.680000       1.290000      0.3800000      -1.330000      0.4000000      0.7000000      0.3000000E-01
 1907   1.580000       1.220000       2.410000       1.080000      -1.420000      0.7600000     -0.5500000       2.220000      0.2400000      -1.590000     -0.4100000       1.180000    
 1908  0.6400000       1.980000      0.7400000      -1.750000       1.920000      0.8300000      0.9000000E-01  0.6000000      0.9800000      0.2400000     -0.2100000       1.470000    
 1909   1.820000     -0.5400000      -2.090000      0.6000000E-01 -0.9200000      -1.350000       2.590000       2.350000      -1.290000      0.5900000      -1.970000     -0.4800000    
 1910   2.570000       3.850000      0.5500000      0.8000000E-01  -1.500000      -1.070000      -1.640000      0.3100000      -1.150000      -1.560000     -0.8700000     -0.1000000    
 1911  0.8200000       2.050000      -1.400000     -0.2400000      0.7900000      0.4200000      0.5400000      0.1300000       1.530000      -1.880000     -0.5000000E-01   3.020000    
 1912 -0.9100000     -0.1700000       2.220000     -0.1000000       1.700000     -0.9800000      -1.420000      0.7000000E-01  -2.510000      0.4200000       1.210000       3.000000    
 1913   1.830000       1.190000       2.730000       1.990000      0.3800000       1.030000     -0.9900000      0.6500000      -2.700000      -1.480000       4.620000       1.230000    
 1914  0.5800000       2.450000       1.720000       2.080000       2.190000      0.5700000      -1.110000      0.9700000      0.4300000      -1.100000      -1.410000       2.230000    
 1915  0.8000000E-01   1.820000      -1.910000       2.910000      -2.470000      -2.300000      -1.190000      -1.290000      -1.940000     -0.9900000      -2.510000     -0.6500000    
 1916   3.820000       2.030000      -3.840000      0.7700000     -0.7200000      -3.030000     -0.6900000     -0.5700000      -2.590000       2.200000     -0.5800000      -1.800000    
 1917  -3.080000      -1.590000     -0.2100000     -0.9200000      -1.590000      0.8100000     -0.2100000     -0.3900000       2.470000      0.9400000       1.980000      -2.800000    
 1918 -0.4800000       3.870000      0.3700000      -1.910000      0.2300000       1.310000      -1.970000       1.760000     -0.1700000      0.5600000      0.2600000       2.320000    
 1919 -0.1000000E-01 -0.4900000     -0.2500000       1.720000       1.350000       1.860000      -1.330000       4.030000      -1.270000      -2.240000      -2.070000       2.860000    
 1920   2.840000       1.390000       3.080000      0.9000000E-01  0.7600000      -1.620000       1.870000      -1.220000      0.4100000      -1.150000       1.480000     -0.4600000    
 1921   3.200000      0.7000000E-01   2.680000     -0.9000000E-01 -0.6400000      -1.600000     -0.4100000     -0.6500000      -1.430000     -0.2200000      -1.220000       2.180000    
 1922  0.6400000       2.970000     -0.2300000      0.8000000       2.360000      0.7900000       1.790000      0.9000000E-01 -0.4300000      -3.950000     -0.5000000E-01   1.470000    
 1923   1.840000       2.770000     -0.1000000      -1.190000      0.3500000      0.5300000       1.590000      0.7300000       2.640000       1.340000      -1.970000       1.250000    
 1924  0.8600000      -1.620000      -1.880000     -0.9400000     -0.5500000      -2.090000      0.6500000      0.5500000      0.7100000      0.5000000     -0.2100000       3.860000    
 1925   4.230000       1.950000      -2.000000       2.590000       1.120000      -2.200000       1.370000       1.430000     -0.6600000     -0.9800000      -2.600000     -0.7200000    
 1926   1.700000       1.840000      0.5600000       2.330000      -1.190000      -1.790000     -0.6900000       2.060000      0.9200000      -4.160000      0.1200000     -0.5100000    
 1927   2.150000       1.090000       2.580000       1.390000      -2.030000      -1.600000     -0.1600000       1.600000      -1.770000      -2.040000      -1.250000      -3.140000    
 1928   3.040000       3.520000     -0.9400000       1.090000      -2.900000      -1.890000       2.210000      -1.800000      -1.930000      0.1500000       1.680000      0.4400000    
 1929  -1.260000      0.2700000     -0.4800000      -3.800000      0.6700000     -0.6000000E-01  0.2600000     -0.7000000E-01  0.2500000      0.2900000       2.150000       3.800000    
 1930   1.510000     -0.6000000     -0.7000000      -2.130000       1.840000     -0.3700000      -1.300000       1.810000      -2.070000      0.8900000       1.440000       1.210000    
 1931 -0.9000000E-01   1.290000      -2.180000     -0.8000000E-01 -0.6200000     -0.9600000     -0.1300000      -1.800000      -2.730000     -0.1100000       2.780000      0.7700000    
 1932   3.470000      -3.310000      -1.570000      0.1300000     -0.6800000      -1.460000     -0.8000000       2.180000     -0.9400000      0.5000000E-01  0.9800000       1.220000    
 1933   1.410000      -1.810000       1.260000     -0.2300000     -0.5500000      -1.620000       2.620000       2.650000      -2.030000      -1.990000      -2.970000      -1.840000    
 1934   3.270000      0.4900000      0.3000000      -1.670000       1.410000      -2.490000      -1.170000       1.510000       2.500000      0.7600000      -1.220000       1.320000    
 1935 -0.5000000       2.700000      0.3900000     -0.4100000      -3.210000       1.340000       2.030000     -0.5500000      0.5500000      0.8800000       1.130000      -1.370000    
 1936  -1.220000      -2.440000      -1.090000      -1.540000      -2.340000      0.7600000       1.340000       2.670000     -0.8100000      0.8700000     -0.1700000       2.370000    
 1937   2.150000       1.730000      -2.020000       2.190000       2.310000      0.4900000      0.1900000      0.2800000     -0.1700000      -2.410000      -1.560000      -1.090000    
 1938   2.640000      0.6000000       3.130000      -1.680000     -0.3500000      0.9700000       1.600000     -0.3700000     -0.2900000       1.880000       3.240000     -0.3900000    
 1939 -0.6900000       2.910000     -0.3000000E-01  0.1800000     -0.9000000      -1.400000     -0.4400000      0.8000000      -3.900000      -2.510000       1.530000      -1.070000    
 1940  -2.270000     -0.9300000     -0.7200000      0.5300000     -0.2500000      -1.200000      -1.210000      0.3000000      -1.100000      -1.890000       1.300000       1.460000    
 1941  -3.500000     -0.4200000      -1.290000      -2.950000     -0.5400000      0.2400000       1.080000     -0.6000000     -0.9700000      -1.210000     -0.9000000E-01   1.440000    
 1942  0.7500000      -3.100000     -0.9200000     -0.9500000      0.8200000      -2.100000      0.1500000      0.8000000E-01 -0.2500000     -0.2100000      -2.110000       1.470000    
 1943   1.170000       2.780000      0.3000000E-01   4.260000       2.170000       1.910000      0.5000000E-01 -0.1800000     -0.6500000      0.4500000      0.8000000E-01 -0.3900000    
 1944   3.630000      -1.590000     -0.8200000       1.300000      0.4200000      -2.780000      -2.160000      0.1500000      0.3600000     -0.8300000      0.8100000      0.2600000    
 1945  -2.120000       4.670000       2.510000       1.150000     -0.8400000      0.3700000     -0.4000000      -1.830000       1.400000     -0.2200000      -1.820000     -0.2500000    
 1946   1.410000      0.9900000     -0.3900000      0.6500000      -2.700000       2.560000       2.660000      0.6200000       1.980000      -2.040000      -1.260000       1.220000    
 1947  0.3900000      -4.600000      -1.280000       6.660000      -1.200000      0.2000000      0.1900000      -1.080000       1.180000     -0.5100000     -0.2500000     -0.7200000    
 1948   1.530000      0.6600000       3.480000     -0.4800000      -1.230000     -0.2700000      0.5900000      0.3400000      0.8200000      0.4300000       2.640000       1.090000    
 1949   1.500000       4.010000     -0.9600000       3.410000      -1.390000      -1.510000     -0.9300000       1.380000      -1.810000       1.380000      0.5400000      0.1100000    
 1950  0.5500000       3.310000      0.8200000       1.610000      -1.730000       1.260000     -0.8700000     -0.2800000       1.510000      0.7800000      0.7800000      -1.880000    
 1951  0.8200000      0.9300000      -2.010000     -0.4500000      -2.110000      -1.160000       1.100000      0.8500000     -0.2200000     -0.1300000     -0.9700000       2.540000    
 1952  0.9200000      0.1500000      -1.140000       2.790000     -0.9400000      0.2000000E-01 -0.7900000      -1.050000      -3.020000      0.4200000      -1.510000     -0.3100000    
 1953 -0.2000000E-01  0.5400000       1.250000      -1.600000     -0.7500000      -2.960000      0.1300000       3.260000      0.7500000      0.7700000       3.250000      0.1500000    
 1954  0.1000000      0.5700000     -0.2900000     -0.2600000     -0.9100000     -0.9400000      0.8800000     -0.5900000       2.490000       2.090000       1.540000       1.440000    
 1955  -1.170000      -2.210000      -2.900000       2.400000      0.3300000     -0.1800000      -1.320000      0.5400000      0.8200000      -2.350000      -2.140000      0.5100000    
 1956 -0.7600000      -2.960000      0.1000000E-01  -1.900000       4.540000       1.260000      0.3500000      -3.150000     -0.5100000       1.230000       1.390000       2.570000    
 1957   2.530000       1.080000      0.4200000     -0.6200000     -0.8400000     -0.8000000     -0.4800000      0.7000000      -1.560000       1.070000      -1.590000     -0.1200000    
 1958  0.3700000     -0.3000000E-01  -1.280000       1.790000       1.100000      -1.440000     -0.2000000      0.9800000     -0.2300000       1.650000      0.4300000      -1.700000    
 1959  -1.150000       2.460000       1.820000       1.510000      -2.220000       1.510000      0.2900000      0.2000000E-01  -1.810000       1.510000     -0.4000000E-01   1.980000    
 1960 -0.7000000      -1.000000     -0.8700000       1.930000      0.7000000E-01 -0.4100000      0.1800000      -1.840000      0.2400000      -3.080000       1.400000      0.4600000    
 1961   1.460000       4.060000       2.080000      0.7100000     -0.9400000       2.130000      0.6300000       3.380000       2.010000       1.000000      -2.150000      -1.720000    
 1962   2.440000      0.7700000      -3.780000      0.7400000     -0.1000000       1.410000      -2.100000       2.280000      0.2000000E-01 -0.3400000      -2.230000     -0.6600000    
 1963  -4.090000      -1.900000       2.790000     -0.4600000       1.910000      -1.770000     -0.6500000     -0.9600000      0.9400000       2.790000     -0.1500000      -3.090000    
 1964  0.9300000     -0.1300000     -0.7700000      0.9500000       2.510000      -1.850000       2.440000      -2.460000      0.5000000      0.6300000       1.330000      -1.240000    
 1965  0.1000000E-01  -3.030000      0.2300000       2.140000     -0.8000000E-01  0.8700000      -1.710000       1.590000      -1.010000      -1.260000      -1.780000       1.240000    
 1966  -1.010000     -0.3800000       1.050000       1.180000       1.510000      0.8200000      -1.990000      -2.030000     -0.4700000      -2.890000     -0.7000000E-01   1.680000    
 1967  0.4000000E-01   1.700000       3.000000     -0.7600000     -0.4600000       1.960000       1.440000     -0.4100000      0.3200000       1.340000     -0.9100000     -0.5300000    
 1968   1.650000      -1.530000      0.3400000     -0.7100000      -1.500000      0.9500000      -1.960000      -1.450000      0.5000000      0.3000000E-01  -2.000000      -1.730000    
 1969  -1.640000      -3.160000      -1.810000       1.110000     -0.2300000      -1.170000       3.700000      -1.620000      0.3800000      0.7000000      -1.280000     -0.2600000    
 1970  -1.160000       1.100000      -1.780000       2.520000       1.870000     -0.1100000      0.2700000     -0.2000000      0.4700000       0.000000      0.7600000      -1.580000    
 1971 -0.4300000       1.210000      -1.760000      -3.150000     -0.6200000      -1.320000      -1.040000      0.7000000E-01 -0.5400000       1.630000      -1.460000      0.7600000    
 1972 -0.5200000     -0.2000000      0.2600000      0.2200000       1.240000       1.070000      0.4100000      0.1100000      -4.110000      -1.740000      0.6400000       2.110000    
 1973   1.370000       1.220000       1.040000      -2.610000      0.3700000      0.8300000      -1.850000       2.320000     -0.7900000      -1.030000     -0.2600000      -1.650000    
 1974   3.750000      0.6800000     -0.8100000      -2.300000     -0.1000000E-01 -0.1400000       2.070000      0.8900000      0.1100000      -1.440000       1.270000       3.060000    
 1975   2.430000      0.4000000      -1.260000     -0.8400000      -2.420000      0.1800000      0.6300000      0.8000000E-01   1.750000      0.3900000      0.8600000      -1.570000    
 1976  0.7500000       1.290000       1.870000      -1.530000       1.200000       1.760000     -0.5700000      0.6200000      -3.460000     -0.6400000       1.500000      -3.630000    
 1977  -2.360000      0.2800000       1.330000       1.070000      -1.620000     -0.8900000      -1.140000      -1.420000       1.640000      0.4500000      0.3700000     -0.2500000    
 1978  0.4600000      -1.990000       3.100000      -3.120000      0.3700000      0.1400000     -0.3300000      0.5000000E-01   1.960000      0.2000000E-01   3.910000      -2.080000    
 1979  -3.220000     -0.6200000      0.5400000     -0.7900000       1.000000      0.4500000       2.530000     -0.8500000       1.120000      -1.950000       1.950000       2.070000    
 1980  -1.800000      0.7000000     -0.6800000      0.3000000E-01  -2.260000     -0.2000000     -0.9100000      0.3000000       1.720000     -0.8700000      -2.060000       1.550000    
 1981   1.000000       1.040000      0.1000000E-01  -3.040000      0.5000000E-01  -1.570000       1.740000       1.010000      0.2700000      -1.060000       1.660000      -2.200000    
 1982 -0.7200000       2.250000       1.660000     -0.9900000       1.100000      -1.860000     -0.6500000       1.450000       1.080000      0.3200000       1.710000       2.640000    
 1983   4.820000      -1.250000       1.790000      -1.010000     -0.5700000      0.5400000     -0.7500000      0.5600000     -0.6500000       2.060000      -2.280000      0.8300000    
 1984   2.530000       1.730000      -2.120000      0.3300000      -2.340000      0.3300000      0.9300000       1.000000      -1.310000       1.660000      -1.160000       1.520000    
 1985  -2.870000     -0.2400000      0.7000000E-01  0.3400000      -2.130000      -1.080000       1.090000       2.330000       0.000000      0.1400000      -2.850000     -0.4300000    
 1986   1.460000      -4.020000       2.860000     -0.9300000       2.160000      -1.290000      0.8800000      -2.210000      -1.340000       2.270000       3.410000       3.420000    
 1987  -2.120000     -0.2400000      0.2900000       2.590000     -0.8100000     -0.5800000      -1.240000      -2.990000       1.270000     -0.8000000     -0.6700000     -0.8100000    
 1988  0.5300000     -0.1100000      0.7800000      -2.390000      -1.240000      -2.750000       1.460000      0.7300000      0.8000000      -2.020000      -1.470000       1.850000    
 1989   3.530000       3.610000       2.450000     -0.4800000       1.160000     -0.5300000      0.5800000       1.760000     -0.9600000      0.8800000      -2.970000      -2.230000    
 1990   3.500000       5.110000       3.110000       1.770000      -1.190000      0.4200000       1.430000       3.310000     -0.9900000     -0.5900000      -1.480000      0.3400000    
 1991   1.870000     -0.2000000E-01  -1.370000       1.480000     -0.4000000E-01 -0.3100000     -0.2800000       2.710000      -1.120000      -1.770000       1.680000       1.240000    
 1992  0.6400000       3.180000       1.660000       1.320000      0.8000000      -1.740000       1.040000       3.970000      0.9900000      -3.330000       4.520000      0.2100000    
 1993   3.910000      0.1100000       1.470000      0.8300000      -2.590000      0.1600000      0.6400000      0.7500000      -2.600000      -4.130000      0.7700000       2.170000    
 1994   1.280000      0.7000000E-01   3.680000       1.380000      -1.430000       2.990000     -0.9000000E-01  -1.590000      -2.850000      -1.880000       1.680000       2.860000    
 1995   2.700000       3.130000       1.060000      -1.810000     -0.3600000      -3.360000     -0.9600000      -1.330000      -1.550000       1.220000      -2.730000      -3.330000    
 1996  -3.270000     -0.1200000      -2.570000     -0.3100000      -1.500000       1.430000       1.470000     -0.1900000      -2.230000     -0.7000000E-01 -0.5000000E-01  -4.700000    
 1997  -1.950000       5.260000       2.090000     -0.9700000      -1.350000      -4.050000       1.180000       1.780000     -0.6700000      -2.260000     -0.9900000     -0.2000000    
 1998 -0.2800000       2.440000       1.240000     -0.3900000      -1.260000     -0.8500000     -0.5700000       1.800000      -3.480000       1.340000       1.130000       1.950000    
 1999  0.9000000       1.800000     -0.7200000      0.4300000       1.030000       1.390000      -1.850000      -3.670000     -0.5100000     -0.6900000      0.3000000       2.130000    
 2000  0.3500000       4.370000      0.5400000      -3.340000      0.3100000      0.8900000      -2.990000      0.7800000      -1.100000       2.260000     -0.2400000      -1.410000    
 2001  0.2000000E-01  0.7000000E-01 -0.6800000       1.240000     -0.9000000E-01  -1.330000      -1.120000       1.640000      -3.830000      0.8800000      0.1000000E-01  -2.250000    
 2002   2.310000       3.010000      0.9000000E-01  0.9100000     -0.5000000E-01  0.9000000     -0.7100000     -0.6100000      -3.580000      -1.500000     -0.2700000     -0.9800000    
 2003  0.1500000       1.340000       1.080000      -1.740000       1.170000     -0.8600000      0.9000000E-01 -0.9900000      0.3500000      -3.680000      0.3100000     -0.8500000    
 2004  0.2000000      -1.230000       1.070000       1.080000     -0.6700000     -0.3800000     -0.3000000     -0.7600000       2.510000      -2.180000     -0.5500000       1.270000    
 2005   1.820000      -2.250000      -1.290000      0.7100000     -0.1300000      -1.000000     -0.8000000E-01  0.9400000      0.5000000     -0.4500000      -1.010000     -0.8100000    
 2006 -0.1000000      -1.240000      -1.120000      0.5700000     -0.2200000     -0.4100000      0.8300000      -2.470000      -1.020000      -1.970000       1.700000       3.080000    
 2007   1.770000      0.4200000       2.030000     -0.1000000      0.6200000      -3.340000      -1.050000      -3.410000      -1.180000     -0.2000000E-01  -1.670000       1.420000    
 2008   1.870000       1.810000      0.3700000      -2.020000      -3.260000      -2.050000      -1.380000     -0.2100000      -2.070000      0.1000000E-01  -1.300000     -0.5800000    
 2009  0.6100000      -1.430000      0.1500000       1.740000       1.520000      -3.050000     -0.9200000       1.070000     -0.6300000      -2.000000       1.680000      -3.720000    
 2010  -2.380000      -3.250000     -0.8000000      -1.030000      -1.660000      -2.400000      0.6000000E-01  -2.010000      -2.380000      -2.410000      -3.340000      -4.620000    
 2011  -1.380000       2.790000     -0.4400000       2.390000       1.080000      -1.580000      -3.390000     -0.1800000       2.970000       1.450000      0.7400000       3.200000    
 2012   2.050000       1.280000       1.780000      -2.360000     -0.8300000      -2.580000      -1.310000     -0.4400000      -1.440000      -3.210000      -1.110000      0.6000000    
 2013   1.080000     -0.2600000      -3.750000      0.3000000E-01   1.230000       1.400000       2.520000       2.160000     -0.5700000     -0.3600000      0.4000000E-01   3.540000    
 2014  0.7100000       2.320000       1.640000      0.8400000     -0.8000000E-01  -1.980000      0.9100000      -1.140000      -2.100000      0.3100000      -2.170000       1.890000    
 2015   2.810000       1.470000       1.990000       1.030000       2.090000      0.2800000      -2.160000       1.470000      -1.650000      -1.130000       3.540000       4.220000    
