# cutting out region defined by mask ersstv4_nino3_mask.nc
# sst [degree_C] from NOAA Extended Reconstructed Sea Surface Temperature (ERSSTA), Version 4 (in situ only)
# SSTA normalized to 1981-2010
# plotdat anomal 1981 2010 ersst_nino3.dat
# cutting out region defined by mask ersstv4_nino3_mask.nc
# sst [degree_C] from NOAA Extended Reconstructed Sea Surface Temperature (ERSST), Version 4 (in situ only)
 1854.0000 -0.247307    
 1854.0834 -0.329399    
 1854.1666 -0.756428    
 1854.2500 -0.851450    
 1854.3334 -0.842976    
 1854.4166 -0.201176    
 1854.5000 -0.335499    
 1854.5834  -1.11484    
 1854.6666 -0.715130    
 1854.7500 -0.831875    
 1854.8334  -1.10174    
 1854.9166  -1.25209    
 1855.0000 -0.793356    
 1855.0834  0.673599E-01
 1855.1666 -0.243486    
 1855.2500 -0.271839    
 1855.3334 -0.164295    
 1855.4166 -0.481087    
 1855.5000  0.923920E-01
 1855.5834  0.236149E-01
 1855.6666  0.334040    
 1855.7500  0.574453    
 1855.8334  0.424814    
 1855.9166  0.416424    
 1856.0000  0.398893    
 1856.0834 -0.518093E-01
 1856.1666  0.225143    
 1856.2500 -0.506979    
 1856.3334 -0.955685    
 1856.4166  -1.20442    
 1856.5000  -1.48785    
 1856.5834  -1.76167    
 1856.6666  -1.87863    
 1856.7500  -1.78897    
 1856.8334  -1.79596    
 1856.9166  -1.63314    
 1857.0000  -1.92380    
 1857.0834  -1.48708    
 1857.1666  -1.48199    
 1857.2500  -1.53675    
 1857.3334 -0.918205    
 1857.4166 -0.276236    
 1857.5000  0.920124E-01
 1857.5834  0.180315    
 1857.6666 -0.213051E-02
 1857.7500  0.581551E-01
 1857.8334 -0.165749E-01
 1857.9166  0.410271E-02
 1858.0000  0.692539E-01
 1858.0834 -0.359070    
 1858.1666 -0.397907    
 1858.2500 -0.424799    
 1858.3334 -0.237936    
 1858.4166 -0.313196    
 1858.5000 -0.207779    
 1858.5834 -0.220375    
 1858.6666  0.589294E-01
 1858.7500 -0.411453E-01
 1858.8334 -0.203054    
 1858.9166 -0.525957    
 1859.0000 -0.689655    
 1859.0834 -0.723169    
 1859.1666  -1.11144    
 1859.2500  -1.56151    
 1859.3334  -1.15590    
 1859.4166 -0.570076    
 1859.5000 -0.270498    
 1859.5834 -0.735584    
 1859.6666 -0.782671    
 1859.7500 -0.708555    
 1859.8334  -1.05267    
 1859.9166 -0.816406    
 1860.0000  -1.02900    
 1860.0834 -0.944639    
 1860.1666  -1.23904    
 1860.2500  -1.37934    
 1860.3334  -1.42814    
 1860.4166  -1.71561    
 1860.5000  -1.42499    
 1860.5834  -1.31586    
 1860.6666  -1.17716    
 1860.7500  -1.02631    
 1860.8334 -0.916306    
 1860.9166 -0.874987    
 1861.0000 -0.819366    
 1861.0834 -0.927999    
 1861.1666 -0.885487    
 1861.2500 -0.907959    
 1861.3334 -0.863165    
 1861.4166 -0.828476    
 1861.5000 -0.776897    
 1861.5834 -0.659554    
 1861.6666 -0.656570    
 1861.7500 -0.733576    
 1861.8334 -0.600574    
 1861.9166 -0.600348    
 1862.0000 -0.646976    
 1862.0834 -0.640709    
 1862.1666 -0.616947    
 1862.2500 -0.637930    
 1862.3334 -0.635096    
 1862.4166 -0.599136    
 1862.5000 -0.569798    
 1862.5834 -0.527834    
 1862.6666 -0.272551    
 1862.7500 -0.318316    
 1862.8334 -0.367546    
 1862.9166 -0.203157    
 1863.0000 -0.629246    
 1863.0834 -0.652260    
 1863.1666 -0.562277    
 1863.2500 -0.500879    
 1863.3334 -0.617506    
 1863.4166 -0.823847    
 1863.5000 -0.714628    
 1863.5834 -0.600815    
 1863.6666 -0.559031    
 1863.7500 -0.546806    
 1863.8334 -0.558426    
 1863.9166 -0.369526    
 1864.0000 -0.553547    
 1864.0834 -0.550240    
 1864.1666 -0.608917    
 1864.2500 -0.678720    
 1864.3334 -0.622696    
 1864.4166 -0.682577    
 1864.5000 -0.504087    
 1864.5834 -0.249704    
 1864.6666  0.312195E-01
 1864.7500  0.822544    
 1864.8334  0.583115    
 1864.9166  0.617384    
 1865.0000  0.347094    
 1865.0834  0.124170    
 1865.1666  0.122433    
 1865.2500  0.550404E-01
 1865.3334  0.919552E-01
 1865.4166 -0.758171E-01
 1865.5000 -0.142174E-01
 1865.5834 -0.365993    
 1865.6666 -0.236191    
 1865.7500 -0.253096    
 1865.8334 -0.252016    
 1865.9166 -0.237177    
 1866.0000 -0.560236    
 1866.0834 -0.561760    
 1866.1666 -0.525738    
 1866.2500 -0.555250    
 1866.3334 -0.513645    
 1866.4166 -0.450197    
 1866.5000 -0.499308    
 1866.5834 -0.515965    
 1866.6666 -0.511820    
 1866.7500 -0.548546    
 1866.8334 -0.551065    
 1866.9166 -0.581408    
 1867.0000 -0.614065    
 1867.0834 -0.629200    
 1867.1666 -0.578197    
 1867.2500 -0.597849    
 1867.3334 -0.567514    
 1867.4166 -0.544176    
 1867.5000 -0.531538    
 1867.5834 -0.603104    
 1867.6666 -0.604170    
 1867.7500 -0.635715    
 1867.8334 -0.673244    
 1867.9166 -0.658457    
 1868.0000 -0.691376    
 1868.0834 -0.632910    
 1868.1666 -0.700657    
 1868.2500 -0.714420    
 1868.3334 -0.618555    
 1868.4166 -0.458887    
 1868.5000 -0.197878    
 1868.5834  0.359137    
 1868.6666   1.59900    
 1868.7500   1.14161    
 1868.8334   1.41405    
 1868.9166   1.52504    
 1869.0000  0.901434    
 1869.0834  0.618151    
 1869.1666  0.483223    
 1869.2500  0.349590    
 1869.3334  0.342655E-01
 1869.4166 -0.356617    
 1869.5000 -0.620708    
 1869.5834  -2.09958    
 1869.6666  -2.06067    
 1869.7500  -2.04386    
 1869.8334  -1.46992    
 1869.9166  -2.03446    
 1870.0000 -0.986357    
 1870.0834 -0.970890    
 1870.1666 -0.736076    
 1870.2500 -0.791370    
 1870.3334  -1.23881    
 1870.4166  -1.50222    
 1870.5000  -1.64435    
 1870.5834  -1.50897    
 1870.6666  -1.31530    
 1870.7500  -1.51338    
 1870.8334  -1.42759    
 1870.9166  -1.47364    
 1871.0000 -0.846056    
 1871.0834 -0.214329    
 1871.1666  0.133244    
 1871.2500  0.499020    
 1871.3334 -0.184956E-01
 1871.4166 -0.392727    
 1871.5000 -0.350788    
 1871.5834 -0.273405    
 1871.6666 -0.303940    
 1871.7500 -0.465937    
 1871.8334 -0.535635    
 1871.9166  -1.03445    
 1872.0000  -1.12153    
 1872.0834  -1.21944    
 1872.1666 -0.989496    
 1872.2500  -1.11970    
 1872.3334  -1.08479    
 1872.4166 -0.965576    
 1872.5000 -0.412619    
 1872.5834 -0.957394    
 1872.6666 -0.865131    
 1872.7500  -1.29310    
 1872.8334  -1.31874    
 1872.9166  -1.50905    
 1873.0000  -1.29624    
 1873.0834  -1.54386    
 1873.1666  -2.40840    
 1873.2500  -1.98558    
 1873.3334  -1.33029    
 1873.4166 -0.523066    
 1873.5000 -0.408438    
 1873.5834 -0.370874    
 1873.6666 -0.882290    
 1873.7500  -1.26412    
 1873.8334  -1.30544    
 1873.9166  -1.33015    
 1874.0000  -1.51398    
 1874.0834  -1.60926    
 1874.1666  -1.53149    
 1874.2500  -1.66684    
 1874.3334  -1.58566    
 1874.4166  -1.38474    
 1874.5000  -1.33040    
 1874.5834  -1.15407    
 1874.6666  -1.05133    
 1874.7500  -1.35614    
 1874.8334  -1.79291    
 1874.9166  -1.45550    
 1875.0000  -1.11382    
 1875.0834 -0.962849    
 1875.1666 -0.870466    
 1875.2500 -0.934660    
 1875.3334  -1.05449    
 1875.4166 -0.925196    
 1875.5000 -0.747318    
 1875.5834 -0.930843    
 1875.6666 -0.626331    
 1875.7500  -1.11197    
 1875.8334  -1.27645    
 1875.9166  -1.25381    
 1876.0000  -1.57219    
 1876.0834  -1.85378    
 1876.1666  -1.83785    
 1876.2500  -2.07129    
 1876.3334  -1.66693    
 1876.4166 -0.392796    
 1876.5000 -0.383148    
 1876.5834 -0.486244    
 1876.6666 -0.393261    
 1876.7500  0.210264    
 1876.8334  0.250744    
 1876.9166  0.369883    
 1877.0000  0.240314    
 1877.0834  0.383850    
 1877.1666  0.559893    
 1877.2500 -0.496597E-01
 1877.3334  0.145044    
 1877.4166  0.601635E-01
 1877.5000  0.601212    
 1877.5834   1.97482    
 1877.6666   2.28065    
 1877.7500   2.27893    
 1877.8334   2.50136    
 1877.9166   2.82829    
 1878.0000   2.76076    
 1878.0834   2.71909    
 1878.1666   1.22364    
 1878.2500   1.08872    
 1878.3334   1.06030    
 1878.4166  0.544033E-01
 1878.5000 -0.388288    
 1878.5834 -0.241264    
 1878.6666 -0.431141    
 1878.7500 -0.514965    
 1878.8334 -0.631445    
 1878.9166 -0.674326    
 1879.0000 -0.609455    
 1879.0834 -0.303459    
 1879.1666 -0.389708    
 1879.2500 -0.537939    
 1879.3334 -0.659185    
 1879.4166 -0.904896    
 1879.5000  -1.13679    
 1879.5834  -1.20978    
 1879.6666  -1.07712    
 1879.7500  -1.31485    
 1879.8334  -1.68186    
 1879.9166  -1.54370    
 1880.0000  -1.65144    
 1880.0834 -0.914619    
 1880.1666 -0.561756    
 1880.2500 -0.529049    
 1880.3334 -0.538225    
 1880.4166 -0.566666    
 1880.5000 -0.329268    
 1880.5834 -0.160244    
 1880.6666  0.190578    
 1880.7500  0.229753    
 1880.8334  0.219055    
 1880.9166 -0.890465E-01
 1881.0000  0.329437E-01
 1881.0834  0.357609E-01
 1881.1666 -0.111067    
 1881.2500 -0.184910    
 1881.3334 -0.260765    
 1881.4166 -0.252346    
 1881.5000 -0.291258    
 1881.5834 -0.455004    
 1881.6666 -0.454941    
 1881.7500 -0.751186    
 1881.8334 -0.604475    
 1881.9166 -0.661766    
 1882.0000 -0.519867    
 1882.0834 -0.590979    
 1882.1666 -0.647617    
 1882.2500 -0.384720    
 1882.3334 -0.517885    
 1882.4166  -1.17581    
 1882.5000  -1.28153    
 1882.5834  -1.04451    
 1882.6666 -0.843191    
 1882.7500 -0.860975    
 1882.8334 -0.979626    
 1882.9166  -1.04395    
 1883.0000 -0.967966    
 1883.0834 -0.643879    
 1883.1666 -0.471848    
 1883.2500 -0.516989    
 1883.3334 -0.347456    
 1883.4166 -0.154497    
 1883.5000 -0.296518    
 1883.5834 -0.487505    
 1883.6666 -0.566820    
 1883.7500 -0.406656    
 1883.8334 -0.160336    
 1883.9166 -0.518457    
 1884.0000 -0.743486    
 1884.0834 -0.649960    
 1884.1666 -0.681927    
 1884.2500 -0.327169    
 1884.3334  0.106005    
 1884.4166  0.649738E-01
 1884.5000 -0.310459    
 1884.5834 -0.208735    
 1884.6666  0.307619    
 1884.7500  0.244884    
 1884.8334  0.510025    
 1884.9166  0.485172    
 1885.0000  0.257315    
 1885.0834 -0.189810    
 1885.1666 -0.400566    
 1885.2500 -0.603270    
 1885.3334 -0.394295    
 1885.4166 -0.346487    
 1885.5000 -0.733528    
 1885.5834 -0.429165    
 1885.6666  0.207809    
 1885.7500  0.505585    
 1885.8334  0.561474    
 1885.9166  0.375683    
 1886.0000  0.738335E-02
 1886.0834 -0.704979    
 1886.1666  -1.14119    
 1886.2500 -0.991619    
 1886.3334  -1.21313    
 1886.4166  -1.61461    
 1886.5000  -1.47564    
 1886.5834  -1.51155    
 1886.6666  -1.20695    
 1886.7500  -1.26667    
 1886.8334  -1.34987    
 1886.9166  -1.51110    
 1887.0000  -1.53559    
 1887.0834  -1.53570    
 1887.1666 -0.976748    
 1887.2500 -0.509020    
 1887.3334 -0.676664    
 1887.4166 -0.569927    
 1887.5000 -0.506319    
 1887.5834 -0.265123    
 1887.6666 -0.119862    
 1887.7500 -0.308685    
 1887.8334 -0.314665    
 1887.9166 -0.624371E-01
 1888.0000  0.255243    
 1888.0834  0.198540    
 1888.1666  0.149954    
 1888.2500  0.949402E-01
 1888.3334  0.362755    
 1888.4166  0.478193    
 1888.5000  0.466862    
 1888.5834  0.611586    
 1888.6666   1.00138    
 1888.7500   1.31344    
 1888.8334   1.59205    
 1888.9166   1.87760    
 1889.0000   2.00381    
 1889.0834   1.57043    
 1889.1666  0.837133    
 1889.2500  0.427561    
 1889.3334 -0.981445E-01
 1889.4166 -0.595917    
 1889.5000  -1.27109    
 1889.5834  -1.45794    
 1889.6666  -1.84445    
 1889.7500  -2.25696    
 1889.8334  -1.75900    
 1889.9166  -1.37309    
 1890.0000  -1.61458    
 1890.0834  -2.12435    
 1890.1666  -1.57965    
 1890.2500  -1.37707    
 1890.3334  -1.01868    
 1890.4166 -0.886286    
 1890.5000  -1.08483    
 1890.5834  -1.10921    
 1890.6666  -1.26220    
 1890.7500  -1.41619    
 1890.8334  -1.53389    
 1890.9166 -0.684418    
 1891.0000 -0.320465    
 1891.0834 -0.346039    
 1891.1666 -0.174667    
 1891.2500  0.296301    
 1891.3334  0.276184    
 1891.4166  0.248055    
 1891.5000  0.124842    
 1891.5834 -0.321283    
 1891.6666 -0.482681    
 1891.7500 -0.328846    
 1891.8334 -0.174116    
 1891.9166 -0.334936    
 1892.0000 -0.340425    
 1892.0834 -0.399750    
 1892.1666 -0.652967    
 1892.2500 -0.675499    
 1892.3334 -0.895065    
 1892.4166  -1.56307    
 1892.5000  -1.60747    
 1892.5834  -1.78012    
 1892.6666  -1.96499    
 1892.7500  -2.10114    
 1892.8334  -1.91553    
 1892.9166  -2.07583    
 1893.0000  -1.76033    
 1893.0834  -1.70731    
 1893.1666  -1.68493    
 1893.2500  -1.81958    
 1893.3334  -1.55065    
 1893.4166  -1.49592    
 1893.5000  -1.20113    
 1893.5834  -1.28945    
 1893.6666  -1.22986    
 1893.7500  -1.39954    
 1893.8334  -1.31411    
 1893.9166  -1.35360    
 1894.0000  -1.32556    
 1894.0834  -1.42344    
 1894.1666  -1.19224    
 1894.2500  -1.13151    
 1894.3334 -0.708445    
 1894.4166 -0.620476    
 1894.5000 -0.973078    
 1894.5834  -1.03306    
 1894.6666  -1.03156    
 1894.7500  -1.12129    
 1894.8334  -1.11903    
 1894.9166  -1.18426    
 1895.0000  -1.00910    
 1895.0834 -0.728369    
 1895.1666 -0.856848    
 1895.2500 -0.602551    
 1895.3334 -0.268446    
 1895.4166 -0.441946    
 1895.5000 -0.128618    
 1895.5834 -0.458946E-01
 1895.6666  0.767384E-01
 1895.7500  0.468044E-01
 1895.8334  0.190384    
 1895.9166  0.231342    
 1896.0000  0.755539E-01
 1896.0834 -0.182739    
 1896.1666 -0.145277    
 1896.2500 -0.878201E-01
 1896.3334 -0.270065    
 1896.4166 -0.136871E-01
 1896.5000  0.626251    
 1896.5834  0.901196    
 1896.6666  0.849850    
 1896.7500   1.00231    
 1896.8334   1.39491    
 1896.9166   1.57696    
 1897.0000   1.39410    
 1897.0834   1.02920    
 1897.1666  0.462803    
 1897.2500 -0.325640    
 1897.3334 -0.396105    
 1897.4166 -0.313456    
 1897.5000 -0.349518    
 1897.5834 -0.470514    
 1897.6666 -0.438900    
 1897.7500 -0.658165    
 1897.8334 -0.862804    
 1897.9166 -0.852617    
 1898.0000 -0.553415    
 1898.0834 -0.682508    
 1898.1666  -1.03914    
 1898.2500 -0.923910    
 1898.3334 -0.701706    
 1898.4166 -0.811777    
 1898.5000 -0.944998    
 1898.5834  -1.13350    
 1898.6666  -1.07331    
 1898.7500  -1.06209    
 1898.8334  -1.18042    
 1898.9166  -1.12961    
 1899.0000 -0.892296    
 1899.0834 -0.764700    
 1899.1666 -0.809937    
 1899.2500 -0.221596E-01
 1899.3334 -0.276451E-01
 1899.4166  0.641937E-01
 1899.5000  0.193491    
 1899.5834  0.598116    
 1899.6666  0.911058    
 1899.7500   1.03580    
 1899.8334   1.39141    
 1899.9166   1.30876    
 1900.0000   1.13946    
 1900.0834  0.835480    
 1900.1666  0.765123    
 1900.2500  0.502390    
 1900.3334  0.540125    
 1900.4166  0.307293    
 1900.5000  0.439171    
 1900.5834 -0.636940E-01
 1900.6666 -0.290741    
 1900.7500 -0.210876    
 1900.8334 -0.318235    
 1900.9166 -0.227787    
 1901.0000 -0.223806    
 1901.0834 -0.286879    
 1901.1666 -0.448418    
 1901.2500 -0.494499    
 1901.3334 -0.610395    
 1901.4166 -0.748177    
 1901.5000 -0.761669    
 1901.5834 -0.742495    
 1901.6666 -0.624580    
 1901.7500 -0.579906    
 1901.8334 -0.177216    
 1901.9166 -0.234436    
 1902.0000 -0.156157    
 1902.0834 -0.195969    
 1902.1666 -0.146227    
 1902.2500  0.247459    
 1902.3334  0.498514    
 1902.4166  0.743603    
 1902.5000   1.04956    
 1902.5834   1.19294    
 1902.6666   1.12162    
 1902.7500   1.16059    
 1902.8334   1.32706    
 1902.9166   1.16794    
 1903.0000  0.958673    
 1903.0834  0.471701    
 1903.1666 -0.241238    
 1903.2500 -0.689100    
 1903.3334 -0.972775    
 1903.4166  -1.10773    
 1903.5000  -1.21973    
 1903.5834  -1.65221    
 1903.6666  -1.46070    
 1903.7500  -1.48935    
 1903.8334  -1.52932    
 1903.9166  -1.47040    
 1904.0000  -1.27561    
 1904.0834 -0.732010    
 1904.1666 -0.820328    
 1904.2500 -0.732620    
 1904.3334 -0.463116    
 1904.4166 -0.117277    
 1904.5000  0.185911    
 1904.5834  0.299107    
 1904.6666  0.115490    
 1904.7500  0.172455    
 1904.8334  0.421885    
 1904.9166  0.510683    
 1905.0000  0.430914    
 1905.0834  0.278761    
 1905.1666  0.322483    
 1905.2500  0.891460    
 1905.3334  0.972225    
 1905.4166  0.910484    
 1905.5000  0.887531    
 1905.5834  0.951555    
 1905.6666   1.06729    
 1905.7500  0.565615    
 1905.8334  0.486885    
 1905.9166  0.551594    
 1906.0000  0.474464    
 1906.0834  0.112940    
 1906.1666 -0.122356    
 1906.2500 -0.520960    
 1906.3334  -1.00673    
 1906.4166  -1.35028    
 1906.5000  -1.37419    
 1906.5834  -1.43649    
 1906.6666  -1.41213    
 1906.7500  -1.23079    
 1906.8334  -1.26408    
 1906.9166  -1.19250    
 1907.0000  -1.09051    
 1907.0834  -1.25625    
 1907.1666  -1.11510    
 1907.2500 -0.948000    
 1907.3334 -0.575775    
 1907.4166 -0.632215    
 1907.5000 -0.468868    
 1907.5834 -0.362274    
 1907.6666 -0.553240    
 1907.7500 -0.635916    
 1907.8334 -0.568325    
 1907.9166 -0.695208    
 1908.0000 -0.752666    
 1908.0834 -0.757200    
 1908.1666 -0.895227    
 1908.2500  -1.02265    
 1908.3334  -1.14840    
 1908.4166  -1.13020    
 1908.5000 -0.983139    
 1908.5834 -0.964594    
 1908.6666  -1.26398    
 1908.7500  -1.41518    
 1908.8334  -1.37224    
 1908.9166  -1.55816    
 1909.0000  -1.73663    
 1909.0834  -1.54985    
 1909.1666  -1.20563    
 1909.2500  -1.30992    
 1909.3334  -1.24277    
 1909.4166  -1.11590    
 1909.5000  -1.06117    
 1909.5834  -1.15932    
 1909.6666  -1.86132    
 1909.7500  -1.92698    
 1909.8334  -1.93468    
 1909.9166  -1.97049    
 1910.0000  -1.78953    
 1910.0834  -1.63892    
 1910.1666  -2.03421    
 1910.2500  -1.94996    
 1910.3334  -1.32475    
 1910.4166  -1.17331    
 1910.5000  -1.17689    
 1910.5834  -1.30483    
 1910.6666  -1.38567    
 1910.7500  -1.19740    
 1910.8334  -1.20225    
 1910.9166  -1.32785    
 1911.0000  -1.23845    
 1911.0834  -1.45530    
 1911.1666  -1.47667    
 1911.2500  -1.36506    
 1911.3334 -0.942715    
 1911.4166 -0.136866    
 1911.5000  0.124512    
 1911.5834  0.123196    
 1911.6666  0.387001E-02
 1911.7500  0.803595    
 1911.8334  0.986855    
 1911.9166   1.24456    
 1912.0000   1.14710    
 1912.0834  0.928761    
 1912.1666  0.533363    
 1912.2500  0.323471    
 1912.3334 -0.920753E-01
 1912.4166 -0.451946    
 1912.5000 -0.492178    
 1912.5834 -0.510824    
 1912.6666 -0.755751    
 1912.7500 -0.787577    
 1912.8334 -0.879555    
 1912.9166 -0.867506    
 1913.0000 -0.646196    
 1913.0834 -0.484039    
 1913.1666 -0.784927    
 1913.2500 -0.573339    
 1913.3334 -0.432625    
 1913.4166 -0.242306    
 1913.5000 -0.111818    
 1913.5834  0.430565E-01
 1913.6666 -0.204201E-01
 1913.7500 -0.191046    
 1913.8334  0.180365    
 1913.9166  0.743723    
 1914.0000  0.812094    
 1914.0834  0.369341    
 1914.1666  0.113853    
 1914.2500 -0.693703E-01
 1914.3334  0.116566    
 1914.4166  0.926132E-01
 1914.5000  0.336641    
 1914.5834  0.453196    
 1914.6666  0.863689    
 1914.7500  0.704374    
 1914.8334  0.775215    
 1914.9166  0.740923    
 1915.0000  0.738674    
 1915.0834  0.372551    
 1915.1666 -0.264566    
 1915.2500 -0.624390E-01
 1915.3334  0.225124    
 1915.4166  0.444923    
 1915.5000  0.136473    
 1915.5834 -0.307964    
 1915.6666 -0.494810    
 1915.7500 -0.897676    
 1915.8334  -1.38490    
 1915.9166  -1.53174    
 1916.0000 -0.964247    
 1916.0834  -1.16817    
 1916.1666  -1.06462    
 1916.2500  -1.25654    
 1916.3334 -0.897635    
 1916.4166  -1.65056    
 1916.5000  -1.76467    
 1916.5834  -1.73984    
 1916.6666  -1.47281    
 1916.7500  -1.84097    
 1916.8334  -2.22534    
 1916.9166  -2.06140    
 1917.0000  -2.22528    
 1917.0834  -2.12761    
 1917.1666  -1.98377    
 1917.2500 -0.984009    
 1917.3334 -0.427876    
 1917.4166 -0.858826    
 1917.5000 -0.860558    
 1917.5834  -1.74368    
 1917.6666  -1.72243    
 1917.7500  -2.23221    
 1917.8334  -1.99018    
 1917.9166  -1.53928    
 1918.0000  -1.40444    
 1918.0834  -1.09116    
 1918.1666  -1.32587    
 1918.2500 -0.978350    
 1918.3334  0.855541E-01
 1918.4166  0.425434    
 1918.5000  0.699921E-01
 1918.5834  0.198727    
 1918.6666  0.358309    
 1918.7500   1.20152    
 1918.8334   1.77695    
 1918.9166   1.15460    
 1919.0000  0.930004    
 1919.0834  0.653681    
 1919.1666  0.682831E-03
 1919.2500  -1.15631    
 1919.3334 -0.597666    
 1919.4166  -1.04044    
 1919.5000 -0.981258    
 1919.5834 -0.941355    
 1919.6666 -0.114651    
 1919.7500 -0.662613E-02
 1919.8334 -0.214815    
 1919.9166  0.248493    
 1920.0000 -0.331427    
 1920.0834 -0.867596E-01
 1920.1666 -0.214727    
 1920.2500 -0.297230    
 1920.3334 -0.253935    
 1920.4166 -0.645561E-01
 1920.5000 -0.450317    
 1920.5834 -0.254145    
 1920.6666 -0.287880    
 1920.7500  -1.32463    
 1920.8334 -0.811176    
 1920.9166 -0.806887    
 1921.0000 -0.835127    
 1921.0834  -1.62535    
 1921.1666  -2.63877    
 1921.2500  -2.20548    
 1921.3334  -1.14894    
 1921.4166 -0.847055    
 1921.5000 -0.508789    
 1921.5834 -0.143583    
 1921.6666 -0.168480    
 1921.7500  0.570095    
 1921.8334   1.14944    
 1921.9166  0.246063    
 1922.0000 -0.351963E-01
 1922.0834  -1.30491    
 1922.1666 -0.805006    
 1922.2500 -0.844549    
 1922.3334  -1.10908    
 1922.4166  -1.40865    
 1922.5000  -1.67638    
 1922.5834  -1.81508    
 1922.6666  -1.86228    
 1922.7500  -1.28715    
 1922.8334  -1.00603    
 1922.9166  -1.28277    
 1923.0000  -1.16789    
 1923.0834  -1.19839    
 1923.1666 -0.343046    
 1923.2500 -0.251400    
 1923.3334 -0.211596    
 1923.4166 -0.946159E-01
 1923.5000  0.508118E-02
 1923.5834  0.113985    
 1923.6666  0.977592E-01
 1923.7500  0.479240E-01
 1923.8334 -0.526962E-01
 1923.9166 -0.221907    
 1924.0000 -0.106026    
 1924.0834 -0.377378    
 1924.1666 -0.418467    
 1924.2500 -0.585659    
 1924.3334 -0.737064    
 1924.4166  -1.40462    
 1924.5000  -1.55154    
 1924.5834  -1.75570    
 1924.6666  -1.73948    
 1924.7500  -1.60737    
 1924.8334  -1.57522    
 1924.9166  -1.79690    
 1925.0000  -1.58999    
 1925.0834  -1.63095    
 1925.1666 -0.763916    
 1925.2500 -0.597359    
 1925.3334 -0.617035    
 1925.4166 -0.364727    
 1925.5000  0.166002    
 1925.5834  0.262085    
 1925.6666  0.790386E-01
 1925.7500  0.359844    
 1925.8334  0.628565    
 1925.9166  0.789972    
 1926.0000  0.856785    
 1926.0834  0.422960    
 1926.1666  0.425262    
 1926.2500  0.462660    
 1926.3334  0.142895    
 1926.4166 -0.319376    
 1926.5000 -0.399017    
 1926.5834 -0.652494    
 1926.6666 -0.907791    
 1926.7500  -1.33425    
 1926.8334  -1.16480    
 1926.9166 -0.792477    
 1927.0000 -0.531027    
 1927.0834 -0.286190    
 1927.1666 -0.461296    
 1927.2500 -0.797091    
 1927.3334 -0.775455    
 1927.4166 -0.560606    
 1927.5000 -0.665079    
 1927.5834 -0.610954    
 1927.6666 -0.165701    
 1927.7500  0.334835E-01
 1927.8334 -0.276995    
 1927.9166 -0.605936    
 1928.0000 -0.399607    
 1928.0834 -0.519310    
 1928.1666 -0.399826    
 1928.2500 -0.430769    
 1928.3334 -0.340096    
 1928.4166 -0.772457    
 1928.5000 -0.561209    
 1928.5834 -0.617174    
 1928.6666 -0.721661    
 1928.7500 -0.839466    
 1928.8334 -0.726845    
 1928.9166 -0.796816    
 1929.0000  -1.12729    
 1929.0834  -1.04590    
 1929.1666 -0.639147    
 1929.2500 -0.556370    
 1929.3334 -0.514484    
 1929.4166 -0.436447    
 1929.5000 -0.290369    
 1929.5834 -0.192274    
 1929.6666 -0.224800    
 1929.7500 -0.271225    
 1929.8334 -0.203646    
 1929.9166 -0.347338    
 1930.0000 -0.357096    
 1930.0834 -0.384390    
 1930.1666 -0.279806    
 1930.2500 -0.272930    
 1930.3334 -0.668945E-01
 1930.4166  0.293644    
 1930.5000  0.479101    
 1930.5834  0.611647    
 1930.6666  0.796400    
 1930.7500  0.882524    
 1930.8334   1.21988    
 1930.9166   1.12562    
 1931.0000   1.04796    
 1931.0834  0.838451    
 1931.1666  0.493973    
 1931.2500  0.331341    
 1931.3334  0.273342E-01
 1931.4166 -0.361856    
 1931.5000 -0.338198    
 1931.5834 -0.610933    
 1931.6666  -1.05110    
 1931.7500  -1.24664    
 1931.8334  -1.26213    
 1931.9166 -0.961487    
 1932.0000 -0.820135    
 1932.0834 -0.497019    
 1932.1666 -0.228188    
 1932.2500  0.590401E-01
 1932.3334  0.111414    
 1932.4166 -0.878067E-01
 1932.5000 -0.183147    
 1932.5834 -0.437084    
 1932.6666 -0.445940    
 1932.7500 -0.365976    
 1932.8334 -0.351196    
 1932.9166 -0.560707    
 1933.0000 -0.674826    
 1933.0834 -0.619040    
 1933.1666 -0.559937    
 1933.2500 -0.492739    
 1933.3334 -0.662704    
 1933.4166  -1.04893    
 1933.5000  -1.21281    
 1933.5834  -1.41777    
 1933.6666  -1.50751    
 1933.7500  -1.64783    
 1933.8334  -1.90281    
 1933.9166  -1.65953    
 1934.0000  -1.45020    
 1934.0834  -1.10570    
 1934.1666  -1.00425    
 1934.2500 -0.932329    
 1934.3334 -0.714025    
 1934.4166 -0.374157    
 1934.5000 -0.244818    
 1934.5834 -0.205664    
 1934.6666 -0.477020    
 1934.7500 -0.560415    
 1934.8334 -0.849596    
 1934.9166  -1.06158    
 1935.0000  -1.14428    
 1935.0834  -1.21977    
 1935.1666 -0.983128    
 1935.2500 -0.632380    
 1935.3334 -0.644485    
 1935.4166 -0.572086    
 1935.5000 -0.356298    
 1935.5834 -0.301474    
 1935.6666 -0.362350    
 1935.7500 -0.219486    
 1935.8334 -0.330296    
 1935.9166 -0.510206    
 1936.0000 -0.516226    
 1936.0834 -0.351200    
 1936.1666 -0.394176    
 1936.2500 -0.296560    
 1936.3334 -0.517305    
 1936.4166 -0.924416    
 1936.5000 -0.695148    
 1936.5834 -0.527685    
 1936.6666 -0.459610    
 1936.7500 -0.667446    
 1936.8334 -0.964165    
 1936.9166  -1.20159    
 1937.0000 -0.811127    
 1937.0834 -0.501989    
 1937.1666 -0.411436    
 1937.2500 -0.480989    
 1937.3334 -0.324495    
 1937.4166 -0.283987    
 1937.5000 -0.242249    
 1937.5834  0.760651E-02
 1937.6666 -0.160801    
 1937.7500 -0.316025    
 1937.8334 -0.495365    
 1937.9166 -0.788918    
 1938.0000  -1.03228    
 1938.0834  -1.33483    
 1938.1666  -1.38792    
 1938.2500  -1.50552    
 1938.3334  -1.27806    
 1938.4166  -1.44659    
 1938.5000  -1.51218    
 1938.5834  -1.47261    
 1938.6666  -1.19221    
 1938.7500  -1.02451    
 1938.8334 -0.975056    
 1938.9166  -1.21601    
 1939.0000  -1.23049    
 1939.0834  -1.30349    
 1939.1666 -0.974398    
 1939.2500 -0.541800    
 1939.3334  0.175552E-01
 1939.4166  0.193714    
 1939.5000  0.535061    
 1939.5834  0.613256    
 1939.6666  0.564959    
 1939.7500  0.864544    
 1939.8334  0.101114    
 1939.9166  0.252674    
 1940.0000  0.891624    
 1940.0834  0.755230    
 1940.1666  0.837032    
 1940.2500  0.230700    
 1940.3334  0.465916    
 1940.4166  0.355703    
 1940.5000  0.636826E-01
 1940.5834  0.304386    
 1940.6666  0.354389    
 1940.7500  0.504074    
 1940.8334  0.913334    
 1940.9166   1.21718    
 1941.0000   1.51088    
 1941.0834   1.22205    
 1941.1666  0.681753    
 1941.2500  0.596270    
 1941.3334  0.749605    
 1941.4166  0.555655    
 1941.5000  0.249012    
 1941.5834 -0.202637E-01
 1941.6666  0.829487E-01
 1941.7500  0.292173    
 1941.8334  0.504534    
 1941.9166  0.914633    
 1942.0000  0.546925    
 1942.0834  0.886898E-01
 1942.1666 -0.105827    
 1942.2500 -0.292219    
 1942.3334 -0.391985    
 1942.4166  -1.01065    
 1942.5000  -1.66413    
 1942.5834  -1.95313    
 1942.6666  -2.47642    
 1942.7500  -2.05573    
 1942.8334  -2.04633    
 1942.9166  -1.96063    
 1943.0000  -1.84686    
 1943.0834  -1.73809    
 1943.1666  -1.35124    
 1943.2500 -0.865389    
 1943.3334 -0.515005    
 1943.4166 -0.274385    
 1943.5000 -0.283308    
 1943.5834 -0.257423    
 1943.6666 -0.695610    
 1943.7500 -0.906315    
 1943.8334 -0.726675    
 1943.9166 -0.905127    
 1944.0000 -0.900436    
 1944.0834 -0.375870    
 1944.1666  0.300293    
 1944.2500  0.517691    
 1944.3334 -0.211916    
 1944.4166 -0.190346    
 1944.5000 -0.467377E-01
 1944.5834 -0.254213    
 1944.6666 -0.723730    
 1944.7500  -1.01200    
 1944.8334  -1.24812    
 1944.9166  -1.23551    
 1945.0000  -1.04675    
 1945.0834 -0.774170    
 1945.1666 -0.836107    
 1945.2500 -0.735090    
 1945.3334  0.144026    
 1945.4166 -0.297337    
 1945.5000 -0.494759    
 1945.5834 -0.572803    
 1945.6666  0.402584E-01
 1945.7500  0.871143E-01
 1945.8334   1.02547    
 1945.9166  0.972363    
 1946.0000  0.282515    
 1946.0834 -0.134979    
 1946.1666  0.235422    
 1946.2500  0.264490    
 1946.3334  0.310440E-01
 1946.4166  -1.23242    
 1946.5000  -1.68312    
 1946.5834  -1.81950    
 1946.6666  -1.58553    
 1946.7500  -1.23041    
 1946.8334 -0.727396    
 1946.9166 -0.440546    
 1947.0000 -0.508326    
 1947.0834 -0.427269    
 1947.1666 -0.508238    
 1947.2500 -0.606630    
 1947.3334 -0.946165    
 1947.4166 -0.299986    
 1947.5000 -0.415138    
 1947.5834 -0.846245    
 1947.6666  -1.16657    
 1947.7500  -1.15119    
 1947.8334  -1.82364    
 1947.9166 -0.966156    
 1948.0000  -1.22414    
 1948.0834 -0.768999    
 1948.1666 -0.876497    
 1948.2500 -0.444010    
 1948.3334 -0.471716    
 1948.4166  -1.16948    
 1948.5000  -1.22385    
 1948.5834  -1.17785    
 1948.6666  -1.32715    
 1948.7500  -1.63922    
 1948.8334  -1.19328    
 1948.9166 -0.894897    
 1949.0000 -0.864355    
 1949.0834 -0.777960    
 1949.1666 -0.445486    
 1949.2500 -0.367350    
 1949.3334 -0.891426    
 1949.4166  -1.29970    
 1949.5000  -1.32040    
 1949.5834  -1.08106    
 1949.6666  -1.15215    
 1949.7500  -1.57527    
 1949.8334  -1.92365    
 1949.9166  -2.10695    
 1950.0000  -1.95523    
 1950.0834  -1.48650    
 1950.1666 -0.760826    
 1950.2500 -0.974220    
 1950.3334  -1.42204    
 1950.4166 -0.996557    
 1950.5000 -0.799988    
 1950.5834 -0.713745    
 1950.6666 -0.903650    
 1950.7500 -0.707426    
 1950.8334 -0.980255    
 1950.9166  -1.00262    
 1951.0000 -0.838926    
 1951.0834 -0.727699    
 1951.1666 -0.243927    
 1951.2500 -0.184980    
 1951.3334 -0.141016    
 1951.4166 -0.524712E-02
 1951.5000  0.748482    
 1951.5834  0.628725    
 1951.6666  0.659220    
 1951.7500  0.615065    
 1951.8334  0.798235    
 1951.9166  0.481434    
 1952.0000  0.159445    
 1952.0834 -0.505085E-01
 1952.1666 -0.148773E-02
 1952.2500 -0.222187E-01
 1952.3334 -0.140135    
 1952.4166 -0.519516    
 1952.5000 -0.582438    
 1952.5834 -0.603455    
 1952.6666 -0.617111    
 1952.7500 -0.532616    
 1952.8334 -0.836285    
 1952.9166 -0.539236    
 1953.0000 -0.792694E-02
 1953.0834  0.225691    
 1953.1666  0.230513    
 1953.2500  0.214350    
 1953.3334  0.164955    
 1953.4166  0.274834    
 1953.5000  0.144102    
 1953.5834  0.321255E-01
 1953.6666  0.299200    
 1953.7500  0.122314    
 1953.8334  0.644493E-02
 1953.9166  0.922928E-01
 1954.0000 -0.171076    
 1954.0834 -0.188019    
 1954.1666 -0.469027    
 1954.2500  -1.53493    
 1954.3334  -1.42874    
 1954.4166  -1.27409    
 1954.5000  -1.15888    
 1954.5834  -1.36798    
 1954.6666  -1.51702    
 1954.7500  -1.38251    
 1954.8334  -1.15397    
 1954.9166  -1.36135    
 1955.0000 -0.834126    
 1955.0834 -0.763580    
 1955.1666 -0.901947    
 1955.2500  -1.16067    
 1955.3334  -1.54947    
 1955.4166  -1.30626    
 1955.5000  -1.05328    
 1955.5834  -1.23778    
 1955.6666  -1.52686    
 1955.7500  -2.28312    
 1955.8334  -2.21050    
 1955.9166  -2.02818    
 1956.0000 -0.975126    
 1956.0834 -0.616110    
 1956.1666 -0.486998    
 1956.2500 -0.733570    
 1956.3334 -0.505276    
 1956.4166 -0.532267    
 1956.5000 -0.716078    
 1956.5834 -0.873224    
 1956.6666 -0.923891    
 1956.7500  -1.05173    
 1956.8334  -1.17257    
 1956.9166  -1.17830    
 1957.0000 -0.861946    
 1957.0834 -0.432520    
 1957.1666  0.102444    
 1957.2500  0.224981    
 1957.3334  0.493666    
 1957.4166  0.712564    
 1957.5000   1.18691    
 1957.5834  0.944077    
 1957.6666  0.593029    
 1957.7500  0.548725    
 1957.8334  0.993345    
 1957.9166   1.19073    
 1958.0000   1.11736    
 1958.0834  0.819031    
 1958.1666  0.388094    
 1958.2500  0.164949    
 1958.3334  0.577641E-01
 1958.4166  0.779743E-01
 1958.5000 -0.653591E-01
 1958.5834 -0.141813    
 1958.6666 -0.359451    
 1958.7500 -0.316576    
 1958.8334 -0.299759E-01
 1958.9166 -0.374847    
 1959.0000 -0.210096    
 1959.0834 -0.200310    
 1959.1666 -0.336107    
 1959.2500 -0.153210    
 1959.3334 -0.434605    
 1959.4166 -0.506706    
 1959.5000 -0.822689    
 1959.5834 -0.815605    
 1959.6666 -0.763771    
 1959.7500 -0.522717    
 1959.8334 -0.601395    
 1959.9166 -0.564827    
 1960.0000 -0.383606    
 1960.0834 -0.522339    
 1960.1666 -0.381018    
 1960.2500 -0.322140    
 1960.3334 -0.501804    
 1960.4166 -0.704447    
 1960.5000 -0.454199    
 1960.5834 -0.255165    
 1960.6666 -0.357262    
 1960.7500 -0.837696    
 1960.8334 -0.801315    
 1960.9166 -0.748938    
 1961.0000 -0.643175    
 1961.0834 -0.302460    
 1961.1666 -0.439426    
 1961.2500 -0.158129    
 1961.3334 -0.209526    
 1961.4166 -0.210266    
 1961.5000 -0.767899    
 1961.5834 -0.959724    
 1961.6666  -1.33600    
 1961.7500  -1.23749    
 1961.8334 -0.762295    
 1961.9166 -0.657557    
 1962.0000 -0.548145    
 1962.0834 -0.512840    
 1962.1666 -0.713858    
 1962.2500 -0.941040    
 1962.3334 -0.956585    
 1962.4166 -0.786137    
 1962.5000 -0.642838    
 1962.5834 -0.503695    
 1962.6666 -0.870771    
 1962.7500 -0.850706    
 1962.8334  -1.05499    
 1962.9166  -1.15033    
 1963.0000 -0.863806    
 1963.0834 -0.727468    
 1963.1666 -0.370916    
 1963.2500 -0.919399E-01
 1963.3334 -0.269405    
 1963.4166  0.307827E-01
 1963.5000  0.467031    
 1963.5834  0.469706    
 1963.6666  0.345629    
 1963.7500  0.380064    
 1963.8334  0.479004    
 1963.9166  0.600933    
 1964.0000  0.211723    
 1964.0834 -0.197069    
 1964.1666 -0.562178    
 1964.2500  -1.22512    
 1964.3334  -1.60261    
 1964.4166  -1.43913    
 1964.5000  -1.06520    
 1964.5834  -1.53605    
 1964.6666  -1.13980    
 1964.7500  -1.18189    
 1964.8334  -1.14122    
 1964.9166  -1.49763    
 1965.0000  -1.03396    
 1965.0834 -0.599430    
 1965.1666 -0.350267    
 1965.2500 -0.126120    
 1965.3334  0.264614    
 1965.4166  0.490274    
 1965.5000  0.665762    
 1965.5834  0.860435    
 1965.6666  0.844278    
 1965.7500   1.00941    
 1965.8334   1.12066    
 1965.9166   1.05819    
 1966.0000  0.791664    
 1966.0834  0.274101    
 1966.1666 -0.738163E-01
 1966.2500 -0.200769    
 1966.3334 -0.890884    
 1966.4166 -0.618456    
 1966.5000 -0.444529    
 1966.5834 -0.712595    
 1966.6666 -0.860870    
 1966.7500 -0.705265    
 1966.8334 -0.871225    
 1966.9166  -1.06534    
 1967.0000 -0.716906    
 1967.0834 -0.450140    
 1967.1666 -0.858948    
 1967.2500  -1.03372    
 1967.3334 -0.540976    
 1967.4166 -0.232466    
 1967.5000 -0.536259    
 1967.5834 -0.927633    
 1967.6666  -1.35170    
 1967.7500  -1.30436    
 1967.8334  -1.21678    
 1967.9166  -1.22429    
 1968.0000  -1.43169    
 1968.0834  -1.61059    
 1968.1666  -1.44318    
 1968.2500 -0.978689    
 1968.3334  -1.04053    
 1968.4166 -0.264996    
 1968.5000  0.142082    
 1968.5834  0.291061E-01
 1968.6666 -0.111570    
 1968.7500 -0.640850E-01
 1968.8334  0.626450E-01
 1968.9166  0.346992    
 1969.0000  0.359903    
 1969.0834  0.244890    
 1969.1666  0.236263    
 1969.2500  0.231810    
 1969.3334  0.536644    
 1969.4166  0.330633    
 1969.5000  0.215626E-01
 1969.5834  0.220226    
 1969.6666  0.356440    
 1969.7500  0.489594    
 1969.8334  0.521425    
 1969.9166  0.591843    
 1970.0000  0.394823    
 1970.0834  0.179615E-01
 1970.1666 -0.349216    
 1970.2500 -0.368031    
 1970.3334 -0.749395    
 1970.4166  -1.22996    
 1970.5000  -1.77673    
 1970.5834  -1.77244    
 1970.6666  -1.32642    
 1970.7500  -1.40167    
 1970.8334  -1.42818    
 1970.9166  -1.33817    
 1971.0000  -1.57259    
 1971.0834  -1.62652    
 1971.1666  -1.28583    
 1971.2500  -1.00570    
 1971.3334  -1.01152    
 1971.4166  -1.13773    
 1971.5000  -1.00334    
 1971.5834  -1.22326    
 1971.6666  -1.03120    
 1971.7500  -1.34604    
 1971.8334  -1.21695    
 1971.9166  -1.48400    
 1972.0000 -0.808447    
 1972.0834 -0.613260    
 1972.1666 -0.353348    
 1972.2500 -0.375099E-01
 1972.3334  0.182156    
 1972.4166  0.530483    
 1972.5000   1.15929    
 1972.5834   1.47755    
 1972.6666   1.26394    
 1972.7500   1.60984    
 1972.8334   1.82320    
 1972.9166   1.96192    
 1973.0000   1.47744    
 1973.0834  0.680050    
 1973.1666  0.102894    
 1973.2500 -0.659260    
 1973.3334  -1.09937    
 1973.4166  -1.14618    
 1973.5000  -1.46254    
 1973.5834  -1.51155    
 1973.6666  -1.55036    
 1973.7500  -1.71670    
 1973.8334  -1.74162    
 1973.9166  -1.71085    
 1974.0000  -1.70080    
 1974.0834  -1.31201    
 1974.1666 -0.986307    
 1974.2500 -0.749090    
 1974.3334 -0.804455    
 1974.4166 -0.752476    
 1974.5000 -0.497618    
 1974.5834 -0.362305    
 1974.6666 -0.614750    
 1974.7500 -0.954395    
 1974.8334 -0.983986    
 1974.9166 -0.962206    
 1975.0000 -0.544447    
 1975.0834 -0.862179    
 1975.1666 -0.921698    
 1975.2500 -0.589930    
 1975.3334 -0.959515    
 1975.4166  -1.26176    
 1975.5000  -1.05171    
 1975.5834  -1.06110    
 1975.6666  -1.35645    
 1975.7500  -1.57122    
 1975.8334  -1.45925    
 1975.9166  -1.80225    
 1976.0000  -1.85598    
 1976.0834  -1.21861    
 1976.1666 -0.734066    
 1976.2500 -0.688540    
 1976.3334 -0.378325    
 1976.4166  0.202953    
 1976.5000  0.330671    
 1976.5834  0.568436    
 1976.6666  0.564878    
 1976.7500  0.766193    
 1976.8334  0.640285    
 1976.9166  0.481844    
 1977.0000  0.673294    
 1977.0834  0.402960    
 1977.1666  0.198553    
 1977.2500 -0.552031    
 1977.3334 -0.269186    
 1977.4166 -0.982761E-01
 1977.5000 -0.226349    
 1977.5834 -0.469053    
 1977.6666 -0.185320    
 1977.7500  0.124763    
 1977.8334  0.117414    
 1977.9166  0.188253    
 1978.0000  0.738544E-01
 1978.0834 -0.949192E-01
 1978.1666 -0.416508    
 1978.2500 -0.842051    
 1978.3334 -0.994585    
 1978.4166 -0.853886    
 1978.5000 -0.744698    
 1978.5834 -0.979574    
 1978.6666 -0.774500    
 1978.7500 -0.472425    
 1978.8334 -0.313736    
 1978.9166 -0.106367    
 1979.0000 -0.409416    
 1979.0834 -0.370470    
 1979.1666 -0.168571E-01
 1979.2500  0.151060    
 1979.3334  0.456257E-01
 1979.4166  0.158310E-02
 1979.5000 -0.156149    
 1979.5834  0.649052E-01
 1979.6666  0.525059    
 1979.7500  0.379944    
 1979.8334  0.455296    
 1979.9166  0.367783    
 1980.0000  0.383184    
 1980.0834  0.326309E-01
 1980.1666 -0.171236    
 1980.2500 -0.989990E-01
 1980.3334  0.167351E-01
 1980.4166  0.204144    
 1980.5000 -0.997086E-01
 1980.5834 -0.250395    
 1980.6666 -0.192181    
 1980.7500 -0.422855    
 1980.8334 -0.121826    
 1980.9166 -0.191669E-01
 1981.0000 -0.630957    
 1981.0834 -0.828409    
 1981.1666 -0.567207    
 1981.2500 -0.453850    
 1981.3334 -0.462576    
 1981.4166 -0.307587    
 1981.5000 -0.448708    
 1981.5834 -0.658215    
 1981.6666 -0.281500    
 1981.7500 -0.216215    
 1981.8334 -0.339985    
 1981.9166 -0.474472E-01
 1982.0000  0.201654    
 1982.0834 -0.341892E-01
 1982.1666 -0.464973E-01
 1982.2500  0.105640    
 1982.3334  0.446606    
 1982.4166  0.606163    
 1982.5000  0.473791    
 1982.5834  0.845346    
 1982.6666   1.63961    
 1982.7500   2.08910    
 1982.8334   2.35180    
 1982.9166   2.68373    
 1983.0000   2.67506    
 1983.0834   2.09133    
 1983.1666   1.56483    
 1983.2500   1.47457    
 1983.3334   1.65681    
 1983.4166   1.50019    
 1983.5000  0.943993    
 1983.5834  0.771965    
 1983.6666  0.224009    
 1983.7500 -0.382265    
 1983.8334 -0.773455    
 1983.9166 -0.631287    
 1984.0000 -0.483856    
 1984.0834 -0.837002E-01
 1984.1666 -0.171057    
 1984.2500 -0.384239    
 1984.3334 -0.803305    
 1984.4166 -0.975897    
 1984.5000 -0.627558    
 1984.5834 -0.396345    
 1984.6666 -0.394190    
 1984.7500 -0.690376    
 1984.8334 -0.937445    
 1984.9166  -1.18123    
 1985.0000  -1.15185    
 1985.0834 -0.785749    
 1985.1666 -0.788467    
 1985.2500 -0.942289    
 1985.3334 -0.890064    
 1985.4166 -0.846037    
 1985.5000 -0.901789    
 1985.5834 -0.848795    
 1985.6666 -0.873230    
 1985.7500 -0.776066    
 1985.8334 -0.680336    
 1985.9166 -0.737827    
 1986.0000 -0.875616    
 1986.0834 -0.518869    
 1986.1666 -0.302088    
 1986.2500 -0.295469    
 1986.3334 -0.561914    
 1986.4166 -0.375366    
 1986.5000 -0.844078E-01
 1986.5834  0.601463E-01
 1986.6666  0.184019    
 1986.7500  0.390135    
 1986.8334  0.641634    
 1986.9166  0.732504    
 1987.0000  0.900974    
 1987.0834  0.996441    
 1987.1666   1.03690    
 1987.2500  0.883820    
 1987.3334  0.846695    
 1987.4166  0.892834    
 1987.5000   1.16512    
 1987.5834   1.38739    
 1987.6666   1.53368    
 1987.7500   1.14709    
 1987.8334   1.00663    
 1987.9166  0.980333    
 1988.0000  0.711464    
 1988.0834  0.550098E-01
 1988.1666 -0.483074E-01
 1988.2500 -0.418749    
 1988.3334  -1.16504    
 1988.4166  -1.73973    
 1988.5000  -1.78754    
 1988.5834  -1.43629    
 1988.6666  -1.06841    
 1988.7500  -1.48442    
 1988.8334  -1.53125    
 1988.9166  -1.50907    
 1989.0000  -1.36470    
 1989.0834 -0.966589    
 1989.1666 -0.980738    
 1989.2500 -0.816660    
 1989.3334 -0.709845    
 1989.4166 -0.225506    
 1989.5000 -0.371378    
 1989.5834 -0.392754    
 1989.6666 -0.311590    
 1989.7500 -0.424946    
 1989.8334 -0.520706    
 1989.9166 -0.407787    
 1990.0000 -0.306637    
 1990.0834 -0.231686E-01
 1990.1666 -0.312347    
 1990.2500 -0.855103E-01
 1990.3334  0.152454    
 1990.4166  0.415039E-01
 1990.5000  0.843010E-01
 1990.5834  0.664063E-01
 1990.6666  0.849895E-01
 1990.7500 -0.122316    
 1990.8334 -0.169876    
 1990.9166 -0.742359E-01
 1991.0000  0.395737E-01
 1991.0834 -0.105530    
 1991.1666 -0.178316    
 1991.2500  0.356007E-01
 1991.3334  0.280754    
 1991.4166  0.654243    
 1991.5000  0.848732    
 1991.5834  0.586966    
 1991.6666  0.289629    
 1991.7500  0.573355    
 1991.8334  0.887045    
 1991.9166   1.10108    
 1992.0000   1.18297    
 1992.0834   1.03062    
 1992.1666  0.874283    
 1992.2500   1.05421    
 1992.3334   1.09788    
 1992.4166  0.662624    
 1992.5000  0.940018E-01
 1992.5834 -0.120144E-01
 1992.6666 -0.805111E-01
 1992.7500 -0.236567    
 1992.8334 -0.267906    
 1992.9166 -0.196636    
 1993.0000 -0.973358E-01
 1993.0834  0.327681    
 1993.1666  0.351683    
 1993.2500  0.820400    
 1993.3334   1.02139    
 1993.4166  0.490484    
 1993.5000  0.266472    
 1993.5834  0.130365    
 1993.6666  0.174049    
 1993.7500  0.159575    
 1993.8334  0.434837E-01
 1993.9166  0.787125E-01
 1994.0000  0.165813    
 1994.0834 -0.860100E-01
 1994.1666 -0.304716    
 1994.2500 -0.229090    
 1994.3334 -0.176048E-01
 1994.4166 -0.370598E-02
 1994.5000 -0.168928    
 1994.5834 -0.200603    
 1994.6666 -0.108181    
 1994.7500  0.421614    
 1994.8334  0.794525    
 1994.9166  0.801304    
 1995.0000  0.723434    
 1995.0834  0.373501    
 1995.1666 -0.546570E-01
 1995.2500 -0.278210    
 1995.3334 -0.481325    
 1995.4166 -0.273436    
 1995.5000 -0.315699    
 1995.5834 -0.774954    
 1995.6666 -0.964220    
 1995.7500 -0.899626    
 1995.8334 -0.960125    
 1995.9166 -0.935997    
 1996.0000 -0.769537    
 1996.0834 -0.692379    
 1996.1666 -0.431828    
 1996.2500 -0.616510    
 1996.3334 -0.578526    
 1996.4166 -0.579077    
 1996.5000 -0.420168    
 1996.5834 -0.344715    
 1996.6666 -0.451031    
 1996.7500 -0.536446    
 1996.8334 -0.543465    
 1996.9166 -0.928337    
 1997.0000 -0.826006    
 1997.0834 -0.709059    
 1997.1666 -0.377287    
 1997.2500 -0.867195E-01
 1997.3334  0.607355    
 1997.4166   1.38839    
 1997.5000   1.92938    
 1997.5834   2.35569    
 1997.6666   2.57510    
 1997.7500   2.88968    
 1997.8334   3.09879    
 1997.9166   3.08663    
 1998.0000   2.87255    
 1998.0834   2.27604    
 1998.1666   1.85640    
 1998.2500   1.62325    
 1998.3334   1.38772    
 1998.4166  0.481314    
 1998.5000 -0.101818    
 1998.5834 -0.471794    
 1998.6666 -0.839161    
 1998.7500 -0.756916    
 1998.8334 -0.598385    
 1998.9166 -0.907106    
 1999.0000  -1.05671    
 1999.0834 -0.736629    
 1999.1666 -0.405006    
 1999.2500 -0.664080    
 1999.3334 -0.713816    
 1999.4166 -0.817587    
 1999.5000 -0.705948    
 1999.5834 -0.791735    
 1999.6666  -1.00027    
 1999.7500  -1.22220    
 1999.8334  -1.39164    
 1999.9166  -1.45631    
 2000.0000  -1.56764    
 2000.0834  -1.03387    
 2000.1666 -0.483578    
 2000.2500 -0.206169    
 2000.3334 -0.403206    
 2000.4166 -0.569946    
 2000.5000 -0.585688    
 2000.5834 -0.548084    
 2000.6666 -0.432571    
 2000.7500 -0.493925    
 2000.8334 -0.622835    
 2000.9166 -0.576786    
 2001.0000 -0.420437    
 2001.0834 -0.232189    
 2001.1666  0.275230E-01
 2001.2500 -0.751400E-01
 2001.3334 -0.740757E-01
 2001.4166 -0.129717    
 2001.5000 -0.128109    
 2001.5834 -0.238924    
 2001.6666 -0.564201    
 2001.7500 -0.480976    
 2001.8334 -0.681406    
 2001.9166 -0.660187    
 2002.0000 -0.549095    
 2002.0834 -0.356220    
 2002.1666  0.654430E-01
 2002.2500  0.577297E-01
 2002.3334  0.296675    
 2002.4166  0.643574    
 2002.5000  0.538982    
 2002.5834  0.529696    
 2002.6666  0.741390    
 2002.7500  0.866014    
 2002.8334   1.15567    
 2002.9166   1.08926    
 2003.0000  0.633894    
 2003.0834  0.410700    
 2003.1666  0.207563    
 2003.2500 -0.354750    
 2003.3334 -0.701796    
 2003.4166 -0.331396    
 2003.5000  0.231012    
 2003.5834  0.224747    
 2003.6666  0.871391E-01
 2003.7500  0.339405    
 2003.8334  0.639885    
 2003.9166  0.679964    
 2004.0000  0.407574    
 2004.0834  0.301661    
 2004.1666  0.164164    
 2004.2500  0.723095E-01
 2004.3334 -0.221605    
 2004.4166 -0.852070E-01
 2004.5000  0.168362    
 2004.5834  0.236425    
 2004.6666  0.340130    
 2004.7500  0.454485    
 2004.8334  0.595074    
 2004.9166  0.652742    
 2005.0000  0.380995    
 2005.0834  0.235405E-01
 2005.1666  0.149504    
 2005.2500  0.250170    
 2005.3334  0.356646    
 2005.4166  0.256474    
 2005.5000  0.214802    
 2005.5834  0.191265    
 2005.6666 -0.117111    
 2005.7500 -0.243786    
 2005.8334 -0.887615    
 2005.9166  -1.03770    
 2006.0000 -0.767006    
 2006.0834 -0.160549    
 2006.1666 -0.221777    
 2006.2500 -0.163990    
 2006.3334  0.662956E-01
 2006.4166  0.112164    
 2006.5000  0.579815E-01
 2006.5834  0.388256    
 2006.6666  0.773579    
 2006.7500  0.930513    
 2006.8334   1.14435    
 2006.9166   1.14758    
 2007.0000  0.867914    
 2007.0834  0.121481    
 2007.1666 -0.207256    
 2007.2500 -0.368120    
 2007.3334 -0.615366    
 2007.4166 -0.523996    
 2007.5000 -0.600008    
 2007.5834 -0.913435    
 2007.6666  -1.05716    
 2007.7500  -1.10752    
 2007.8334  -1.19810    
 2007.9166  -1.24414    
 2008.0000  -1.24301    
 2008.0834  -1.03988    
 2008.1666 -0.603626    
 2008.2500 -0.339329    
 2008.3334 -0.202805    
 2008.4166 -0.129576    
 2008.5000  0.221161    
 2008.5834  0.384336    
 2008.6666  0.267090    
 2008.7500  0.184145    
 2008.8334 -0.548744E-01
 2008.9166 -0.436108    
 2009.0000 -0.489916    
 2009.0834 -0.384249    
 2009.1666 -0.392437    
 2009.2500 -0.169601E-01
 2009.3334  0.331156    
 2009.4166  0.598444    
 2009.5000  0.705421    
 2009.5834  0.769806    
 2009.6666  0.690289    
 2009.7500  0.717314    
 2009.8334  0.955444    
 2009.9166  0.994694    
 2010.0000  0.836393    
 2010.0834  0.769201    
 2010.1666  0.578783    
 2010.2500  0.417980    
 2010.3334  0.544949E-01
 2010.4166 -0.414707    
 2010.5000 -0.695778    
 2010.5834 -0.900234    
 2010.6666  -1.06126    
 2010.7500  -1.08790    
 2010.8334  -1.15504    
 2010.9166  -1.06043    
 2011.0000  -1.13666    
 2011.0834 -0.685789    
 2011.1666 -0.579767    
 2011.2500 -0.194330    
 2011.3334 -0.225876    
 2011.4166  0.275040E-01
 2011.5000 -0.752392E-01
 2011.5834 -0.320784    
 2011.6666 -0.579401    
 2011.7500 -0.888525    
 2011.8334 -0.868126    
 2011.9166 -0.760218    
 2012.0000 -0.404066    
 2012.0834 -0.125540    
 2012.1666  0.108433E-01
 2012.2500  0.725403E-01
 2012.3334  0.106405    
 2012.4166  0.258774    
 2012.5000  0.513351    
 2012.5834  0.477057    
 2012.6666  0.492260    
 2012.7500  0.207754    
 2012.8334  0.890446E-01
 2012.9166 -0.468006    
 2013.0000 -0.691345    
 2013.0834 -0.516499    
 2013.1666 -0.212656    
 2013.2500 -0.181879    
 2013.3334 -0.406256    
 2013.4166 -0.615705    
 2013.5000 -0.469337    
 2013.5834 -0.478893    
 2013.6666 -0.321011    
 2013.7500 -0.149546    
 2013.8334 -0.120726    
 2013.9166 -0.913563E-01
 2014.0000 -0.355967    
 2014.0834 -0.557440    
 2014.1666 -0.194597    
 2014.2500  0.432701E-01
 2014.3334  0.389145    
 2014.4166  0.486843    
 2014.5000  0.491102    
 2014.5834  0.182856    
 2014.6666  0.291090    
 2014.7500  0.609425    
 2014.8334  0.844414    
 2014.9166  0.711094    
 2015.0000  0.457073    
 2015.0834  0.132011    
 2015.1666  0.217672    
 2015.2500  0.619070    
 2015.3334  0.894964    
 2015.4166   1.23775    
 2015.5000   1.59027    
 2015.5834   1.82576    
 2015.6666   2.04524    
 2015.7500   2.25077    
 2015.8334   2.52960    
 2015.9166   2.47596    
 2016.0000   2.34002    
 2016.0834   2.04511    

