# ISTHERM [cm] from d20.nc
# cutting out region lon=  119.000  281.000, lat=   -5.000    5.000
 1960   13465.78       13216.05       12948.48       12579.37       12492.88       12385.86       12209.24       12034.99       12289.36       12743.70       13116.26       13528.48    
 1961   13491.87       13371.32       13028.46       12634.03       12051.32       11845.85       11857.31       11795.81       12002.28       12258.49       12946.89       13118.83    
 1962   13024.63       12923.26       12911.57       12658.60       12266.44       12204.73       12347.27       12675.10       12804.14       13060.76       13397.49       13618.63    
 1963   13704.40       13684.23       13451.11       13360.39       13282.09       13244.92       13217.27       13226.46       13253.73       13490.67       13757.03       13575.10    
 1964   13316.27       12756.57       11698.80       11640.25       11761.49       12008.27       12049.86       12087.48       12267.35       12716.22       13094.36       13506.13    
 1965   13827.44       13765.82       13412.03       13004.69       12421.38       12112.41       12052.97       12228.96       12355.36       12591.89       12695.41       12675.62    
 1966   12459.00       12240.28       11884.04       11613.01       11674.59       11970.58       12125.90       12042.14       12147.19       12534.26       12948.97       13099.75    
 1967   13040.71       12774.46       12147.19       12274.26       12441.63       12591.90       12360.68       12252.27       12672.62       12868.21       13336.60       13636.91    
 1968   13238.64       13094.81       12724.90       12603.32       12941.69       13238.88       12998.29       12850.26       13007.60       13496.19       13689.98       13733.87    
 1969   13548.01       13257.75       13202.81       12739.50       12287.28       11913.78       11775.36       12090.57       12242.04       12541.75       12694.40       12738.35    
 1970   12564.79       11823.64       11429.08       11127.04       10954.47       10945.02       11171.93       11531.27       11735.32       11971.97       12179.02       12518.01    
 1971   12878.85       12994.95       12891.21       12646.74       12502.46       12359.56       12454.32       12651.56       12629.63       12905.04       13330.31       13547.22    
 1972   13761.91       13747.07       13707.24       13729.14       13456.57       13299.94       13004.55       12968.72       13054.87       13376.71       13519.39       13227.55    
 1973   12509.07       11827.18       11054.69       10822.03       10987.60       11147.25       11234.05       11499.77       11673.49       12090.57       12432.08       12964.67    
 1974   13553.15       13442.12       13204.98       13199.59       13049.65       12664.78       12522.76       12411.48       12596.09       12770.58       13360.17       13798.14    
 1975   13622.03       13499.60       13086.08       12572.66       12232.82       12168.40       12255.21       12087.33       12053.25       12281.69       12911.00       13445.25    
 1976   13838.81       13938.91       13644.61       13356.14       13352.81       13273.18       12920.09       12849.51       12946.21       13077.56       13096.55       13215.28    
 1977   13090.14       12563.79       12124.72       11926.67       12024.77       12119.52       11820.31       11692.67       11997.28       12439.45       12755.96       13115.73    
 1978   13040.53       12424.03       12157.30       11815.50       11839.61       12033.42       12198.51       12182.08       12470.82       12909.41       13318.46       13531.60    
 1979   13450.70       13267.64       12550.70       11972.79       11921.12       12082.37       11928.61       12052.41       12464.28       12534.48       12840.42       13164.59    
 1980   12974.95       12632.88       12325.66       12291.68       12156.10       12051.52       11980.87       12057.57       12208.69       12564.25       12949.94       13194.77    
 1981   12932.37       12833.32       12821.59       12449.26       12178.20       11953.09       11927.44       12018.11       12342.71       12654.56       12763.88       12922.47    
 1982   13026.37       12956.98       12745.23       12667.59       12581.78       12389.48       12417.23       12604.83       12933.99       13373.98       13462.86       13117.84    
 1983   12302.46       11701.31       11643.30       11648.39       11223.74       10677.39       10209.74       9891.252       9761.100       9755.110       10186.93       10727.12    
 1984   11030.62       10767.31       10685.03       10645.98       10647.57       10701.07       11002.85       11030.49       11303.36       11471.19       11942.98       12057.34    
 1985   12002.56       11872.05       11815.69       11945.13       11881.15       11816.36       12097.33       12308.60       12165.27       12402.61       12824.08       12951.46    
 1986   12798.67       12510.55       12377.06       12172.41       12191.29       12331.71       12347.55       12426.60       12641.78       12994.90       12967.19       13098.85    
 1987   12827.05       12185.25       11914.49       11551.40       11315.57       11037.59       10962.22       10981.84       10909.84       11225.41       11398.78       11432.50    
 1988   11320.33       10835.33       10437.27       10212.06       10288.43       10579.53       10883.64       10918.12       11174.56       11251.92       11739.08       12255.99    
 1989   12428.20       12467.55       12448.19       12485.36       12434.39       12261.42       12173.72       12107.36       12383.19       12590.75       12803.38       13145.78    
 1990   13261.06       13197.96       12842.65       12302.26       11949.01       11788.00       11935.97       12099.68       12324.91       12611.12       12768.88       13174.48    
 1991   12951.58       12507.26       12265.94       12264.96       12396.56       12183.72       12257.69       12222.99       12453.85       13010.78       13054.17       13160.04    
 1992   12961.26       12613.20       11949.63       11518.73       11015.34       10698.87       10753.29       10893.29       11195.41       11566.79       12057.05       12459.05    
 1993   12207.19       12083.98       11898.94       11676.96       11287.36       10878.40       10631.50       10761.80       11307.31       11571.90       11839.53       11874.28    
 1994   11646.44       11372.08       11273.88       11290.96       11342.78       11229.60       11308.48       11455.83       11722.98       12204.35       12836.94       12582.43    
 1995   12105.54       11604.16       11158.00       10967.20       11031.89       11279.85       11283.26       11252.69       11265.28       11645.52       12125.21       12421.45    
 1996   12508.03       12252.79       12091.13       12011.88       11807.05       11847.00       11776.93       11818.26       11943.55       12279.31       12652.44       12873.86    
 1997   13224.66       13152.50       13092.63       13251.63       13100.24       13011.99       12744.61       12491.47       12672.50       12828.49       12832.86       12317.92    
 1998   11400.01       10817.01       10480.42       10208.79       9702.863       9394.336       9305.332       9400.987       9909.650       10125.45       10566.83       11007.75    
 1999   11207.28       11227.07       11243.14       11255.33       11304.62       11307.55       11206.84       11103.63       11224.17       11554.77       11819.39       11996.08    
 2000   12255.70       12140.11       12204.28       12146.17       12159.06       12100.08       11974.44       11891.80       11966.58       12210.81       12497.71       12572.96    
 2001   12613.54       12157.52       12139.97       12183.37       11781.84       11885.55       11984.47       11877.39       12192.61       12505.46       12892.57       13001.14    
 2002   13075.15       12787.69       12361.95       11935.66       11728.68       11886.80       12015.60       12312.99       12752.34       13051.81       13005.99       12643.44    
 2003   12023.85       11463.15       11371.17       11152.41       11024.79       11709.21       12094.25       12037.75       12133.64       12477.34       12932.38       12876.88    
 2004   12607.18       12255.15       11685.95       11699.07       11692.22       11776.49       12153.81       12120.79       12499.34       12754.15       13050.37       13063.50    
 2005   12719.60       12378.08       12379.28       11951.24       11742.58       11639.88       11660.37       11629.46       11840.33       12081.68       12236.75       12330.11    
 2006   12232.71       12095.38       11995.29       12065.52       12108.29       12109.19       11973.36       12174.81       12364.09       12538.55       12828.98       12592.69    
 2007   11735.80       11302.31       10940.91       11003.31       10978.76       11189.03       11017.69       11079.07       11381.62       11669.12       12190.95       12252.14    
 2008   12283.75       12202.34       12386.45       12515.27       12393.74       12249.55       11981.78       11727.47       11721.11       12083.13       12167.22       11884.78    
 2009   12010.19       11946.33       11816.77       12008.30       12153.64       12207.56       12124.64       12038.73       12237.00       12529.98       13062.25       13032.91    
 2010   12427.41       12151.45       11864.95       11345.02       10871.83       10854.96       11021.55       11047.24       11110.86       11353.67       11862.21       12099.00    
 2011   12282.31       12634.49       12676.93       12553.55       12340.59       12112.24       11912.47       11718.41       11606.51       11858.93       12367.48       12332.63    
 2012   12178.81       12168.06       12048.11       12121.45       12114.31       12075.09       11948.68       11862.12       11822.41       12115.88       12301.44       12261.94    
 2013   12065.49       11994.57       11879.01       11739.58       11647.50       11816.91       11903.49       11928.04       12138.78       12450.17       12786.63       12739.01    
 2014   12496.83       12498.29       12737.33       12580.17       12260.02       11782.98       11545.86       12148.80       12450.54       12688.54       13016.72       12807.55    
 2015   12621.49       12614.57       12635.07       12679.42       12463.07       12205.34       12175.88       12191.26       12320.29       12659.25       12790.79       12401.52    
 2016   11957.07       11287.74      -999.9000      -999.9000      -999.9000      -999.9000      -999.9000      -999.9000      -999.9000      -999.9000      -999.9000      -999.9000    
